run_ID,t1_initial,t2_initial,t3_initial,t4_initial,t5_initial,t6_initial,t7_initial,t8_initial,t9_initial,t10_initial,t11_initial,t12_initial,alpha,prior_cost_c,lambda,k,sample_amount,learning_parameter,generations,t1_final,t2_final,t3_final,t4_final,t5_final,t6_final,t7_final,t8_final,t9_final,t10_final,t11_final,t12_final
0,0.0219164780439,0.0604307558628,0.110722012715,0.0446019896656,0.148306422693,0.127754301649,0.115197243262,0.139708970923,0.0410567237159,0.0999932552591,0.0131518325213,0.0771600136877,17,15,4,20,3.22480250274e-07,2.61209002722e-09,3.22480250274e-07,2.87973077904e-06,3.23409578038e-06,2.44401838703e-06,3.22480250274e-07,2.61209002722e-09,3.22480250274e-07,0.192427044238,0.685242952909,0.122320149863
1,0.18238154319,0.13006070302,0.00947249091545,0.0773251731899,0.0232887748165,0.108157478771,0.181542146321,0.076703498356,0.0338175347887,0.128921299566,0.000921467338852,0.0474078897278,17,15,4,20,0.000221997730509,1.79818161712e-06,0.000221997730509,0.0607830928958,0.0119275282608,0.00140319329222,0.000221997730509,1.79818161712e-06,0.000221997730509,0.177848944094,0.633976828016,0.113168826156
2,0.0174555421043,0.0105311710496,0.04644752525,0.0252917771273,0.0586291418296,0.13870421308,0.121680145089,0.0588543014656,0.241847634179,0.0448501347527,0.00411738786375,0.231591026209,17,15,4,20,9.89816155195e-06,8.01751085708e-08,9.89816155195e-06,4.52866396136e-05,0.000676452582278,1.83652915785e-05,9.89816155195e-06,8.01751085708e-08,9.89816155195e-06,0.192246358419,0.684742897266,0.122230886805
3,0.00323792865385,0.0140498214586,0.0981150101827,0.0859912771731,0.196804658435,0.00696548700758,0.0708002216031,0.096646674092,0.250334070438,0.0815438681896,0.00998684877173,0.0855241339943,17,15,4,20,3.39453597103e-07,2.74957413654e-09,3.39453597103e-07,1.07011893537e-05,2.44157652871e-06,1.71779862638e-06,3.39453597103e-07,2.74957413654e-09,3.39453597103e-07,0.192195485586,0.685434031882,0.122354258654
4,0.0795294626615,0.110572418162,0.015622048555,0.210964516149,0.0424652018865,0.00682625992616,0.0542714296568,0.0862022014698,0.0890228075997,0.101763204674,0.169681115994,0.0330793332666,17,15,4,20,7.05500955892e-06,5.71455774273e-08,7.05500955892e-06,1.10505345354e-05,0.000144514300337,8.10543570468e-06,7.05500955892e-06,5.71455774273e-08,7.05500955892e-06,0.192390866185,0.685119089708,0.122298039507
5,0.154636538602,0.154284631169,0.034023410439,0.0930487883608,0.00536908409977,0.111722519055,0.107507157937,0.0134129139453,0.0167106381489,0.0578685711472,0.197084523699,0.0543312233965,17,15,4,20,0.00025469944255,2.06306548465e-06,0.00025469944255,0.0063653279905,0.0024290432554,0.00113503444969,0.00025469944255,2.06306548465e-06,0.00025469944255,0.19037131993,0.677702261209,0.120974089265
6,0.0248848270468,0.0203022622448,0.186518927451,0.100723131745,0.230858702267,0.0665522806488,0.0589268827899,0.00758195879305,0.150231782515,0.0707232589514,0.0731391476823,0.00955683786483,17,15,4,20,0.000595192842227,4.82106202204e-06,0.000595192842227,0.0427779145642,0.012555988934,0.00311871543951,0.000595192842227,4.82106202204e-06,0.000595192842227,0.18073681012,0.643543602292,0.114876555157
7,0.0468156515,0.113473955508,0.12918669021,0.00901295568598,0.0161633742609,0.0232257279377,0.0797405070261,0.366579444452,0.0252158251085,0.0475313581551,0.0157467989928,0.127307711163,17,15,4,20,1.86686799939e-05,1.51216307951e-07,1.86686799939e-05,8.92318025622e-05,0.000479650387307,5.41065516253e-05,1.86686799939e-05,1.51216307951e-07,1.86686799939e-05,0.192318481166,0.684751186462,0.122232366478
8,0.126735730014,0.0293334272312,0.0473109706553,0.0837990976603,0.109198714595,0.100863643863,0.139907691158,0.174975112523,0.0490527103925,0.017311158067,0.00249216988922,0.119019573951,17,15,4,20,3.94499341706e-06,3.19544466782e-08,3.94499341706e-06,0.000197679519782,0.000166283931072,1.4742898148e-05,3.94499341706e-06,3.19544466782e-08,3.94499341706e-06,0.192273430418,0.685046871283,0.122285148067
9,0.0399913727855,0.122442123963,0.211388308104,0.0323868166771,0.0412512153141,0.0496422180438,0.0552208687286,0.0240903974174,0.133398297711,0.12745702825,0.00725688462388,0.155474468381,17,15,4,20,3.26641736329e-05,2.64579806426e-07,3.26641736329e-05,0.00664605915277,0.000609708105868,0.00027012677686,3.26641736329e-05,2.64579806426e-07,3.26641736329e-05,0.190809503153,0.680126572903,0.121406844054
10,0.078621657035,0.111463809412,0.00867611754367,0.0236905524399,0.084455347449,0.0809151498621,0.153176483848,0.0481391093516,0.0225843003913,0.049611437287,0.105769400765,0.232896634616,17,15,4,20,3.2832354289e-06,2.65942069741e-08,3.2832354289e-06,0.000245574478117,8.60631534307e-05,6.92984337827e-05,3.2832354289e-06,2.65942069741e-08,3.2832354289e-06,0.192252319648,0.685048177009,0.122285381147
11,0.292217109053,0.172093407495,0.085478700218,0.00326640640436,0.0927565127095,0.128276045576,0.00526830636674,0.0610561362374,0.00576440048045,0.0597560370854,0.016440050062,0.077626888312,17,15,4,20,0.000141544927966,1.14651391652e-06,0.000141544927966,0.00905391977937,0.00242797320223,0.0022721129088,0.000141544927966,1.14651391652e-06,0.000141544927966,0.189400969907,0.675665955495,0.120610595968
12,0.133601948859,0.0423905055529,0.224013574234,0.101826020721,0.0535251236652,0.0447536331387,0.00465603054241,0.00659171228847,0.145767482834,0.0129251835849,0.112364491011,0.117584293569,17,15,4,20,0.000265788527603,2.15288707359e-06,0.000265788527603,0.0103162671569,0.00370228198872,0.00322390522398,0.000265788527603,2.15288707359e-06,0.000265788527603,0.188750563135,0.67283438048,0.120105142131
13,0.114384043568,0.0179192405852,0.154591603834,0.0488984650671,0.085716290521,0.0660382293606,0.134109655105,0.207614038369,0.000460993908451,0.125400948851,0.0254639838456,0.0194025069854,17,15,4,20,0.000165929387404,1.34402803797e-06,0.000165929387404,0.0027652053412,0.00354991310258,0.000787965084966,0.000165929387404,1.34402803797e-06,0.000165929387404,0.190905566155,0.679949677577,0.121375267133
14,0.0807422682873,0.0582995252285,0.05193620405,0.307640065606,0.00325281326118,0.0110576305879,0.0720223484466,0.371234276626,0.00308538388048,0.00519250883338,0.022715937006,0.0128210381865,17,15,4,20,5.24740033183e-07,4.25039426878e-09,5.24740033183e-07,6.41681060093e-05,1.01203348965e-05,5.76325240401e-06,5.24740033183e-07,4.25039426878e-09,5.24740033183e-07,0.192469550222,0.685145531154,0.12230275947
15,0.118706549653,0.00233137132168,0.106040635041,0.0172663121023,0.0145186227124,0.0402392321184,0.0767657578283,0.0420529686858,0.0996825697314,0.274099467056,0.167429254535,0.0408672592153,17,15,4,20,7.43443816916e-08,6.02189491702e-10,7.43443816916e-08,3.33755724529e-06,6.22785841448e-07,1.54704861466e-06,7.43443816916e-08,6.02189491702e-10,7.43443816916e-08,0.192414585009,0.685256958983,0.122322650034
16,0.174406079305,0.0734238757778,0.153607537403,0.0836336555325,0.0532191245047,0.164071332836,0.00427525776356,0.0857710343916,0.0548221739474,0.0734543557093,0.0368553739766,0.0424601988525,17,15,4,20,3.49107682894e-06,2.82777223144e-08,3.49107682894e-06,3.25166263642e-05,3.01473931886e-05,6.45317455637e-06,3.49107682894e-06,2.82777223144e-08,3.49107682894e-06,0.192380540525,0.68522022808,0.122316093339
17,0.193062991784,0.0737384181828,0.0136936477762,0.0183914095976,0.0618544414126,0.0350197107058,0.0667288314236,0.309688071483,0.0989307695567,0.0321725316659,0.029498982991,0.0672201934208,17,15,4,20,0.000481223871828,3.89791336181e-06,0.000481223871828,0.0154386384858,0.0201791059559,0.00149566597364,0.000481223871828,3.89791336181e-06,0.000481223871828,0.184845261413,0.65855283912,0.117555797738
18,0.0589497092493,0.128403214358,0.00305969754109,0.13685833492,0.10648959562,0.0305335221213,0.00717006599141,0.0179360508612,0.223387511642,0.136201989247,0.031534319808,0.11947598864,17,15,4,20,0.000254251504209,2.05943718409e-06,0.000254251504209,0.0206353981771,0.00174622998054,0.00509138606036,0.000254251504209,2.05943718409e-06,0.000254251504209,0.186994670971,0.665682672383,0.118828517537
19,0.0730452984641,0.0205272068923,0.00272612919463,0.173231994576,0.00717128396346,0.290799985025,0.000949467030827,0.27877003805,0.0645269541231,0.008271482489,0.0574417805992,0.0225383795932,17,15,4,20,1.16778345426e-05,9.45904597951e-08,1.16778345426e-05,7.1897250559e-05,0.000481712161405,7.1847089522e-05,1.16778345426e-05,9.45904597951e-08,1.16778345426e-05,0.192189826728,0.684882083783,0.122255732468
20,0.0179401279981,0.0463765841209,0.0462813392649,0.0992315396047,0.044092037517,0.0965283256174,0.065510100142,0.00198784054865,0.0830626334649,0.38988663639,0.0676200757183,0.041482759613,17,15,4,20,2.52862028521e-05,2.04818243102e-07,2.52862028521e-05,0.00263065630516,0.000472386187893,0.000162702940109,2.52862028521e-05,2.04818243102e-07,2.52862028521e-05,0.191446293354,0.683226250828,0.121960155937
21,0.00599743226279,0.129232866717,0.0245904998604,0.145414438488,0.0393091297841,0.0553020132355,0.154403687421,0.0317636147122,0.211683810752,0.0102753991008,0.0735042700565,0.11852283761,17,15,4,20,0.000312494865481,2.5312084104e-06,0.000312494865481,0.0225956616766,0.00859458405204,0.00272503742331,0.000312494865481,2.5312084104e-06,0.000312494865481,0.185634108544,0.661172196944,0.118023369481
22,0.0201451471184,0.11554422274,0.151265921846,0.00179891909715,0.0188110089106,0.00150702377157,0.081431558753,0.0400929809099,0.0473734106906,0.297802709083,0.0817250591262,0.142502037953,17,15,4,20,4.98304689523e-05,4.03626798513e-07,4.98304689523e-05,0.00472267175498,0.000314314058838,0.00114971922018,4.98304689523e-05,4.03626798513e-07,4.98304689523e-05,0.191042175344,0.681006987016,0.121564003476
23,0.133798249398,0.0574901933812,0.115205253008,0.0302988876442,0.223064057372,0.114394806842,0.0568789265516,0.152746317284,0.0406068632071,0.0495488664254,0.0120108719298,0.0139567069571,17,15,4,20,5.74771647727e-06,4.65565034659e-08,5.74771647727e-06,3.82834358422e-05,4.26915919272e-05,3.30242900968e-05,5.74771647727e-06,4.65565034659e-08,5.74771647727e-06,0.192396301421,0.685161080208,0.122305535074
24,0.0193768565789,0.0863615032051,0.122622664009,0.0288273963997,0.0781523291196,0.0321370370064,0.12570626793,0.114399389329,0.0859988563634,0.111911093231,0.0862767771887,0.108229829639,17,15,4,20,2.79629363302e-06,2.26499784274e-08,2.79629363302e-06,4.01674596267e-05,5.2672763988e-05,2.45334370774e-05,2.79629363302e-06,2.26499784274e-08,2.79629363302e-06,0.192399228166,0.68516579161,0.122306376089
25,0.032276267233,0.0042981829492,0.0216009982146,0.304334558914,0.215064240878,0.0657323460254,0.0378867289219,0.105470160746,0.100449260405,0.0795622466857,0.0262274958168,0.00709751321096,17,15,4,20,0.00053153454036,4.30542977691e-06,0.00053153454036,0.0191787953971,0.017782638652,0.00678667691892,0.00053153454036,4.30542977691e-06,0.00053153454036,0.183519317617,0.653876737942,0.116721084452
26,0.0769677166778,0.0115992037322,0.10476174106,0.142545740926,0.053006681788,0.153883679462,0.00927751896044,0.0818365476529,0.13461282094,0.0249885198576,0.0857745288245,0.120745300118,17,15,4,20,1.72296315885e-06,1.39560015867e-08,1.72296315885e-06,3.92195860999e-06,1.16751781166e-05,1.11794418066e-06,1.72296315885e-06,1.39560015867e-08,1.72296315885e-06,0.192423799795,0.68523401158,0.12231855378
27,0.285582212108,0.186182506775,0.00969209687421,0.116853886955,0.0262241446639,0.0694898777827,0.0119239496962,0.110286799235,0.0368323912848,0.0552263111488,0.0860730935696,0.0056327299055,17,15,4,20,0.000479410375053,3.88322403793e-06,0.000479410375053,0.00546524588502,0.00803887923753,0.00287524622131,0.000479410375053,3.88322403793e-06,0.000479410375053,0.188835125679,0.672766983653,0.120093111376
28,0.14300961843,0.0167278487302,0.0823919935966,0.0950945704888,0.0412332109464,0.193128720691,0.0184986771794,0.0554664741061,0.22210800781,0.0565807961008,0.0347147389624,0.0410453429582,17,15,4,20,0.000370203326413,2.99864694394e-06,0.000370203326413,0.0834693533097,0.00564620892614,0.00891702834296,0.000370203326413,2.99864694394e-06,0.000370203326413,0.172924659514,0.617354332493,0.110201606815
29,0.0344539609636,0.0411767925459,0.0328156884601,0.0214187427506,0.0923402984124,0.0128989644274,0.00777626659711,0.0708863169097,0.130605900703,0.0761339538903,0.381080977585,0.0984121367543,17,15,4,20,3.96313594391e-05,3.21014011457e-07,3.96313594391e-05,0.000349104275503,0.000189533814531,0.000329895604077,3.96313594391e-05,3.21014011457e-07,3.96313594391e-05,0.192185311213,0.684584394548,0.122202593079
30,0.0642584727204,0.112109676333,0.17287217288,0.0531947395671,0.0908166352507,0.137988319601,0.0230436245618,0.0688841198151,0.0298269677765,0.0584529881763,0.0277875450061,0.160764738311,17,15,4,20,1.26076314519e-06,1.0212181476e-08,1.26076314519e-06,1.09929283771e-05,1.48161510236e-05,2.89050746502e-06,1.26076314519e-06,1.0212181476e-08,1.26076314519e-06,0.192495359491,0.685164696789,0.122306180656
31,0.0962815650503,0.162137709723,0.0533467891046,0.00718417585642,0.0184245669324,0.0562243878738,0.228254569458,0.0177185044966,0.0708865574936,0.0128911706443,0.271075943376,0.00557405999174,17,15,4,20,0.000111926516163,9.06604780917e-07,0.000111926516163,0.0079656760149,0.00426540210028,0.000949584382199,0.000111926516163,9.06604780917e-07,0.000111926516163,0.18952342978,0.676149480284,0.120696908165
32,0.234265864419,0.0267303639783,0.0428016776808,0.0372024423753,0.0104897940432,0.014266865953,0.00157017606476,0.0816935163199,0.240477489933,0.218351359033,0.00730516064189,0.0848452895579,17,15,4,20,1.10160229956e-05,8.92297862644e-08,1.10160229956e-05,1.92996175289e-05,0.000224774837166,1.12483042774e-05,1.10160229956e-05,8.92297862644e-08,1.10160229956e-05,0.192197960184,0.685191507899,0.122310966607
33,0.055491282959,0.0726454033038,0.178450957863,0.12913831503,0.0446093798609,0.0197772993656,0.0673646419154,0.0591638399572,0.0662154946192,0.141947013652,0.04600832548,0.119188045995,17,15,4,20,1.62595039675e-05,1.31701982136e-07,1.62595039675e-05,0.000336483216505,0.000407012003035,0.000122626371205,1.62595039675e-05,1.31701982136e-07,1.62595039675e-05,0.192174209964,0.68467550938,0.122218857646
34,0.0496268582292,0.0424408707699,0.0196228050434,0.200679047259,0.189499616212,0.0699587880673,0.036785597467,0.072087104261,0.0766764807792,0.153806731862,0.0623624140628,0.0264536859862,17,15,4,20,2.34176114442e-06,1.89682652698e-08,2.34176114442e-06,3.87250918772e-05,1.37738384278e-05,4.1074629161e-05,2.34176114442e-06,1.89682652698e-08,2.34176114442e-06,0.192343534207,0.685234793835,0.122318693417
35,0.0468722075777,0.0748277125999,0.00119929091685,0.041646080341,0.0467178218078,0.0757279340853,0.165822922295,0.0726235899248,0.0160768698243,0.165537544465,0.112302360541,0.180645665622,17,15,4,20,3.80713024125e-06,3.08377549541e-08,3.80713024125e-06,1.47505562024e-05,7.5646770842e-05,2.68880409851e-06,3.80713024125e-06,3.08377549541e-08,3.80713024125e-06,0.192406643827,0.685176663123,0.122308316722
36,0.0453016989516,0.138112376322,0.144566831535,0.110087442907,0.0383710840497,0.0675451212139,0.0928785560541,0.123696048355,0.0422206407256,0.160108423446,0.0117368231822,0.0253749532567,17,15,4,20,0.000304734523067,2.46834963684e-06,0.000304734523067,0.00672544421233,0.00775045062819,0.000344607859472,0.000304734523067,2.46834963684e-06,0.000304734523067,0.189341673592,0.674255184405,0.120358764511
37,0.0209582407596,0.0151304409566,0.108183260154,0.039920552203,0.171802462682,0.0559679848768,0.0432292354575,0.017753881958,0.107244801209,0.068648484279,0.158703743629,0.192456911836,17,15,4,20,6.66643919271e-05,5.3998157461e-07,6.66643919271e-05,0.0145100207193,0.000661771760171,0.00133307789507,6.66643919271e-05,5.3998157461e-07,6.66643919271e-05,0.189116837459,0.673828038362,0.120282516273
38,0.00973693464552,0.121049276719,0.380745230993,0.0183945917651,0.0771424102072,0.0137667778464,0.037204858227,0.16004044193,0.0195803659317,0.0899967520235,0.0171638016336,0.0551785580775,17,15,4,20,0.000190408822399,1.54231146143e-06,0.000190408822399,0.00679832018331,0.0129937264406,0.000715568636277,0.000190408822399,1.54231146143e-06,0.000190408822399,0.188335722763,0.670672677438,0.119719264627
39,0.157628839772,0.0755033016018,0.0597136781374,0.00491015497365,0.221379339026,0.0264997253389,0.037596669044,0.0241960393049,0.0874045878786,0.164690093716,0.0256005889884,0.114876982219,17,15,4,20,0.000130485975821,1.05693640415e-06,0.000130485975821,0.00854241863705,0.00415830352232,0.000872704619789,0.000130485975821,1.05693640415e-06,0.000130485975821,0.189765885156,0.675547227933,0.120589402356
40,0.047696068124,0.0239846795858,0.0796182268105,0.0108580330366,0.0763526639956,0.0923944198566,0.14427929628,0.00447480178995,0.143112405753,0.140103496694,0.20308763577,0.0340382723051,17,15,4,20,3.89609194112e-05,3.15583447231e-07,3.89609194112e-05,0.0025667027583,0.00193397003995,0.000748622959898,3.89609194112e-05,3.15583447231e-07,3.89609194112e-05,0.191303343573,0.68161784108,0.121673044744
41,0.0961310833352,0.254984889516,0.12902087884,0.152106242884,0.0902885331701,0.00591387987402,0.111986240498,0.0601211675146,0.0348027927386,0.0248892665015,0.0150560518444,0.0246989732839,17,15,4,20,0.000993915004188,8.05071153393e-06,0.000993915004188,0.111242985056,0.0485362441375,0.00812744592423,0.000993915004188,8.05071153393e-06,0.000993915004188,0.159349635669,0.567457260216,0.101294667557
42,0.0150803351186,0.0454038941571,0.0290970201567,0.00787168758928,0.13457243563,0.0762219635105,0.269766553885,0.0712606374823,0.144517275439,0.0104449409659,0.160335427051,0.0354278290145,17,15,4,20,6.6418076141e-05,5.37986416742e-07,6.6418076141e-05,0.0236008446589,0.00322976856862,0.000387693000333,6.6418076141e-05,5.37986416742e-07,6.6418076141e-05,0.187150291639,0.666406863651,0.118957790205
43,0.01707755745,0.00449710649277,0.18863578586,0.0112402704415,0.129623331354,0.0922933545516,0.0608536029513,0.124825979018,0.00600982470913,0.189227427339,0.056257424493,0.119458335339,17,15,4,20,7.12393545757e-05,5.77038772064e-07,7.12393545757e-05,0.00578529266549,0.00348212561932,0.000385231248328,7.12393545757e-05,5.77038772064e-07,7.12393545757e-05,0.190431408909,0.678511318936,0.121118511126
44,0.0405307136247,0.00769126663712,0.36185621991,0.0260262007514,0.0246424598184,0.184397288613,0.0575737810266,0.0179152866388,0.00207529335943,0.123661600605,0.0519532361357,0.101676652879,17,15,4,20,4.17346720245e-06,3.38050843398e-08,4.17346720245e-06,1.49593308911e-05,0.000281438749069,3.15959841357e-06,4.17346720245e-06,3.38050843398e-08,4.17346720245e-06,0.192219812127,0.685158749659,0.122305119056
45,0.180739127503,0.00522999152315,0.0832191119836,0.141985610613,0.0872051475376,0.057562448548,0.009335167678,0.100276196294,0.0553061702784,0.231095520535,0.0171153452736,0.0309301622326,17,15,4,20,7.22962455793e-06,5.85599589193e-08,7.22962455793e-06,5.825222833e-05,0.00021344085856,2.05065578794e-05,7.22962455793e-06,5.85599589193e-08,7.22962455793e-06,0.192412146529,0.684991376336,0.122275241872
46,0.229998047277,0.0531122186198,0.188702409929,0.00461304162908,0.0512784325897,0.142594834959,0.100667453921,0.0146030707739,0.0130970194195,0.0373009914604,0.115512306357,0.0485201730639,17,15,4,20,6.31039101932e-05,5.11141672565e-07,6.31039101932e-05,0.00247354106863,0.00794833986928,0.000256658420704,6.31039101932e-05,5.11141672565e-07,6.31039101932e-05,0.190264507714,0.677810164353,0.120993350651
47,0.0651884888344,0.0434060655111,0.284899446867,0.121153366625,0.0873574241744,0.0170421403423,0.00807904827144,0.0757947487991,0.0195116296405,0.0493928059029,0.170459172134,0.0577156628973,17,15,4,20,0.00025130404569,2.03556277009e-06,0.00025130404569,0.0228022230002,0.00242804680167,0.00212823906634,0.00025130404569,2.03556277009e-06,0.00025130404569,0.18681666839,0.665940919222,0.118874616212
48,0.0215820117919,0.0526314625442,0.123838548927,0.00493158288491,0.0240670221669,0.376929367528,0.19767183344,0.11270288074,0.0602666541389,0.000579199438376,0.0068079989956,0.0179914374035,17,15,4,20,0.00554648075234,4.4926494094e-05,0.00554648075234,0.103078627633,0.145377767377,0.020414764541,0.00554648075234,4.4926494094e-05,0.00554648075234,0.136448856173,0.48570315879,0.0867010494888
49,0.0470208286747,0.0117814186707,0.0500409346098,0.13591308456,0.138284197079,0.283066091136,0.144526246142,0.0474268177921,0.00325518048779,0.0639302324155,0.0216890392581,0.0530659291748,17,15,4,20,8.33609677262e-08,6.75223838582e-10,8.33609677262e-08,5.16152579053e-06,3.88925870771e-06,8.64897184583e-08,8.33609677262e-08,6.75223838582e-10,8.33609677262e-08,0.192394014286,0.685271303097,0.122325210548
50,0.21935665432,0.00111751020192,0.208834726467,0.0586366450907,0.054029287523,0.135957451328,0.197021730278,0.0138411025579,0.00520692681864,0.0722755017041,0.0259628329782,0.00775963073228,17,15,4,20,0.00105240882541,8.52451148582e-06,0.00105240882541,0.0507437276714,0.010819103634,0.0173884929491,0.00105240882541,8.52451148582e-06,0.00105240882541,0.176380984123,0.628287722104,0.112153285194
51,0.0109673506165,0.0302928045286,0.0184016990135,0.00769855675094,0.272476160772,0.0806787888467,0.0062467087848,0.0900007071233,0.236607230908,0.0398722745413,0.102808411578,0.103949306536,17,15,4,20,0.000259657347223,2.1032245125e-06,0.000259657347223,0.0283033641729,0.00732754626358,0.0014477927186,0.000259657347223,2.1032245125e-06,0.000259657347223,0.185088756396,0.659130746749,0.117658957862
52,0.192203786668,0.301019915046,0.0385377715965,0.117778357871,0.122507974632,0.0846178726491,0.0408521345398,0.0599201698305,0.0117777867188,0.0101540745428,0.0174855742755,0.00314458163095,17,15,4,20,5.62970388874e-06,4.56006014988e-08,5.62970388874e-06,8.27373708861e-05,3.57435127845e-05,7.74016941018e-05,5.62970388874e-06,4.56006014988e-08,5.62970388874e-06,0.192425996676,0.685066804465,0.122288706265
53,0.0304491819872,0.0534590402937,0.143872149481,0.0885706812514,0.0773198014336,0.0505819813347,0.140036283299,0.248542078242,0.0568595032816,0.0379703187873,0.0170844649941,0.0552545156143,17,15,4,20,0.000905241723551,7.33245796076e-06,0.000905241723551,0.118704674115,0.0162332102628,0.00436019996019,0.000905241723551,7.33245796076e-06,0.000905241723551,0.164870013044,0.587350530222,0.104845740585
54,0.0537415181008,0.0300882615048,0.111874305122,0.080145826926,0.188949238618,0.0637267790659,0.0685211325948,0.032749289854,0.186562396963,0.0702110073479,0.1021624457,0.0112677982029,17,15,4,20,0.000195621443034,1.58453368858e-06,0.000195621443034,0.0109210961993,0.0117659076078,0.000533494593923,0.000195621443034,1.58453368858e-06,0.000195621443034,0.187796805888,0.668810234033,0.119386806839
55,0.058948643486,0.00879326034412,0.0398970302976,0.114113253838,0.112500088262,0.133326896336,0.0256061379296,0.0933520831722,0.117931370941,0.0834917016147,0.0777391512304,0.134300382549,17,15,4,20,0.000196187143343,1.58911586108e-06,0.000196187143343,0.0256934980036,0.00251703336897,0.00245604634604,0.000196187143343,1.58911586108e-06,0.000196187143343,0.186358665838,0.663710378828,0.118476450811
56,0.0390773150461,0.0312732640218,0.100729351246,0.246873558483,0.0255254779242,0.0333586029212,0.00409157631071,0.0787952822257,0.0416214229938,0.0632071816277,0.196190422062,0.139256545138,17,15,4,20,8.10693178313e-05,6.56661474433e-07,8.10693178313e-05,0.00132155780882,0.00197175973876,0.000278011770711,8.10693178313e-05,6.56661474433e-07,8.10693178313e-05,0.191729329827,0.682536685962,0.121837064298
57,0.138510272023,0.262132438697,0.0485587710676,0.020897125267,0.105006164256,0.122221324883,0.0272489926027,0.101665816635,0.0266547666485,0.0265072849708,0.0870842549037,0.0335127880459,17,15,4,20,0.000298922558453,2.42127272347e-06,0.000298922558453,0.0556865174988,0.00737895014059,0.00926825081961,0.000298922558453,2.42127272347e-06,0.000298922558453,0.178221561426,0.634908968311,0.113335219025
58,0.0775906763959,0.0643452617613,0.0401906673071,0.106350472713,0.103494338781,0.220276736633,0.0477197374468,0.0397630681219,0.0649527553924,0.210744146686,0.00874035229068,0.0158317864707,17,15,4,20,0.000189424821937,1.53434105769e-06,0.000189424821937,0.010638500379,0.00722186378241,0.00124806054639,0.000189424821937,1.53434105769e-06,0.000189424821937,0.18849533321,0.671727853894,0.119907620219
59,0.0811984549328,0.029023383536,0.109140500776,0.0255138585502,0.0977061216155,0.122881051013,0.0750621858412,0.215628966132,0.00926510133765,0.0131227094613,0.090148014553,0.13130965225,17,15,4,20,0.000187504134945,1.51878349305e-06,0.000187504134945,0.0113381284649,0.00532692460785,0.000595888910471,0.000187504134945,1.51878349305e-06,0.000187504134945,0.188890897024,0.672966398681,0.120128708205
60,0.00848565532971,0.0862084833936,0.00348547031814,0.0562886151133,0.185227688529,0.143128779773,0.0703019576552,0.112648791667,0.00556236616355,0.0557313959667,0.0580904337065,0.214840362384,17,15,4,20,0.00020339071171,1.64746476485e-06,0.00020339071171,0.0208226554098,0.00454963888993,0.000891319178195,0.00020339071171,1.64746476485e-06,0.00020339071171,0.187266774894,0.666651325652,0.1190014282
61,0.0925816560819,0.290484744179,0.0161122269269,0.194356537134,0.0249874024183,0.0112001691748,0.0166247796303,0.105754546669,0.0799766244194,0.050287671179,0.101173427831,0.0164602143566,17,15,4,20,8.29132685445e-05,6.71597475211e-07,8.29132685445e-05,0.00623526505203,0.00789490243002,0.000674460816682,8.29132685445e-05,6.71597475211e-07,8.29132685445e-05,0.189404156252,0.674971574551,0.12048664463
62,0.0128876556246,0.000976335015424,0.0671079588549,0.260890514708,0.00918413012075,0.257682142229,0.0860118298078,0.0686640963533,0.0117339183175,0.00823376582955,0.103005631992,0.113622021147,17,15,4,20,3.28916734181e-07,2.66422554687e-09,3.28916734181e-07,6.97559508668e-06,2.15209484281e-06,1.58618498259e-06,3.28916734181e-07,2.66422554687e-09,3.28916734181e-07,0.192339860877,0.685315079367,0.122333024886
63,0.142000003152,0.188485845297,0.0607417770879,0.304032154394,0.128010777072,0.0195883368378,0.0429649081766,0.00220538306485,0.0386781342572,0.0325987745429,0.00180678400796,0.0388871221102,17,15,4,20,3.29362330336e-07,2.66783487572e-09,3.29362330336e-07,6.02547502019e-06,4.17638903264e-06,5.71746632967e-07,3.29362330336e-07,2.66783487572e-09,3.29362330336e-07,0.192154370894,0.685472421305,0.122361111406
64,0.160568632323,0.0841335110807,0.127802775958,0.0450312992101,0.0317821590147,0.0431679999332,0.0934785477277,0.00175727282947,0.0380010514675,0.18841655928,0.0936754655222,0.0921847256538,17,15,4,20,9.24182778975e-05,7.4858805097e-07,9.24182778975e-05,0.00717256635093,0.00205607098945,0.00102429110344,9.24182778975e-05,7.4858805097e-07,9.24182778975e-05,0.19039585736,0.677959954738,0.12102008917
65,0.031829216016,0.0775126677113,0.0607681956602,0.320629156904,0.0234591203655,0.0155096922614,0.210465923935,0.0389620040844,0.000599491923059,0.0121853396109,0.170325066546,0.0377541249827,17,15,4,20,0.000407947514791,3.30437486981e-06,0.000407947514791,0.0403778370315,0.00598319659525,0.00357261929323,0.000407947514791,3.30437486981e-06,0.000407947514791,0.182492279308,0.649920752616,0.116014916347
66,0.0130032733742,0.0660339517355,0.0437913529787,0.025774064235,0.0740295164242,0.102907173656,0.0188383562304,0.0713187296041,0.0849399621569,0.29250862153,0.184788792605,0.0220662054699,17,15,4,20,1.27741731092e-06,1.03470802185e-08,1.27741731092e-06,6.81212052354e-06,9.83192819179e-06,3.87536923508e-06,1.27741731092e-06,1.03470802185e-08,1.27741731092e-06,0.192350247053,0.685294713681,0.122329389484
67,0.0837327797523,0.111846119358,0.100451387396,0.058816847478,0.0461938617997,0.0462246554817,0.012904713999,0.11393263576,0.0607454873985,0.0470667424139,0.0246263443972,0.293458424766,17,15,4,20,3.66957416967e-07,2.97235507743e-09,3.66957416967e-07,1.37512431261e-05,7.29334944707e-06,1.73752048763e-06,3.66957416967e-07,2.97235507743e-09,3.66957416967e-07,0.192485941483,0.68518075541,0.12230904722
68,0.0609062785473,0.0261239301314,0.0517393170118,0.00290974319326,0.0246415006412,0.167591974978,0.00175003452523,0.0579863875818,0.262955303996,0.0526387676252,0.0222280796811,0.268528682088,17,15,4,20,2.47044478067e-05,2.00106027234e-07,2.47044478067e-05,0.00348421022351,0.000339944256375,0.000298557571164,2.47044478067e-05,2.00106027234e-07,2.47044478067e-05,0.191518317853,0.682439954894,0.121819797198
69,0.0804105572072,0.0627619641885,0.211356224532,0.133296040782,0.0498286716002,0.213884544789,0.0419337306283,0.0479917852796,0.000585849315161,0.0389552455619,0.047371355235,0.0716240308809,17,15,4,20,0.00035869088281,2.90539615076e-06,0.00035869088281,0.0486322966783,0.014231980114,0.0019976609058,0.00035869088281,2.90539615076e-06,0.00035869088281,0.179670321428,0.639816009928,0.114211156622
70,0.00561700100211,0.0181235325023,0.0985085710868,0.303444687969,0.0471548229893,0.0814109359758,0.140164490214,0.00996906373405,0.0772159334864,0.0892357893943,0.115655180551,0.0134999910942,17,15,4,20,1.2643990339e-06,1.02416321746e-08,1.2643990339e-06,9.41851493299e-06,3.05495266328e-05,2.57453738297e-06,1.2643990339e-06,1.02416321746e-08,1.2643990339e-06,0.192345374518,0.685280205195,0.122326799629
71,0.137864537281,0.251431244924,0.0576197625351,0.0263135943227,0.0238643360275,0.021593067527,0.0543364029065,0.0569074161251,0.072779090498,0.121271262464,0.165427735073,0.0105915503166,17,15,4,20,0.000161254621508,1.30616243421e-06,0.000161254621508,0.00808483508058,0.00175363093801,0.00308970611346,0.000161254621508,1.30616243421e-06,0.000161254621508,0.189866245514,0.675904732404,0.120653219139
72,0.0128702206941,0.166105864428,0.0189196717793,0.0364434571004,0.0864151810602,0.136135578335,0.146018337468,0.0888895567584,0.170542677436,0.0583138395773,0.0633470748611,0.0159985405031,17,15,4,20,0.000413216565965,3.34705418432e-06,0.000413216565965,0.035000439812,0.0193313146441,0.00180097078858,0.000413216565965,3.34705418432e-06,0.000413216565965,0.181378081673,0.645588118612,0.115241514098
73,0.106569542841,0.000143583876992,0.308649297914,0.0856810697724,0.134197091278,0.0334412174441,0.159755197106,0.0594116178971,0.0031238641731,0.0454555800422,0.0410106840316,0.022561253624,17,15,4,20,8.86780985134e-06,7.18292597958e-08,8.86780985134e-06,6.01126932076e-05,3.50047559589e-05,4.49228149462e-05,8.86780985134e-06,7.18292597958e-08,8.86780985134e-06,0.192302300546,0.685208113484,0.122313930808
74,0.0633618248082,0.0151993662299,0.0512919974513,0.124449727742,0.218329382382,0.149248338883,0.00158266956849,0.0855181505292,0.0245715644672,0.165170794242,0.0577987033227,0.0434774803733,17,15,4,20,1.23643450173e-06,1.0015119464e-08,1.23643450173e-06,8.2281527686e-06,2.65746490053e-06,7.90657405403e-06,1.23643450173e-06,1.0015119464e-08,1.23643450173e-06,0.192486690052,0.685180542732,0.122309009256
75,0.0486536189921,0.267310023838,0.012036530542,0.00972578631026,0.0573857474871,0.109804924729,0.172357219894,0.0333099553322,0.0929711295353,0.0112582992782,0.0581603792295,0.127026384831,17,15,4,20,0.000203268449379,1.64647443997e-06,0.000203268449379,0.00107220157218,0.00387233672088,0.000605675297663,0.000203268449379,1.64647443997e-06,0.000203268449379,0.191215253773,0.680877310485,0.121540855405
76,0.136961900885,0.0617117831754,0.0544823556638,0.00666889998538,0.0143547699041,0.298084699299,0.00785684211628,0.0184425114807,0.010074850274,0.266717774765,0.052949721501,0.0716938909497,17,15,4,20,1.55304383001e-06,1.25796550231e-08,1.55304383001e-06,1.67178181403e-05,4.95231456531e-05,3.69619854549e-06,1.55304383001e-06,1.25796550231e-08,1.55304383001e-06,0.192399165975,0.685210332596,0.122314326933
77,0.0113807956084,0.0671671467694,0.0583578969665,0.0458021842116,0.193791274671,0.0241926494339,0.0595812495239,0.154756691784,0.0353537368175,0.0398415748626,0.164374943436,0.145399855916,17,15,4,20,0.000141884038374,1.14926071083e-06,0.000141884038374,0.00404458464177,0.00253047564559,0.000925253351144,0.000141884038374,1.14926071083e-06,0.000141884038374,0.190876167377,0.679719504508,0.121334179802
78,0.00890529398709,0.092751744796,0.016646398336,0.0557041087062,0.0421878457899,0.0413173497031,0.246594656955,0.000693971753328,0.164204653985,0.167230414168,0.0122197699581,0.151543791863,17,15,4,20,0.00012840137067,1.04005110243e-06,0.00012840137067,0.00755611639732,0.00250477767662,0.000831423947849,0.00012840137067,1.04005110243e-06,0.00012840137067,0.190063760574,0.677576581218,0.120951654601
79,0.025006243955,0.0641254125484,0.0996961464096,0.0566076165149,0.0431015041592,0.0993748332917,0.14661663738,0.0502864267302,0.0982762272833,0.200936487612,0.000195553290556,0.115776910825,17,15,4,20,4.41848090904e-06,3.57896953632e-08,4.41848090904e-06,3.31123292685e-05,0.000132870524195,1.05991010979e-05,4.41848090904e-06,3.57896953632e-08,4.41848090904e-06,0.192314717609,0.685181733176,0.122309221758
80,0.0609546023304,0.0364928751925,0.225653308023,0.0311683732354,0.0177366770531,0.131500582159,0.115149954094,0.070469210753,0.0221083119723,0.0702744825075,0.00736715622797,0.211124466451,17,15,4,20,3.81263588541e-06,3.08823506718e-08,3.81263588541e-06,3.2592709507e-05,0.000154860674622,5.27437758804e-06,3.81263588541e-06,3.08823506718e-08,3.81263588541e-06,0.192299099025,0.685183350454,0.122309510452
81,0.0046694703879,0.0868453283326,0.011582856462,0.039484343656,0.012919994102,0.196465309146,0.229713195537,0.104310808239,0.0519334318944,0.111370033578,0.123304935697,0.0274002929688,17,15,4,20,0.00030872381038,2.50066286408e-06,0.00030872381038,0.0180141632846,0.00620682387565,0.00146233825675,0.00030872381038,2.50066286408e-06,0.00030872381038,0.187235643748,0.66681117242,0.119029961847
82,0.127516269964,0.107813636327,0.0327600216858,0.0163706347092,0.0123068470682,0.174156621876,0.00688129222145,0.038799995343,0.0671619389207,0.192483466078,0.183543564807,0.0402057110001,17,15,4,20,7.60471126325e-07,6.15981612324e-09,7.60471126325e-07,8.29485657026e-06,3.14263191803e-06,7.40724726926e-06,7.60471126325e-07,6.15981612324e-09,7.60471126325e-07,0.19247392703,0.685192949999,0.122311224031
83,0.00608738280714,0.0174486985512,0.0533400047193,0.0567532355194,0.154377124223,0.0912609744513,0.0840012999598,0.0258887953307,0.373335813345,0.0788520822303,0.0163371797649,0.0423174090982,17,15,4,20,0.000309505690052,2.50699608942e-06,0.000309505690052,0.0306258494112,0.0154815028746,0.00359994038004,0.000309505690052,2.50699608942e-06,0.000309505690052,0.182635285068,0.650326958821,0.116087426693
84,0.0533239792289,0.212530300298,0.0622674980408,0.14705452893,0.14981376633,0.00653544198647,0.239553657598,0.0488180766102,0.0342451487839,0.0246985230897,0.00832904115871,0.0128300379451,17,15,4,20,0.00170377757017,1.38005983184e-05,0.00170377757017,0.0838450699156,0.071704416535,0.0095607775499,0.00170377757017,1.38005983184e-05,0.00170377757017,0.159218279997,0.567522441672,0.101306302854
85,0.0506918464227,0.0068877897711,0.0484191702923,0.0750384029429,0.0692955464285,0.0768815033431,0.0424292925142,0.12771833326,0.0154971825311,0.406796365355,0.0722072197817,0.00813734735727,17,15,4,20,5.27669545508e-07,4.27412331862e-09,5.27669545508e-07,6.3973985681e-06,1.8357646725e-05,2.32998253646e-06,5.27669545508e-07,4.27412331862e-09,5.27669545508e-07,0.192485721591,0.685176743148,0.122308331007
86,0.093459545955,0.0136979548707,0.126050112521,0.0598540151423,0.0279989817675,0.101823405555,0.0736518751074,0.158418841648,0.251185692741,0.000290429086036,0.0182263289949,0.0753428166106,17,15,4,20,0.000815023104683,6.60168714794e-06,0.000815023104683,0.137802164531,0.0165679921494,0.00932002950794,0.000815023104683,6.60168714794e-06,0.000815023104683,0.160226260105,0.570900882294,0.10190937562
87,0.102214000211,0.0872827779148,0.0341723847618,0.0381474480211,0.0364286188778,0.0499254807878,0.119330500099,0.00229718035095,0.245377684882,0.134841929829,0.0589503110526,0.0910316832126,17,15,4,20,0.000135063903508,1.09401761841e-06,0.000135063903508,0.0208425137729,0.00440134845006,0.00127404038792,0.000135063903508,1.09401761841e-06,0.000135063903508,0.187283334872,0.666654350682,0.119001968186
88,0.109195399923,0.0658822339315,0.0621901855381,0.0468041640648,0.305819296964,0.165849495492,0.043871059697,0.0191742114147,0.0226330386015,0.0301410177741,0.0502117309806,0.0782281656188,17,15,4,20,1.56884681875e-06,1.27076592319e-08,1.56884681875e-06,1.03239422042e-05,1.68724330486e-05,8.35883847124e-06,1.56884681875e-06,1.27076592319e-08,1.56884681875e-06,0.192390737442,0.685246604795,0.122320801747
89,0.0357974098142,0.057331094271,0.0252107579767,0.0919957376463,0.00235937155899,0.0485595357363,0.0591836409423,0.105116719053,0.202110775916,0.103933795063,0.135834786243,0.13256637578,17,15,4,20,7.61232280152e-05,6.16598146923e-07,7.61232280152e-05,0.0164140930346,0.00368413044378,0.000306134384839,7.61232280152e-05,6.16598146923e-07,7.61232280152e-05,0.18845423511,0.671049203955,0.119786476963
90,0.0226683465673,0.179520013042,0.310011032045,0.0834555331754,0.0240483573854,0.00507104596964,0.0958180036281,0.0612234725056,0.0444676268626,0.00903493305418,0.129924826766,0.0347568089992,17,15,4,20,0.000288909575884,2.34016756466e-06,0.000288909575884,0.00277971365141,0.0046174069923,0.00204550174835,0.000288909575884,2.34016756466e-06,0.000288909575884,0.19039998247,0.677974407433,0.121022669067
91,0.0748408370833,0.156005836384,0.115879695758,0.0424485595882,0.00686251102816,0.204580806659,0.0161536433075,0.157651801795,0.0885888544344,0.00876358941279,0.0325777749942,0.0956460895563,17,15,4,20,0.000556701874513,4.50928518356e-06,0.000556701874513,0.0148026983239,0.0066479167838,0.00919281098043,0.000556701874513,4.50928518356e-06,0.000556701874513,0.18600435308,0.662802080823,0.11831431394
92,0.000181364621673,0.160888756846,0.0362249594299,0.219671920686,0.0531548933169,0.0476352091544,0.0301611686892,0.0799352073414,0.255629054931,0.0227421440472,0.0664834349075,0.0272918860288,17,15,4,20,1.91907465495e-06,1.55445047051e-08,1.91907465495e-06,2.54881618556e-05,4.33070266666e-05,1.98044748788e-05,1.91907465495e-06,1.55445047051e-08,1.91907465495e-06,0.192307163991,0.68527131609,0.122325212868
93,0.105178517917,0.0171295600873,0.129241578098,0.0324703131661,0.183762398433,0.0160644725912,0.0303981132183,0.170647180814,0.113895633566,0.0841479460961,0.0326361063583,0.0844281796547,17,15,4,20,0.000169989277392,1.37691314688e-06,0.000169989277392,0.00727736315888,0.00846877124285,0.000831486821189,0.000169989277392,1.37691314688e-06,0.000169989277392,0.188939641992,0.673564544821,0.120235481029
94,0.155687470361,0.0506606698666,0.0176473218823,0.121300135055,0.0512286778248,0.0709632078014,0.001701544279,0.00796213939995,0.248131049407,0.0262070366911,0.110507689827,0.138003057604,17,15,4,20,0.000172804434722,1.39971592125e-06,0.000172804434722,0.00790905908444,0.00277450657264,0.00326614121295,0.000172804434722,1.39971592125e-06,0.000172804434722,0.189622322466,0.675205543876,0.120528409617
95,0.0206159797564,0.00561103912368,0.117626884195,0.138041614318,0.044775999516,0.0566187449482,0.164802495622,0.0168944132357,0.111367004707,0.139577764431,0.129147813078,0.0549202470691,17,15,4,20,3.42225880773e-05,2.77202963426e-07,3.42225880773e-05,0.00111260822398,0.000660238643436,0.000320846130242,3.42225880773e-05,2.77202963426e-07,3.42225880773e-05,0.192024751582,0.683699480306,0.122044630356
96,0.00703656953152,0.078486214807,0.11564151505,0.327280204837,0.0355075734733,0.12548686149,0.0583471777678,0.0500258504976,0.0204398787237,0.0801532778945,0.0859110343169,0.0156838416111,17,15,4,20,0.000413985408609,3.35328180974e-06,0.000413985408609,0.0268273516189,0.013395036463,0.00177560997079,0.000413985408609,3.35328180974e-06,0.000413985408609,0.183945113208,0.65540105582,0.116993184721
97,0.221756808619,0.00806361287226,0.110000525366,0.00277356804461,0.0112077695882,0.276284102898,0.0726367069907,0.110179938302,0.012069168564,0.0466370796878,0.0855479947672,0.0428427243006,17,15,4,20,0.000251993068353,2.04114385366e-06,0.000251993068353,0.0118779971723,0.0121392904388,0.00078799192883,0.000251993068353,2.04114385366e-06,0.000251993068353,0.187318068378,0.667679613512,0.119184984009
98,0.00757682225939,0.0675556043955,0.0446172472471,0.167668494994,0.0476628186148,0.234624970375,0.160976147155,0.0188509907358,0.097195104447,0.0447907184468,0.0660212515317,0.0424598297974,17,15,4,20,4.38786607743e-06,3.55417152271e-08,4.38786607743e-06,2.01042959414e-05,4.37014178961e-05,2.97091990814e-05,4.38786607743e-06,3.55417152271e-08,4.38786607743e-06,0.192482345904,0.685110084597,0.122296432039
99,0.0300640023768,0.0382782233811,0.012234370743,0.0749517726055,0.168053337548,0.017319393821,0.120060371107,0.151211238846,0.0215894015346,0.0993420796491,0.136056375195,0.130839433192,17,15,4,20,6.43704927246e-05,5.2140099107e-07,6.43704927246e-05,0.00225458966208,0.000800922875069,0.00226920212881,6.43704927246e-05,5.2140099107e-07,6.43704927246e-05,0.191109022088,0.681632141088,0.121675597385
100,0.0108000006417,0.074487498048,0.00156336850063,0.0802516578904,0.10918322881,0.0272036584036,0.0493514992195,0.22827075101,0.0524017622735,0.127139216958,0.140253694589,0.0990936636559,17,15,4,20,0.000202711071799,1.64195968157e-06,0.000202711071799,0.0090921115542,0.00131750941906,0.00225404087715,0.000202711071799,1.64195968157e-06,0.000202711071799,0.189580571974,0.676230302529,0.120711335441
101,0.0340126662053,0.0711366265355,0.0105624823359,0.00248199659911,0.0396792373193,0.035104141474,0.504174267869,0.0675199451657,0.104458329784,0.0499323783307,0.0399729496437,0.0409649787377,17,15,4,20,0.000463183326716,3.7517849464e-06,0.000463183326716,0.00550226824722,0.013004715878,0.00270852909795,0.000463183326716,3.7517849464e-06,0.000463183326716,0.187988692969,0.669436888375,0.119498668556
102,0.101869569362,0.0100272735112,0.278919205525,0.0272951691055,0.200960835039,0.0690218937307,0.000335137005516,0.044044325606,0.0774756500227,0.0778147101418,0.0980890079257,0.0141472230251,17,15,4,20,0.000180379705696,1.46107561614e-06,0.000180379705696,0.0152924827153,0.00860246972313,0.00344967440035,0.000180379705696,1.46107561614e-06,0.000180379705696,0.186873142519,0.666146479638,0.118911310031
103,0.11558250499,0.0168799269505,0.311351912995,0.0477547268526,0.0160591602636,0.0042137094812,0.032461213248,0.066928828597,0.180128643424,0.034794458939,0.140779458502,0.0330654557561,17,15,4,20,8.85316367876e-05,7.17106257979e-07,8.85316367876e-05,0.000534780597935,0.00341232341752,0.00121014982242,8.85316367876e-05,7.17106257979e-07,8.85316367876e-05,0.19125640123,0.681566842919,0.121663941254
104,0.210580817291,0.0619262028224,0.030762226599,0.0259233742975,0.0505457323095,0.0767373894404,0.00809784456256,0.00906037583693,0.314756287561,0.0428117680751,0.154941266834,0.0138567143709,17,15,4,20,1.51019504125e-05,1.22325798341e-07,1.51019504125e-05,0.000160738210584,0.000503754327829,1.0300885202e-05,1.51019504125e-05,1.22325798341e-07,1.51019504125e-05,0.192260838322,0.68476829529,0.122235420511
105,0.00365880073072,0.0715734486436,0.162438840024,0.0118628198504,0.0665009125276,0.0367591993731,0.191842509904,0.128764126483,0.0141779826442,0.0442248213968,0.152521705157,0.115674833267,17,15,4,20,0.000136653823158,1.10689596758e-06,0.000136653823158,0.022598310438,0.0036215447243,0.000839377221015,0.000136653823158,1.10689596758e-06,0.000136653823158,0.186935129548,0.666485060206,0.118971748778
106,0.0317307201838,0.0613086053361,0.0131435438837,0.122924397058,0.0668687530116,0.0240407779969,0.369738947805,0.144076900417,0.024846406353,0.0422489180482,0.0719432606846,0.0271287692214,17,15,4,20,5.18800269135e-06,4.20228217999e-08,5.18800269135e-06,0.000126602822553,8.47882503063e-05,0.000100302850741,5.18800269135e-06,4.20228217999e-08,5.18800269135e-06,0.192386521002,0.685003536484,0.122277412534
107,0.024171522748,0.0709037494453,0.00733640579536,0.0812674868456,0.00681667958207,0.0264180302418,0.269149236581,0.146760248643,0.0571292719704,0.060492448599,0.233039112528,0.0165158070208,17,15,4,20,7.18489668343e-07,5.81976631357e-09,7.18489668343e-07,1.74704066217e-05,4.3405095512e-05,8.49424378865e-07,7.18489668343e-07,5.81976631357e-09,7.18489668343e-07,0.192312891465,0.685293351656,0.122329146354
108,0.0483998446823,0.0350794966682,0.0194223859377,0.0393439419451,0.00967002431892,0.181785066093,0.19233829777,0.0454435815976,0.0079337221745,0.183786913809,0.111841412561,0.124955312442,17,15,4,20,3.67597758752e-05,2.97754184589e-07,3.67597758752e-05,0.00223432967683,0.00138250453144,0.0004409756651,3.67597758752e-05,2.97754184589e-07,3.67597758752e-05,0.191619864446,0.682367777913,0.121806913156
109,0.0175965962304,0.00606950962624,0.101281944409,0.0900137328718,0.112118958632,0.0256196870997,0.203416054461,0.120556363897,0.0885559851714,0.0514499734998,0.0903994248184,0.0929217692831,17,15,4,20,3.41943432667e-06,2.7697418046e-08,3.41943432667e-06,8.14649763563e-05,9.03564613856e-05,1.87210361938e-05,3.41943432667e-06,2.7697418046e-08,3.41943432667e-06,0.192307794931,0.685179165968,0.122308763495
110,0.0814950196342,0.168702805057,0.0429082550378,0.128268217227,0.0351288657929,0.0411189921655,0.132866038798,0.0527836696609,0.0317886458156,0.112455242398,0.0294039849479,0.143080263464,17,15,4,20,0.000240847445864,1.95086431149e-06,0.000240847445864,0.0166135638898,0.00439872686426,0.0018456958446,0.000240847445864,1.95086431149e-06,0.000240847445864,0.187592053213,0.669137451478,0.119445217198
111,0.0180300072729,0.0467809910435,0.0460599557913,0.0301026598261,0.0453377555547,0.138643751363,0.0941180520666,0.410491493211,0.00609049346166,0.0355439338516,0.0815837498611,0.0472171566957,17,15,4,20,0.000503368296861,4.07728320458e-06,0.000503368296861,0.0163837785901,0.0079463992659,0.00503711821025,0.000503368296861,4.07728320458e-06,0.000503368296861,0.186149511675,0.663943500091,0.118518064413
112,0.0571386740002,0.00244108644267,0.0593336963386,0.0710968729524,0.0398669632219,0.313432312795,0.0996099603449,0.118901075595,0.0670965071384,0.00291495616347,0.0848538179788,0.0833140770284,17,15,4,20,0.000165606292461,1.34141096893e-06,0.000165606292461,0.0133862710107,0.00548183910098,0.000673510447124,0.000165606292461,1.34141096893e-06,0.000165606292461,0.188447495416,0.671482035868,0.119863740165
113,0.172531168854,0.0259250059763,0.0082419096892,0.0584838700396,0.0446346962591,0.00797847544743,0.0713137811621,0.0903432890535,0.140382125381,0.225029158787,0.0876328706987,0.0675036486524,17,15,4,20,3.24850823475e-06,2.63129167015e-08,3.24850823475e-06,1.45397054136e-05,0.000106530166178,4.95241087851e-06,3.24850823475e-06,2.63129167015e-08,3.24850823475e-06,0.192367233367,0.685184060493,0.122309637198
114,0.014937681164,0.158037756632,0.0410924298826,0.119906947234,0.015256569259,0.101770444964,0.287096551559,0.0628336233001,0.0778075646153,0.0756271210681,0.00278431523252,0.0428489950894,17,15,4,20,5.03326441511e-06,4.07694417624e-08,5.03326441511e-06,8.82449659559e-05,0.000183230393829,2.15014627602e-05,5.03326441511e-06,4.07694417624e-08,5.03326441511e-06,0.192422189406,0.684989680092,0.122274939082
115,0.129625749001,0.187552061279,0.0184354865767,0.0674138020002,0.124753238294,0.211757300671,0.06183054527,0.0304674575084,0.107668296063,0.00936664499454,0.0327400487456,0.0183893695964,17,15,4,20,0.00221094771959,1.79086765287e-05,0.00221094771959,0.0158532917797,0.0319657540202,0.0102002597888,0.00221094771959,1.79086765287e-05,0.00221094771959,0.179539140911,0.639421254888,0.11414069038
116,0.19893984018,0.000713090909076,0.0721900051081,0.0143496959149,0.129247236318,0.0045229561114,0.0871927771991,0.147063647854,0.00502435164043,0.0326951199704,0.265639285873,0.042421992922,17,15,4,20,4.41593875106e-06,3.57691038836e-08,4.41593875106e-06,4.37112925874e-05,9.52928830714e-05,9.853070699e-06,4.41593875106e-06,3.57691038836e-08,4.41593875106e-06,0.192403233404,0.685130158671,0.122300015386
117,0.0491270970372,0.0312456099898,0.0102773918451,0.0944174916223,0.0473525121056,0.10403968962,0.439184485307,0.0186099594998,0.0971790084747,0.0222563442589,0.0805659324054,0.00574447783458,17,15,4,20,0.000265548626043,2.15094387095e-06,0.000265548626043,0.0103169127641,0.024306574332,0.00208652105997,0.000265548626043,2.15094387095e-06,0.000265548626043,0.185206240248,0.659323830658,0.117693424546
118,0.0671464191727,0.185690582833,0.0747036121555,0.0231374770069,0.014833995815,0.0425462944722,0.0819405271019,0.00316594879146,0.00495769448161,0.234510526639,0.198379968107,0.0689869534244,17,15,4,20,2.48421563063e-05,2.01221466081e-07,2.48421563063e-05,0.00375963556998,0.000828688184966,0.000209400834311,2.48421563063e-05,2.01221466081e-07,2.48421563063e-05,0.191530323463,0.681856528873,0.121715652007
119,0.367754510073,0.0971926038003,0.0128390309937,0.00152483671642,0.0942371071512,0.100121763583,0.0139825766256,0.076633067402,0.0864062428074,0.0886420972426,0.00669234933348,0.0539738142709,17,15,4,20,0.00024045992506,1.94772539299e-06,0.00024045992506,0.0189960083897,0.0182123601465,0.000390967682033,0.00024045992506,1.94772539299e-06,0.00024045992506,0.184980845776,0.658845961025,0.11760812183
120,0.00302031517392,0.0406698671291,0.147324310944,0.0889497274941,0.212200838024,0.134383254521,0.0152726622782,0.134687387151,0.016247703716,0.0776626275627,0.0720042929844,0.0575770130205,17,15,4,20,0.000497172861066,4.02710017463e-06,0.000497172861066,0.0208192655172,0.00383687194051,0.00524532202244,0.000497172861066,4.02710017463e-06,0.000497172861066,0.186110516825,0.663544447092,0.118446830959
121,0.0109583451863,0.00678959040933,0.0275100862455,0.0266357238286,0.0165549383011,0.0602419584121,0.296920561399,0.0222457090642,0.132659709872,0.319673672974,0.0765914684437,0.00321823586491,17,15,4,20,8.70260291941e-05,7.04910836472e-07,8.70260291941e-05,0.00476799210415,0.00156296393786,0.000909147880941,8.70260291941e-05,7.04910836472e-07,8.70260291941e-05,0.190907470527,0.680100688148,0.121402223464
122,0.143827106886,0.294311919441,0.0267299926107,0.108350039782,0.000118619386269,0.0576442299627,0.0646998074439,0.0663052442627,0.0182302725027,0.117230061176,0.0279862625273,0.0745664440189,17,15,4,20,0.000160498758105,1.30003994065e-06,0.000160498758105,0.00788713586721,0.00867711580353,0.000614191998125,0.000160498758105,1.30003994065e-06,0.000160498758105,0.189010474486,0.67302696675,0.120139519983
123,0.00879325321172,0.00439460691963,0.0228803350266,0.0728822141468,0.0565420087208,0.0857224835196,0.250300561381,0.146381630848,0.0139635538145,0.173231338359,0.0205895963814,0.144318417671,17,15,4,20,6.9200895449e-07,5.60527253137e-09,6.9200895449e-07,5.37879389512e-06,1.1221256505e-06,1.04564547748e-05,6.9200895449e-07,5.60527253137e-09,6.9200895449e-07,0.192424478355,0.685236743568,0.122319041456
124,0.07630258713,0.00963317135808,0.022531145599,0.0491198286067,0.159582623136,0.00806313638013,0.106991545529,0.221916637573,0.103274533726,0.14010762021,0.0144757865048,0.088001384247,17,15,4,20,0.000187168222585,1.51606260294e-06,0.000187168222585,0.00887232101576,0.00253540154613,0.00323800394505,0.000187168222585,1.51606260294e-06,0.000187168222585,0.18945327429,0.674709441878,0.120439852309
125,0.0849502191606,0.00159728850823,0.199962775807,0.104822272972,0.00804886686452,0.0767573178979,0.0565038240742,0.260139144423,0.0275965988665,0.0299607529231,0.0442584690871,0.105402469416,17,15,4,20,1.34361729961e-05,1.08833001268e-07,1.34361729961e-05,0.000192626667415,0.000186554449767,2.85897992529e-05,1.34361729961e-05,1.08833001268e-07,1.34361729961e-05,0.192223088911,0.685032580705,0.122282597109
126,0.0704426762943,0.231076991333,0.017696689913,0.00549763677486,0.0720363611027,0.184635701845,0.116105001626,0.0941665927384,0.0567004937554,0.038010774519,0.00803725817872,0.105593821919,17,15,4,20,0.000217187714339,1.75922048614e-06,0.000217187714339,0.0171277272708,0.00871860680028,0.00822653124915,0.000217187714339,1.75922048614e-06,0.000217187714339,0.185621436445,0.661374030843,0.118059398093
127,0.081842539744,0.0956202074661,0.0206876628506,0.0872520025501,0.0655741028469,0.191700891832,0.0270185942218,0.0229491229797,0.0234626773819,0.127299297873,0.203762732654,0.0528301675995,17,15,4,20,9.08202756524e-05,7.35644232784e-07,9.08202756524e-05,0.0132853614449,0.00305367933292,0.00141538555849,9.08202756524e-05,7.35644232784e-07,9.08202756524e-05,0.188929529258,0.672844367194,0.120106924821
128,0.00330305184761,0.100719527538,0.204628029616,0.00904472008354,0.212329579989,0.0231506510487,0.0331629605567,0.137898751433,0.0362829987686,0.0471839562511,0.124722666106,0.0675731067624,17,15,4,20,0.000198796187386,1.61024911783e-06,0.000198796187386,0.00464095395781,0.00455847443471,0.000144972381359,0.000198796187386,1.61024911783e-06,0.000198796187386,0.190431660074,0.678337967155,0.12108756675
129,0.0823463060696,0.114552520942,0.0816071751496,0.0408891701635,0.0106981113499,0.149780652147,0.0773547649268,0.104455585765,0.124842058622,0.0148253158488,0.161389852966,0.0372584860499,17,15,4,20,4.3860441324e-06,3.55269574725e-08,4.3860441324e-06,4.51923214271e-05,6.24999906693e-05,5.9120235781e-05,4.3860441324e-06,3.55269574725e-08,4.3860441324e-06,0.192216051015,0.685273855109,0.122325666098
130,0.201236898892,0.174605687889,0.136303724462,0.0168512771605,0.0717870857207,0.108981797023,0.0236897356284,0.172365617664,0.0168541592763,0.0283485911184,0.0403629561944,0.00861246897035,17,15,4,20,3.29210274497e-05,2.66660322343e-07,3.29210274497e-05,4.13339880791e-05,0.000684501713853,6.46072906323e-05,3.29210274497e-05,2.66660322343e-07,3.29210274497e-05,0.192322252925,0.684557325557,0.122197761095
131,0.0341723457777,0.139379908993,0.00622721810827,0.0844105948404,0.108384494801,0.134513004016,0.0339756242602,0.136882296215,0.11442508117,0.0222803771451,0.0687805369282,0.116568517745,17,15,4,20,1.26877295265e-05,1.02770609165e-07,1.26877295265e-05,9.59603992273e-05,0.000321928606749,2.03804980964e-05,1.26877295265e-05,1.02770609165e-07,1.26877295265e-05,0.192337215172,0.684912412526,0.122261146339
132,0.103917461111,0.0312722851541,0.0815442682342,0.0429490493603,0.0398014645289,0.0590435552063,0.0254653252062,0.0302629295369,0.0631461406759,0.223151028997,0.179890415902,0.119556076087,17,15,4,20,3.22504268615e-07,2.61228457578e-09,3.22504268615e-07,1.2391811533e-05,3.40345802717e-06,5.07661981812e-06,3.22504268615e-07,2.61228457578e-09,3.22504268615e-07,0.192245387883,0.685386645159,0.122345799827
133,0.109101688202,0.0354352851674,0.0366616462559,0.0196364302009,0.0236686096519,0.0118127981462,0.0041197090736,0.123417984377,0.170169667655,0.163855621023,0.0585403126829,0.243580247563,17,15,4,20,3.15029597815e-05,2.5517397423e-07,3.15029597815e-05,0.00136839432977,0.00153382645247,0.000193340650954,3.15029597815e-05,2.5517397423e-07,3.15029597815e-05,0.191723373336,0.68311436027,0.121940182773
134,0.0549691614101,0.12032360762,0.0391137026014,0.00741043041018,0.266533048774,0.0354239752738,0.0224225244306,0.00574437909609,0.250245367029,0.0402343793757,0.108532141462,0.0490472825173,17,15,4,20,0.000146325134121,1.18523358638e-06,0.000146325134121,0.00289147226156,0.00529341816368,0.000682414070362,0.000146325134121,1.18523358638e-06,0.000146325134121,0.190659502986,0.678728281259,0.121157240256
135,0.198630617724,0.104702200568,0.0406895914101,0.0250304350943,0.172495840932,0.0670693546548,0.135135385587,0.0750707274847,0.0419066831791,0.00511862663694,0.0568505925865,0.077299944142,17,15,4,20,0.00101212432587,8.19820703951e-06,0.00101212432587,0.0375103597859,0.0112713847921,0.00475667196402,0.00101212432587,8.19820703951e-06,0.00101212432587,0.181404206772,0.645726302231,0.115266180738
136,0.0903604576742,0.0460288201346,0.181272447315,0.0390394245627,0.0371568287685,0.00428242819647,0.0249401439753,0.207537659182,0.024976140117,0.147124791479,0.0889532040394,0.108327654555,17,15,4,20,8.09628744782e-05,6.55799283274e-07,8.09628744782e-05,0.00795455022636,0.00299112807523,0.00117199581939,8.09628744782e-05,6.55799283274e-07,8.09628744782e-05,0.189962659921,0.676784279134,0.120810223727
137,0.084838220679,0.260631689616,0.00926263047679,0.0112227289686,0.16539556765,0.0309327887653,0.00435190400266,0.100317816374,0.167691289244,0.0538588966119,0.0784352505428,0.0330612170701,17,15,4,20,4.73157539114e-07,3.83257606683e-09,4.73157539114e-07,1.78961355366e-05,1.53364372422e-05,7.57013652242e-07,4.73157539114e-07,3.83257606683e-09,4.73157539114e-07,0.192346446747,0.685289249311,0.12232841406
138,0.282759132597,0.0433206403426,0.0922832426654,0.00384795276089,0.0335293088227,0.0465505206337,0.0473083744438,0.136338207596,0.184679573522,0.0743213704245,0.0394113664541,0.0156503097374,17,15,4,20,0.00080393013593,6.51183410103e-06,0.00080393013593,0.0379505282836,0.0172514849143,0.00633344507275,0.00080393013593,6.51183410103e-06,0.00080393013593,0.179954438627,0.640880231981,0.11440112691
139,0.0744672570516,0.00374463175939,0.0913363147991,0.012800796644,0.0517744735397,0.0501031894983,0.147996118591,0.0745639181706,0.246022534525,0.0791843449915,0.0995693800318,0.0684370403985,17,15,4,20,5.16029115864e-06,4.1798358385e-08,5.16029115864e-06,3.68726070416e-05,0.000164626183581,4.43529400345e-06,5.16029115864e-06,4.1798358385e-08,5.16029115864e-06,0.192221952082,0.685233013463,0.122318375609
140,0.0890146540218,0.0393078737922,0.093737497585,0.0149721069228,0.177057434884,0.0273028388217,0.200894465938,0.116302999012,0.0353327447501,0.0227345283245,0.157707247641,0.0256356083076,17,15,4,20,0.000371206308897,3.00677110206e-06,0.000371206308897,0.031499489344,0.00852964165731,0.00250914080337,0.000371206308897,3.00677110206e-06,0.000371206308897,0.183944193933,0.655089182161,0.116937513323
141,0.0799498456051,0.101241269934,0.0209267184981,0.0266491628138,0.0150374488552,0.141467961644,0.0858506750373,0.0151911253809,0.024843119018,0.343901048092,0.0230230196009,0.121918605521,17,15,4,20,5.93218401909e-05,4.80506905546e-07,5.93218401909e-05,0.00436823526665,0.00173265044798,0.000369606661763,5.93218401909e-05,4.80506905546e-07,5.93218401909e-05,0.191065641336,0.680713927408,0.121511690504
142,0.023929845472,0.0538737292634,0.228366989368,0.0464673972356,0.233546011518,0.0210181618883,0.0758977334912,0.165866942134,0.0495736121435,0.0591998972013,0.00927023423243,0.0329894460527,17,15,4,20,0.00113589846303,9.20077755053e-06,0.00113589846303,0.0311574667818,0.0242828885748,0.00240977414028,0.00113589846303,9.20077755053e-06,0.00113589846303,0.180478355906,0.642431484084,0.114678035106
143,0.206831535127,0.0374298368122,0.0636207021204,0.165077543763,0.0963338991577,0.00108911852599,0.0199874287154,0.0460885313073,0.00603119905132,0.20594765036,0.0143079013322,0.137254653727,17,15,4,20,9.43177272853e-05,7.63973591011e-07,9.43177272853e-05,0.00321973719493,0.00270135925573,0.000961072225431,9.43177272853e-05,7.63973591011e-07,9.43177272853e-05,0.191105974193,0.680211121727,0.121421936548
144,0.0331511954664,0.132238298552,0.1637647474,0.0458606241426,0.0457406423751,0.0373140868657,0.0562704515375,0.000127841242319,0.216222365931,0.00463065035473,0.1031777972,0.161501298933,17,15,4,20,4.54365115427e-06,3.68035743496e-08,4.54365115427e-06,5.7148333389e-05,0.000181177473367,1.22643911055e-05,4.54365115427e-06,3.68035743496e-08,4.54365115427e-06,0.192111984632,0.685290533638,0.12232864332
145,0.217269841061,0.0926638975678,0.0546667800455,0.0191587959124,0.0890255295829,0.0432922863818,0.101759435851,0.0506294966213,0.023591708652,0.211360970433,0.0445564911682,0.0520247667228,17,15,4,20,0.000165852562894,1.34340575944e-06,0.000165852562894,0.00368018664865,0.00153558620353,0.00209492089178,0.000165852562894,1.34340575944e-06,0.000165852562894,0.190637773783,0.680001005858,0.121384429552
146,0.135698112119,0.0660678736119,0.0796660201375,0.234580637326,0.274849804176,0.0580491700074,0.0146850798738,0.0254731523699,0.0227797936268,0.0364600822057,0.0393424050646,0.0123478694815,17,15,4,20,0.00103492980784,8.38293144353e-06,0.00103492980784,0.0296546742647,0.0158613401086,0.0129077039424,0.00103492980784,8.38293144353e-06,0.00103492980784,0.180132093333,0.642582678927,0.11470502433
147,0.0799276006454,0.15656352365,0.0624328778335,0.0578124627733,0.0202812686232,0.057166947361,0.0614601032452,0.210126537445,0.0342595364898,0.0723983494565,0.0545129357749,0.133057856702,17,15,4,20,7.62521348261e-05,6.17642292091e-07,7.62521348261e-05,0.00231663506998,0.00486787216908,0.00031603583037,7.62521348261e-05,6.17642292091e-07,7.62521348261e-05,0.190854457432,0.67996139662,0.121377359055
148,0.270269114448,0.0298822529018,0.127269651807,0.0544523378499,0.100095227923,0.119359292142,0.00431380392111,0.00724354528294,0.00767483902683,0.133053745341,0.0363876820461,0.109998507311,17,15,4,20,0.000361818995049,2.9307338599e-06,0.000361818995049,0.0138763057294,0.00287635410685,0.00260369479315,0.000361818995049,2.9307338599e-06,0.000361818995049,0.188473827341,0.670948228388,0.119768452194
149,0.0183293842769,0.0977039654303,0.0947369730837,0.037160812747,0.0122792307117,0.096204909872,0.0365569634469,0.161409409455,0.0497168930904,0.127056971259,0.157112709205,0.111731777422,17,15,4,20,3.5577196391e-07,2.88175290767e-09,3.5577196391e-07,1.07278220413e-05,1.95037130703e-06,5.49464777432e-06,3.5577196391e-07,2.88175290767e-09,3.5577196391e-07,0.192277229091,0.685361803738,0.122341365478
150,0.309691607345,0.00335819241987,0.0384419336925,0.0752927802447,0.0983833596065,0.0797491685982,0.00449917316153,0.081032214815,0.0493556334842,0.0303234154435,0.0276512633283,0.202221257861,17,15,4,20,0.000127757914162,1.03483910471e-06,0.000127757914162,0.0181371050867,0.00770793551704,0.000721543771585,0.000127757914162,1.03483910471e-06,0.000127757914162,0.187252121339,0.666664426218,0.119003766733
151,0.0777117322275,0.0630805512548,0.0186395559232,0.079806456042,0.299043666051,0.0933172316315,0.0101399094148,0.0723435447605,0.0275340383932,0.0113427660806,0.124619504251,0.12242104397,17,15,4,20,1.99691397185e-06,1.6175003172e-08,1.99691397185e-06,0.000108119861244,5.03899432313e-05,2.22391442901e-05,1.99691397185e-06,1.6175003172e-08,1.99691397185e-06,0.192369636031,0.685139849716,0.122301745298
152,0.03546558495,0.0881373858305,0.0783609388792,0.0664724073929,0.16148724384,0.295497811577,0.0809442177728,0.0223680062982,0.0525448458916,0.0312643266713,0.0698259148547,0.0176313160424,17,15,4,20,0.000372284391744,3.01550357313e-06,0.000372284391744,0.0163531711517,0.0182542337629,0.00582455650849,0.000372284391744,3.01550357313e-06,0.000372284391744,0.184330655972,0.656544854159,0.117197359873
153,0.205103268971,0.122144442954,0.0205208366875,0.0156983702322,0.0812240011747,0.251045933377,0.0942273362971,0.104537452436,0.00903582181347,0.018885170064,0.0244478491076,0.0531295168867,17,15,4,20,2.4264525679e-06,1.96542658e-08,2.4264525679e-06,4.69989548584e-05,7.81091704873e-05,3.5350178881e-06,2.4264525679e-06,1.96542658e-08,2.4264525679e-06,0.192210217828,0.685317870745,0.122333523165
154,0.0404421090613,0.0806024842988,0.0575533636539,0.119151325947,0.0677423007587,0.150641243348,0.0556052691739,0.0741659518123,0.00491199095395,0.0610982063912,0.0400904158632,0.247995338738,17,15,4,20,0.000192921456237,1.56266379552e-06,0.000192921456237,0.00923678829247,0.00330827347491,0.00143332598726,0.000192921456237,1.56266379552e-06,0.000192921456237,0.189475786652,0.675236991268,0.120534023173
155,0.116638998785,0.0222813117143,0.089382157503,0.0145458803269,0.338364351662,0.14941285341,0.0237845022768,0.021578903055,0.0110693390097,0.157915326224,0.0314494699252,0.0235769061083,17,15,4,20,1.23701770621e-06,1.00198434203e-08,1.23701770621e-06,3.5062690736e-05,1.21021429847e-05,2.08394125548e-05,1.23701770621e-06,1.00198434203e-08,1.23701770621e-06,0.192313334613,0.685285880351,0.122327812679
156,0.0478145441858,0.0466724506263,0.129596906893,0.0380564649814,0.331270570468,0.0186440887198,0.0464677774784,0.00634141326197,0.176048628514,0.0433291511084,0.074348994535,0.0414090092283,17,15,4,20,0.000451271692211,3.65530070691e-06,0.000451271692211,0.0072967180695,0.00736820027138,0.00264478119127,0.000451271692211,3.65530070691e-06,0.000451271692211,0.188731863502,0.672161084929,0.119984954667
157,0.0475544939493,0.0124082667307,0.362656809142,0.11722382876,0.0555716492606,0.0891341566436,0.0743913215815,0.110632420773,0.0122366978538,0.0573150062034,0.0600265933511,0.000848755750809,17,15,4,20,1.14887497722e-05,9.30588731547e-08,1.14887497722e-05,4.01228682693e-05,0.000540378231439,1.78302777518e-05,1.14887497722e-05,9.30588731547e-08,1.14887497722e-05,0.192162608534,0.684928840192,0.12226407878
158,0.0565626595801,0.0840106875441,0.0209704357883,0.0921538959006,0.190829186859,0.0703446660023,0.119296742871,0.0995952640384,0.00873190027801,0.0897981623141,0.0280121347145,0.13969426411,17,15,4,20,1.36435642419e-06,1.1051287036e-08,1.36435642419e-06,2.77599772541e-05,1.51174733461e-05,3.01630365645e-06,1.36435642419e-06,1.1051287036e-08,1.36435642419e-06,0.192354365471,0.685269391865,0.122324869382
159,0.145058610435,0.0753743850501,0.207427228911,0.0110691808466,0.0553921501968,0.137664295056,0.118650460977,0.00551260963378,0.00983234335758,0.105733257604,0.0334324855258,0.094852992407,17,15,4,20,0.000205265081292,1.66264715847e-06,0.000205265081292,0.0437064859039,0.00315261839296,0.00521741402899,0.000205265081292,1.66264715847e-06,0.000205265081292,0.18215322135,0.649080880737,0.115864993967
160,0.222799238438,0.0369733459631,0.00732082931744,0.00760457765,0.0376313633066,0.100398470593,0.0117536135839,0.129066932801,0.0255968194714,0.174041409068,0.243141325976,0.0036720738317,17,15,4,20,5.51990477418e-05,4.47112286709e-07,5.51990477418e-05,0.00315137812269,0.00126355969775,0.00122714692567,5.51990477418e-05,4.47112286709e-07,5.51990477418e-05,0.191228191954,0.681292978195,0.121615054689
161,0.138985223724,0.0598350582977,0.0821636683311,0.134206456901,0.0163450763499,0.0470078072721,0.116407143309,0.00477453211939,0.171510982325,0.0436279366567,0.0365697313376,0.148566383376,17,15,4,20,0.000212481506119,1.72110019956e-06,0.000212481506119,0.00659886489137,0.00442223006229,0.00212407973862,0.000212481506119,1.72110019956e-06,0.000212481506119,0.189612244383,0.675761552134,0.120627660566
162,0.0722358324996,0.026182793603,0.0152859822492,0.118016535246,0.101817145608,0.0105848996235,0.0624942691257,0.191599997608,0.128111573579,0.171371747576,0.0736973136071,0.0286019096767,17,15,4,20,0.000194329867875,1.57407192979e-06,0.000194329867875,0.00780632565265,0.00440726611226,0.00148345775492,0.000194329867875,1.57407192979e-06,0.000194329867875,0.189654328816,0.675319417313,0.120548736737
163,0.0383700237682,0.285372304906,0.00439501977456,0.072045814674,0.0796587545916,0.0597809696707,0.137093164377,0.00776078489686,0.11841764979,0.0409249079621,0.0950794107469,0.0611011948412,17,15,4,20,5.21915871016e-05,4.22751855523e-07,5.21915871016e-05,0.00702967678968,0.000925193985049,0.000589129735138,5.21915871016e-05,4.22751855523e-07,5.21915871016e-05,0.190739967234,0.679255133695,0.121251286709
164,0.0962075242927,0.0498727307633,0.172969014251,0.00350589741889,0.181324668719,0.0726896688763,0.015111408514,0.000100535529263,0.191361796881,0.128105783581,0.0293452198259,0.059405751348,17,15,4,20,7.69395629855e-06,6.23210460183e-08,7.69395629855e-06,3.33138107909e-05,6.9424648892e-05,2.86723863244e-05,7.69395629855e-06,6.23210460183e-08,7.69395629855e-06,0.19236417375,0.685166934784,0.122306580152
165,0.0294070961243,0.00632553227071,0.0785884576785,0.100917592609,0.0328072887408,0.108398584866,0.06501436446,0.255491342411,0.0304798145769,0.0380074065375,0.115206351994,0.139356167731,17,15,4,20,0.000110253165352,8.93050639348e-07,0.000110253165352,0.00372503148571,0.00387096179822,0.000772574715451,0.000110253165352,8.93050639348e-07,0.000110253165352,0.190476534089,0.679429658645,0.121282440504
166,0.131462876479,0.120381985795,0.0575990610698,0.0504396224965,0.0874735381788,0.0509917555331,0.172208250626,0.191268626675,0.00655742871449,0.0238817744839,0.040278165685,0.0674569142625,17,15,4,20,0.000472724969318,3.82907225148e-06,0.000472724969318,0.0415839366438,0.0122305043509,0.00851444444245,0.000472724969318,3.82907225148e-06,0.000472724969318,0.180069409485,0.641238132642,0.114465014415
167,0.0439769012257,0.0528780385212,0.12910117519,0.0938948184948,0.0209132378459,0.06315352714,0.102702436276,0.0276142670183,0.314753420523,0.0411352760526,0.0277013418464,0.0821755598659,17,15,4,20,0.000504783068958,4.08874285856e-06,0.000504783068958,0.0310119589307,0.00940487144937,0.00533902390982,0.000504783068958,4.08874285856e-06,0.000504783068958,0.183056678454,0.652656833593,0.116503323902
168,0.0410954440168,0.0427644765181,0.0348923526071,0.220159988635,0.117625030391,0.106465493793,0.0686265630683,0.11489843971,0.0360664039656,0.00265703537213,0.141049476903,0.0736992950205,17,15,4,20,5.05269391938e-06,4.0926820747e-08,5.05269391938e-06,3.141349971e-05,0.000167945205968,6.7969208894e-06,5.05269391938e-06,4.0926820747e-08,5.05269391938e-06,0.192295534277,0.685170755324,0.122307262143
169,0.0638482987537,0.143800350448,0.0432399263754,0.0126804665385,0.116582825566,0.0110986518381,0.0255394345649,0.218636413041,0.0287527400017,0.00134704624532,0.321746891902,0.0127269547248,17,15,4,20,7.6823259276e-05,6.22268400136e-07,7.6823259276e-05,0.00584728017292,0.00425441008699,0.000306344889702,7.6823259276e-05,6.22268400136e-07,7.6823259276e-05,0.189946555916,0.678262734169,0.121074137191
170,0.098751350867,0.00611519309485,0.00373892522076,0.00168704906406,0.0139761993912,0.151216172581,0.0668570594793,0.00807396269519,0.0399866762708,0.296982631476,0.0484242527113,0.264190527149,17,15,4,20,1.58276866767e-06,1.28204262081e-08,1.58276866767e-06,6.4277312318e-06,2.17014714327e-06,6.33783542069e-05,1.58276866767e-06,1.28204262081e-08,1.58276866767e-06,0.192340029731,0.685258680063,0.122322957258
171,0.0101744677028,0.0422654318386,0.00717440782971,0.101474143725,0.0195180004418,0.0575450251838,0.109047204737,0.194921176757,0.175769428413,0.0264852706131,0.172576913185,0.0830485295741,17,15,4,20,3.21465746225e-07,2.60387254442e-09,3.21465746225e-07,2.72312933376e-06,6.64372721747e-06,5.06269412913e-07,3.21465746225e-07,2.60387254442e-09,3.21465746225e-07,0.19243763986,0.685232849587,0.122318346357
172,0.0826267082086,0.22571646651,0.043972608121,0.000216754529031,0.280461896919,0.000454135452574,0.0401041295237,0.0419162092351,0.0833139488299,0.0687603801229,0.127462779459,0.00499398308971,17,15,4,20,0.000173996952666,1.4093753166e-06,0.000173996952666,0.0118911023276,0.00513459357122,0.00275494933749,0.000173996952666,1.4093753166e-06,0.000173996952666,0.188427873506,0.671267271341,0.119825403355
173,0.0522954710024,0.270866275283,0.23353187327,0.0146313829967,0.0669248030927,0.12652107963,0.00735178004096,0.0894181760538,0.0440621095893,0.00341544445401,0.0348281402348,0.0561534643524,17,15,4,20,4.71047537692e-05,3.8154850553e-07,4.71047537692e-05,0.000201784488079,0.000280422594473,0.00027578692924,4.71047537692e-05,3.8154850553e-07,4.71047537692e-05,0.19212119517,0.684707127099,0.122224501607
174,0.000328047006768,0.104273520691,0.227224682771,0.0798290021366,0.0647811042687,0.25492548897,0.0854350383225,0.000774596451372,0.0202518356483,0.0172643225766,0.0601478116522,0.0847645495057,17,15,4,20,4.85550273621e-06,3.93295721633e-08,4.85550273621e-06,3.13738366186e-05,8.54399994203e-05,6.25658967855e-06,4.85550273621e-06,3.93295721633e-08,4.85550273621e-06,0.192251061037,0.685279664717,0.12232670315
175,0.140434622147,0.0381782182693,0.19736656025,0.0895313817842,0.0502301073944,0.0224607896933,0.0739165153923,0.0786602013996,0.139842332633,0.148780524542,0.0202838451382,0.000314901356056,17,15,4,20,0.000564258016354,4.57048993247e-06,0.000564258016354,0.0412847838965,0.00789231469954,0.0023173460099,0.000564258016354,4.57048993247e-06,0.000564258016354,0.182014305758,0.648469260635,0.115755815956
176,0.076407106236,0.0573303632702,0.0978855190443,0.0580228767966,0.0244800718366,0.0158200639263,0.0114485706548,0.0863624231507,0.0479488129768,0.146850449716,0.203967921379,0.173475821012,17,15,4,20,3.69511919185e-05,2.99304654539e-07,3.69511919185e-05,0.00172168995574,0.000969480040231,0.000304730743807,3.69511919185e-05,2.99304654539e-07,3.69511919185e-05,0.191830477559,0.683089477314,0.12193574101
177,0.102747648862,0.104224433993,0.00473315285119,0.0343754601448,0.0329912818381,0.0786194997671,0.0182390631987,0.102208120201,0.28925999054,0.105190019089,0.0712639151492,0.0561474143664,17,15,4,20,6.13512491498e-05,4.96945118113e-07,6.13512491498e-05,0.00839979660492,0.00385747999223,0.00103486091635,6.13512491498e-05,4.96945118113e-07,6.13512491498e-05,0.189669616978,0.676103199811,0.120688646811
178,0.125912447717,0.0801816024283,0.0128622061934,0.0275025097517,0.174896767098,0.0768587869591,0.0587765535817,0.0152006070988,0.245977072616,0.0958298346232,0.027969242309,0.0580323696236,17,15,4,20,7.70626083618e-06,6.24207127731e-08,7.70626083618e-06,6.49291931765e-05,4.38795895953e-05,3.43889037864e-05,7.70626083618e-06,6.24207127731e-08,7.70626083618e-06,0.192314866744,0.685198729905,0.12231225578
179,0.298776940622,0.0425189189051,0.0381858801698,0.00823240313208,0.0476053253309,0.0788289353309,0.0689520629082,0.050874409043,0.0403023007044,0.091264664099,0.0740984800161,0.160359679738,17,15,4,20,0.000178682520766,1.4473284182e-06,0.000178682520766,0.00893702260836,0.00334104294359,0.000797089939237,0.000178682520766,1.4473284182e-06,0.000178682520766,0.189606222138,0.675941258378,0.120659739253
180,0.0845690941373,0.135770175459,0.000492595976836,0.00290115698244,0.0907995925127,0.145238012821,0.0980958845482,0.094311775925,0.160409312396,0.0355921897572,0.122567371594,0.0292528378892,17,15,4,20,0.00026447747919,2.14226758144e-06,0.00026447747919,0.0306289183985,0.0115814618662,0.00067103268979,0.00026447747919,2.14226758144e-06,0.00026447747919,0.183775467528,0.655304904039,0.116976021027
181,0.183661720396,0.097449116747,0.0231990694047,0.119402374207,0.0258223145008,0.0213402853739,0.110587032437,0.0381083737639,0.153099746007,0.0884567998494,0.1035280766,0.0353450907124,17,15,4,20,0.000294530715385,2.38569879462e-06,0.000294530715385,0.0195289174254,0.00927802038605,0.00071221935691,0.000294530715385,2.38569879462e-06,0.000294530715385,0.186569724665,0.664169769067,0.11855845484
182,0.0172778227076,0.016330027069,0.0137273995615,0.0281530995702,0.131460473312,0.113143775794,0.198553184117,0.0579819236243,0.106008648624,0.0374781799782,0.0680355233621,0.21184994228,17,15,4,20,0.000166688058746,1.35017327584e-06,0.000166688058746,0.00435274727861,0.00172464882314,0.00144605514551,0.000166688058746,1.35017327584e-06,0.000166688058746,0.190780165999,0.679696802772,0.1213301274
183,0.039306171604,0.00309552509781,0.0717484000933,0.119881464691,0.0385814135635,0.143040501371,0.118229493083,0.0535250636589,0.114919002792,0.0715158394195,0.042684237449,0.183472887178,17,15,4,20,4.55771543365e-06,3.69174950126e-08,4.55771543365e-06,3.07183921617e-05,4.59991423413e-05,8.54597811579e-06,4.55771543365e-06,3.69174950126e-08,4.55771543365e-06,0.192293184622,0.685277016705,0.122326230463
184,0.0419141595462,0.164285733982,0.0364905503071,0.124472199584,0.0453909805626,0.0674764512787,0.0599539108169,0.0351051211931,0.0606277383925,0.232905653945,0.0996815968931,0.0316959034985,17,15,4,20,2.79942983518e-05,2.2675381665e-07,2.79942983518e-05,0.000552587012263,0.0022357344681,0.000205535068263,2.79942983518e-05,2.2675381665e-07,2.79942983518e-05,0.191730525653,0.683206548203,0.121956638895
185,0.0351652380664,0.109815792424,0.0601219654646,0.0900972150171,0.0139396842557,0.0621134955732,0.147902894191,0.0597863910879,0.0828642817938,0.103026984563,0.0743341403363,0.160831917227,17,15,4,20,9.81994114797e-05,7.95415232985e-07,9.81994114797e-05,0.0217088681969,0.00256920582768,0.00217928514597,9.81994114797e-05,7.95415232985e-07,9.81994114797e-05,0.187107320207,0.666980707269,0.119060224877
186,0.210121796223,0.101993555151,0.068431914789,0.0985766713842,0.0830768364794,0.0168681594206,0.00288197304086,0.00533570290517,0.173525722471,0.113899135786,0.0235913166714,0.101697215679,17,15,4,20,0.000223704531358,1.812006704e-06,0.000223704531358,0.00909641049618,0.00367567018463,0.00371551078284,0.000223704531358,1.812006704e-06,0.000223704531358,0.188698467069,0.673662527736,0.120252971592
187,0.0453658279608,0.086253407807,0.0101129770931,0.146371291022,0.00250259339812,0.0261948234814,0.024829415655,0.150866040101,0.0894720664365,0.232907807325,0.175829571761,0.00929417795951,17,15,4,20,1.06226942186e-06,8.60438231704e-09,1.06226942186e-06,6.80750396255e-06,6.93641367236e-06,1.3958495062e-05,1.06226942186e-06,8.60438231704e-09,1.06226942186e-06,0.19249641553,0.685165323282,0.122306292489
188,0.0665938556214,0.0348150107616,0.0237851178415,0.187308306509,0.0450936750748,0.0464671239708,0.0109995067632,0.00797562444798,0.00129559394594,0.347918191382,0.186737942299,0.0410100513833,17,15,4,20,6.99592676322e-05,5.66670067821e-07,6.99592676322e-05,0.00290411785104,0.00157104487875,0.000326023197949,6.99592676322e-05,5.66670067821e-07,6.99592676322e-05,0.191350510545,0.681852415392,0.121714917725
189,0.0777704665161,0.0748309409761,0.0610717143165,0.0953564402739,0.245192385283,0.00506792320036,0.00226772723207,0.0624634419691,0.045037481638,0.114740346402,0.121641978556,0.0945591536375,17,15,4,20,0.000121676660657,9.85580951322e-07,0.000121676660657,0.0116108628553,0.00443520422326,0.000865795279388,0.000121676660657,9.85580951322e-07,0.000121676660657,0.189080663361,0.673325912762,0.120192883715
190,0.0641511581457,0.0407844865826,0.142955248213,0.158196361319,0.0889929046382,0.19418547218,0.17312237333,0.0495587181811,0.0253492401335,0.0484169455712,0.00832580784722,0.00596128385879,17,15,4,20,3.65947126901e-05,2.9641717279e-07,3.65947126901e-05,4.62850442891e-05,0.00184363638887,0.00044872380159,3.65947126901e-05,2.9641717279e-07,3.65947126901e-05,0.191942687014,0.683553181042,0.122018515023
191,0.0176518372082,0.274454768742,0.0439597511341,0.160691217292,0.180362365724,0.00484229789978,0.130476778254,0.0511884920113,0.0682880366471,0.0260146827064,0.0158749730357,0.0261947993451,17,15,4,20,0.00224072070403,1.81498377027e-05,0.00224072070403,0.0847151862593,0.0221749184396,0.0212704240107,0.00224072070403,1.81498377027e-05,0.00224072070403,0.166089246099,0.5912153989,0.1055356438
192,0.106668920846,0.0554087776727,0.0806187387102,0.0294135581676,0.0541024869035,0.150777492144,0.00341461190207,0.0319138309787,0.088480512898,0.0226812987758,0.119590082546,0.256929688456,17,15,4,20,7.88245347424e-05,6.38478731413e-07,7.88245347424e-05,0.00165617445179,0.00159729239637,0.000593258247621,7.88245347424e-05,6.38478731413e-07,7.88245347424e-05,0.191702289515,0.682333598394,0.121800811898
193,0.0777562919569,0.031313723204,0.144981156334,0.0646377670584,0.032705627143,0.0412349490929,0.0235780758054,0.0199795997251,0.345057903917,0.0682087884982,0.0170108445867,0.133535272679,17,15,4,20,6.24962891463e-06,5.06219942085e-08,6.24962891463e-06,0.000131927254294,8.805112778e-05,5.42418975195e-05,6.24962891463e-06,5.06219942085e-08,6.24962891463e-06,0.192329068774,0.685080466215,0.122291144972
194,0.0509667265677,0.00980012159286,0.0547527380337,0.0342793220144,0.0155729194087,0.366736903316,0.0127918482712,0.191076910686,0.0835038296417,0.0313255404357,0.145091372096,0.00410176793551,17,15,4,20,2.70049263873e-06,2.18739903738e-08,2.70049263873e-06,3.44311691563e-05,0.000134081711312,4.41021552018e-06,2.70049263873e-06,2.18739903738e-08,2.70049263873e-06,0.192387888014,0.685128605106,0.122299738065
195,0.102165951594,0.116762004056,0.119696873195,0.0483857296885,0.00966107970485,0.116398721574,0.0758924200435,0.106893744607,0.0255590638625,0.094063057529,0.14570177538,0.0388195787665,17,15,4,20,0.00014107117474,1.1426765154e-06,0.00014107117474,0.00942294323981,0.00420531936568,0.000738826878815,0.00014107117474,1.1426765154e-06,0.00014107117474,0.189566461385,0.675006924298,0.120492954781
196,0.221229421254,0.00666132305653,0.0379957771578,0.0253532754421,0.148173388475,5.0701734245e-05,0.144202949393,0.031379529302,0.0292818671863,0.261125650111,0.0113119610292,0.0832341558588,17,15,4,20,9.28750824001e-05,7.52288167441e-07,9.28750824001e-05,0.00400457830301,0.00259519420404,0.000530350115872,9.28750824001e-05,7.52288167441e-07,9.28750824001e-05,0.190985296931,0.680108039766,0.121403535774
197,0.060095700549,0.275026160631,0.0885527369606,0.0954877023648,0.0167718919584,0.173922137552,0.139984246207,0.00266020351799,0.0259135640469,0.00450044715972,0.00687099792652,0.110214211126,17,15,4,20,0.000642050121926,5.2006059876e-06,0.000642050121926,0.0168507620227,0.0174990763654,0.00404055152271,0.000642050121926,5.2006059876e-06,0.000642050121926,0.184296831152,0.657386566458,0.117347610779
198,0.0131170900754,0.0308369981344,0.0272091499498,0.111386880546,0.253813046634,0.0213446279619,0.115892896839,0.0935135149739,0.130204461602,0.0506830668553,0.134097798707,0.01790046772,17,15,4,20,0.000242753983224,1.96630726411e-06,0.000242753983224,0.0404636049987,0.0100473546401,0.00133008821915,0.000242753983224,1.96630726411e-06,0.000242753983224,0.182264575662,0.649058439811,0.115860988122
199,0.031145433515,0.0488548782273,0.116747285552,0.0419495725289,0.0316925682836,0.193692972648,0.0980510650413,0.0243709901258,0.0626899439027,0.016588043094,0.333165524384,0.00105172269778,17,15,4,20,3.10096347628e-06,2.51178041578e-08,3.10096347628e-06,8.93781917447e-06,4.55809818261e-05,8.91054179037e-06,3.10096347628e-06,2.51178041578e-08,3.10096347628e-06,0.192254794746,0.685333083148,0.122336238674
200,0.0359063260799,0.0834096427582,0.00341777308052,0.112953322025,0.00112277564989,0.0632618736647,0.119699831161,0.0449840707076,0.0419441838807,0.311198638267,0.046081611684,0.136019951042,17,15,4,20,6.10226241023e-05,4.94283255228e-07,6.10226241023e-05,0.00369951571046,0.00196623630023,0.000180448858794,6.10226241023e-05,4.94283255228e-07,6.10226241023e-05,0.191071847956,0.681232596019,0.121604276093
201,0.00907736290525,0.0455724786736,0.182575537435,0.198916782512,0.12617080451,0.0270659734481,0.0630114356782,0.0780958416011,0.0308366761168,0.0829858809342,0.147854722862,0.00783650332432,17,15,4,20,9.28232438963e-06,7.5186827556e-08,9.28232438963e-06,0.000126552735866,0.000162707384711,3.16788822345e-05,9.28232438963e-06,7.5186827556e-08,9.28232438963e-06,0.192249239087,0.685098226877,0.122294315361
202,0.284381788288,0.147381207702,0.025826820721,0.000738678244575,0.0022875965525,0.148086787817,0.046555076798,0.0327308194727,0.0511145681637,0.0182541884343,0.0221394131421,0.220503054663,17,15,4,20,6.12637546888e-06,4.96236412979e-08,6.12637546888e-06,0.000117144951878,0.000265750935571,1.47527193675e-05,6.12637546888e-06,4.96236412979e-08,6.12637546888e-06,0.192307489443,0.684994464138,0.122275793064
203,0.0217808407441,0.103041155877,0.14218373877,0.0218183274178,0.0372125371381,0.174456995408,0.0763314419283,0.1310507045,0.0756618019012,0.116149173727,0.0687110864587,0.0316021961318,17,15,4,20,1.07019316814e-05,8.66856466196e-08,1.07019316814e-05,0.00015254039355,0.000250296628684,3.66748820233e-05,1.07019316814e-05,8.66856466196e-08,1.07019316814e-05,0.19227014257,0.684975038892,0.122272325536
204,0.0584985224952,0.0923759307178,0.0307564387821,0.00659579858562,0.102903728014,0.0104329818645,0.0706908038453,0.146643710885,0.0673252042537,0.194765428237,0.120441415714,0.0985700366059,17,15,4,20,6.59644937837e-05,5.34312399648e-07,6.59644937837e-05,0.00395663344888,0.00159898695813,0.000578984265193,6.59644937837e-05,5.34312399648e-07,6.59644937837e-05,0.191197693489,0.680864251029,0.12153852421
205,0.0519589260068,0.293855184844,0.0096901194595,0.0328590421367,0.0434082910817,0.040630797797,0.013427804158,0.16547523879,0.187693255089,0.0746019177128,0.0547628931925,0.0316365297314,17,15,4,20,0.000372129170324,3.01424627963e-06,0.000372129170324,0.0436955472464,0.0158270402285,0.00297214255856,0.000372129170324,3.01424627963e-06,0.000372129170324,0.1800206635,0.641481588488,0.114508472805
206,0.0242989491551,0.0330567732195,0.0706799231279,0.223849473178,0.068973724258,0.0223606788713,0.111276665408,0.030403082886,0.0901455091418,0.182425446804,0.0188161631492,0.123713610801,17,15,4,20,0.000103521110986,8.38520998988e-07,0.000103521110986,0.00112341980796,0.00168133842392,0.000750301739832,0.000103521110986,8.38520998988e-07,0.000103521110986,0.191592351809,0.682590208353,0.12184661838
207,0.0215337835907,0.213869123746,0.0643813239669,0.00548805843631,0.2328651564,0.0234942507022,0.0222015361225,0.0226123439331,0.0735820374195,0.0401345703865,0.220627355875,0.0592104594211,17,15,4,20,4.39125582019e-07,3.55691721436e-09,4.39125582019e-07,4.85391469442e-06,7.10946352433e-06,4.52754853027e-07,4.39125582019e-07,3.55691721436e-09,4.39125582019e-07,0.192340156975,0.68531300812,0.122332655156
208,0.29313300804,0.0279637193663,0.0185490534414,0.0166696450854,0.00701931768415,0.0228736585174,0.317328782414,0.0672642180412,0.0314763472499,0.0655348431001,0.130655840504,0.00153156655534,17,15,4,20,1.20675930364e-05,9.7747503595e-08,1.20675930364e-05,4.36129540422e-05,0.000140926023789,5.20848879922e-05,1.20675930364e-05,9.7747503595e-08,1.20675930364e-05,0.192378248228,0.685050810752,0.122285851287
209,0.118367202506,0.131348649418,0.130410032068,0.00606488772712,0.107281710557,0.0127467246778,0.12009747811,0.00144138756209,0.114792665747,0.00222586368206,0.253419475569,0.0018039223761,17,15,4,20,0.000165673725996,1.34195718057e-06,0.000165673725996,0.00519599599762,0.00462747440429,0.000695400010813,0.000165673725996,1.34195718057e-06,0.000165673725996,0.19028813905,0.677576051649,0.12095156007
210,0.0676960319719,0.0108179445329,0.111657498777,0.157262081674,0.216363805009,0.0421544430789,0.00949192363179,0.0430802144383,0.111997244238,0.0665585816929,0.138779998787,0.0241402321696,17,15,4,20,0.00016753359979,1.3570221583e-06,0.00016753359979,0.000648294774024,0.00245658477164,0.000173499525987,0.00016753359979,1.3570221583e-06,0.00016753359979,0.191680065418,0.682532406652,0.121836300415
211,0.0208702265566,0.0633904085515,0.0750804774846,0.00202472570904,0.189828027355,0.0504114360859,0.0838600923006,0.361035992392,0.0158248313202,0.0332429654198,0.0623575497251,0.0420732670998,17,15,4,20,0.000559128497768,4.52894083192e-06,0.000559128497768,0.0601761650235,0.00438332269172,0.0121668537631,0.000559128497768,4.52894083192e-06,0.000559128497768,0.17729048608,0.631084986243,0.112652614326
212,0.130460900592,0.0644696404232,0.0354631878402,0.000918180512572,0.0290874875167,0.190450986713,0.0171359122401,0.386415147087,0.00357487905467,0.100694293587,0.0224691115597,0.0188602728744,17,15,4,20,3.98100324334e-06,3.2246126271e-08,3.98100324334e-06,2.81465402407e-05,0.000198756734707,1.69749873255e-05,3.98100324334e-06,3.2246126271e-08,3.98100324334e-06,0.192373186184,0.685076508545,0.122290438503
213,0.047230054307,0.0624669257597,0.180398973243,0.0738082468931,0.0777451767566,0.130305454717,0.0636934105102,0.0201352281603,0.00360330748975,0.0186401444641,0.147781134226,0.174191943472,17,15,4,20,3.47087806959e-07,2.81141123637e-09,3.47087806959e-07,1.25990688916e-05,1.03337818503e-05,2.71653470521e-06,3.47087806959e-07,2.81141123637e-09,3.47087806959e-07,0.19242130377,0.685233237304,0.122318415566
214,0.0264428649077,0.0162233188004,0.225073302225,0.150165341101,0.018665244,0.0115713316026,0.0802513685044,0.169944063942,0.0755523370462,0.0250738621006,0.0634932244049,0.137543741365,17,15,4,20,0.000389689739061,3.15648688639e-06,0.000389689739061,0.0220135051794,0.00418827969808,0.00501414323238,0.000389689739061,3.15648688639e-06,0.000389689739061,0.186108298055,0.662797250252,0.118313451653
215,0.157332854104,0.0622241919503,0.060622548261,0.126612101315,0.0355259908091,0.133037246112,0.0722400491991,0.103630334262,0.0469143337394,0.167605667486,0.0106425606947,0.0236121220674,17,15,4,20,0.00034498641993,2.79439000143e-06,0.00034498641993,0.0122753563451,0.00593247696307,0.00307545904635,0.00034498641993,2.79439000143e-06,0.00034498641993,0.188039431405,0.669739122538,0.119552619243
216,0.0265704215959,0.0728882786808,0.0206721844962,0.264069278455,0.121195795134,0.0441051238949,0.0291922574489,0.0418791705297,0.248931957336,0.118241516412,0.00269292738366,0.00956108863271,17,15,4,20,0.000594062005656,4.81190224581e-06,0.000594062005656,0.0366243689958,0.0139312369387,0.00889545335218,0.000594062005656,4.81190224581e-06,0.000594062005656,0.180381649979,0.643001612343,0.114779806563
217,0.15793337552,0.0456909287667,0.105364346808,0.0244298899205,0.0420398575106,0.0299516225898,0.0546450684149,0.0303008021329,0.126605553074,0.0361849799068,0.116671180406,0.230182394951,17,15,4,20,4.28780927212e-05,3.47312551042e-07,4.28780927212e-05,0.00112502469911,0.0020185007667,0.000124111166682,4.28780927212e-05,3.47312551042e-07,4.28780927212e-05,0.191509663582,0.683110923501,0.121939569288
218,0.0733569887213,0.0622690662764,0.018943264618,0.0729510873628,0.0937082267324,0.0415158678828,0.0582778018401,0.195780748146,0.0860098269844,0.119549923608,0.0632124654657,0.114424732362,17,15,4,20,0.000152600000806,1.23606000652e-06,0.000152600000806,0.00178036390359,0.0014934371479,0.0011169645109,0.000152600000806,1.23606000652e-06,0.000152600000806,0.191380720661,0.68189340672,0.121722234933
219,0.00520628354615,0.0156328582858,0.00295903313892,0.0466740241462,0.00127878814612,0.155115484204,0.0799241313752,0.104646718243,0.132453124587,0.14429634533,0.283400397276,0.028412811722,17,15,4,20,2.1891914863e-06,1.7732451039e-08,2.1891914863e-06,2.57773800098e-05,2.12498708754e-05,1.74496185506e-05,2.1891914863e-06,1.7732451039e-08,2.1891914863e-06,0.19232625632,0.685274664075,0.122325810504
220,0.150935446745,0.0709089876883,0.0333585880531,0.0175328106935,0.118513690107,0.068526523363,0.0489728766237,0.156473747648,0.0582079401312,0.167868916814,0.0513641510257,0.0573363211071,17,15,4,20,0.000173998831843,1.40939053793e-06,0.000173998831843,0.010277352667,0.0015605673092,0.00273454267121,0.000173998831843,1.40939053793e-06,0.000173998831843,0.189477609393,0.674795839098,0.120455274753
221,0.0404963846337,0.141427158934,0.0366057995556,0.107091090749,0.279186512224,0.0271455133416,0.112815154452,0.0438635390835,0.00807627742208,0.0527320970323,0.00360810653309,0.146952366039,17,15,4,20,1.03956798495e-06,8.42050067806e-09,1.03956798495e-06,9.45434721994e-06,1.56062641488e-05,6.70436058797e-06,1.03956798495e-06,8.42050067806e-09,1.03956798495e-06,0.192392140787,0.685250433868,0.122321485261
222,0.211589340938,0.0978498416689,0.0183334322661,0.00643794118972,0.116804130994,0.0627945061645,0.0153272818729,0.144126741382,0.0598693858631,0.16523263371,0.00329823612504,0.0983365278262,17,15,4,20,0.000181022336236,1.46628092351e-06,0.000181022336236,0.0186205106934,0.00353866329632,0.00223680058207,0.000181022336236,1.46628092351e-06,0.000181022336236,0.18752325553,0.668094673229,0.119259074763
223,0.254199804846,0.0376762021382,0.0485882818576,0.076581037685,0.0304553711673,0.0188308871843,0.156272400112,0.0475722331534,0.0244931885294,0.16768933543,0.0336006731238,0.104040584773,17,15,4,20,4.96899277019e-06,4.02488414385e-08,4.96899277019e-06,2.31618940311e-05,3.52038446273e-05,2.76181869634e-05,4.96899277019e-06,4.02488414385e-08,4.96899277019e-06,0.19233281701,0.68524137449,0.122319868105
224,0.0346715322111,0.0949022500493,0.375720740716,0.184548772037,0.0293450744854,0.00646171814034,0.0060241599186,0.00990402259624,0.0131080945262,0.085274902622,0.0953976561793,0.0646410765185,17,15,4,20,1.1066283786e-07,8.96368986668e-10,1.1066283786e-07,6.56827228164e-07,9.04763252062e-07,2.34143644103e-07,1.1066283786e-07,8.96368986668e-10,1.1066283786e-07,0.192503128952,0.685184852325,0.122309778545
225,0.14789558939,0.00660969488709,0.00913713493362,0.0456347245506,0.0801040717087,0.0833175783926,0.0232145367804,0.256769580146,0.114994261662,0.0783323544659,0.12606664196,0.0279238311231,17,15,4,20,0.000200603484891,1.62488822761e-06,0.000200603484891,0.0135939664944,0.00487582079215,0.0032654278684,0.000200603484891,1.62488822761e-06,0.000200603484891,0.188091454514,0.669803547173,0.119564119442
226,0.146548484816,0.0484949787698,0.00931603574254,0.00327623053124,0.316257359249,0.0109822917515,0.00588489999318,0.0145822065681,0.084276140776,0.19653036081,0.0722358280563,0.0916151829366,17,15,4,20,9.46618242646e-07,7.66760776543e-09,9.46618242646e-07,9.31018436993e-06,4.46134850801e-06,5.84545126323e-06,9.46618242646e-07,7.66760776543e-09,9.46618242646e-07,0.192350377724,0.685296495868,0.122329707616
227,0.0695433164243,0.0673610805618,0.00606740613374,0.0595373773452,0.113236507072,0.0339659107279,0.0961061299539,0.0196707887108,0.0660974118905,0.0166772276602,0.231992547731,0.219744295788,17,15,4,20,1.56085231002e-06,1.26429037112e-08,1.56085231002e-06,5.86826932732e-06,1.49134312708e-05,4.137523205e-06,1.56085231002e-06,1.26429037112e-08,1.56085231002e-06,0.192422134937,0.685229015242,0.122317661902
228,0.0242677044758,0.147006326717,0.0288813508531,0.0838424501884,0.0969151871002,0.0202485541128,0.142876676873,0.0338480058966,0.0715568860456,0.179498591357,0.0772001103169,0.0938581560637,17,15,4,20,2.26386072722e-07,1.83372718905e-09,2.26386072722e-07,2.21056724303e-06,1.78421753758e-06,1.73942634699e-06,2.26386072722e-07,1.83372718905e-09,2.26386072722e-07,0.192477656333,0.685202730358,0.122312969886
229,0.0879714189217,0.0478439210302,0.00878150575503,0.150933494971,0.0151104536968,0.0112811701189,0.0508979792611,0.125910178406,0.242102470902,0.156426334861,0.0516318508861,0.0511092211901,17,15,4,20,0.000198509887452,1.60793008836e-06,0.000198509887452,0.0167881242534,0.00616103399683,0.00111742277508,0.000198509887452,1.60793008836e-06,0.000198509887452,0.187655454281,0.668202403919,0.119278305365
230,0.00202716970809,0.0608569466136,0.101106058409,0.155165653515,0.0217134466235,0.0610017865808,0.00739767577944,0.151612769036,0.121538341576,0.146709291839,0.0375271381594,0.13334372216,17,15,4,20,5.09028268497e-06,4.12312897483e-08,5.09028268497e-06,9.61917212519e-06,9.03243091807e-05,2.84598472911e-05,5.09028268497e-06,4.12312897483e-08,5.09028268497e-06,0.192370545078,0.685172953474,0.122307654526
231,0.0167154276263,0.0323316931523,0.152885338295,0.070952762022,0.325995869023,0.00314575580269,0.040477825323,0.123060543621,0.00821230636226,0.135270900232,0.0468447054247,0.0441068731157,17,15,4,20,2.33947807536e-08,1.89497724104e-10,2.33947807536e-08,2.01628642103e-06,1.82236248392e-06,7.29184977147e-08,2.33947807536e-08,1.89497724104e-10,2.33947807536e-08,0.192342264991,0.685319852554,0.12233387693
232,0.0518383356009,0.0246702777089,0.0168889342421,0.0407775207753,0.192253275814,0.111616023242,0.203854452189,0.00325469971674,0.0593681883413,0.0181431181764,0.185403316977,0.091931857216,17,15,4,20,3.18340358911e-06,2.57855690718e-08,3.18340358911e-06,1.70931814099e-05,2.37251728406e-05,7.89556637033e-05,3.18340358911e-06,2.57855690718e-08,3.18340358911e-06,0.192242602171,0.685295337743,0.122329500883
233,0.033642471484,0.0676905637649,0.0612231826058,0.479991850075,0.0026064346323,0.00111475889999,0.00660319316027,0.00575921764694,0.0227986776436,0.205528779621,0.100675157885,0.0123657125814,17,15,4,20,0.000124273410072,1.00661462159e-06,0.000124273410072,0.00649215098569,0.00437071552342,0.00267685325444,0.000124273410072,1.00661462159e-06,0.000124273410072,0.189627854584,0.67571412437,0.120619194413
234,0.194878205443,0.0588962892329,0.0814070288127,0.270934586132,0.007073157047,0.0480520842548,0.0614484425817,0.0612496063951,0.0584589349623,0.105206455277,0.012052167533,0.0403430423285,17,15,4,20,0.000413984140386,3.35327153713e-06,0.000413984140386,0.0568497109223,0.00846412516752,0.00609418528123,0.000413984140386,3.35327153713e-06,0.000413984140386,0.178310328212,0.635227014971,0.113391992341
235,0.0995589385889,0.149043031031,0.0151060300512,0.15345822317,0.204024165521,0.0800846422841,0.0280774840512,0.0413845626914,0.104324801061,0.0191336092739,0.0236403605882,0.0821641516886,17,15,4,20,0.000380526817543,3.0822672221e-06,0.000380526817543,0.0370866067751,0.0196916931102,0.00488788298535,0.000380526817543,3.0822672221e-06,0.000380526817543,0.180188422078,0.642013670481,0.114603452766
236,0.0763677475616,0.138660306415,0.0735549802464,0.0948343848783,0.0602623415423,0.041760438856,0.0572174850961,0.177575439133,0.0735069505073,0.0876217232828,0.036425130181,0.0822130723,17,15,4,20,2.01421400717e-07,1.63151334581e-09,2.01421400717e-07,4.4610917941e-06,5.96107546163e-06,7.43569138615e-07,2.01421400717e-07,1.63151334581e-09,2.01421400717e-07,0.192397677439,0.685266071246,0.12232427663
237,0.0967407475005,0.0117417506524,0.109371293883,0.00366058797345,0.263005862223,0.0713492050825,0.0748045820975,0.0328690058109,0.144227955308,0.0958921748156,0.0311297035784,0.0652071310744,17,15,4,20,0.000270420952209,2.19040971289e-06,0.000270420952209,0.00933413758981,0.00944018135951,0.00110824138748,0.000270420952209,2.19040971289e-06,0.000270420952209,0.188381339501,0.670891677947,0.119758357587
238,0.0275548937421,0.00986709763008,0.123042371353,0.0971053474902,0.00678350558526,0.019640664086,0.322996735767,0.0245205382467,0.11408520994,0.00284531123381,0.197595500588,0.0539628243379,17,15,4,20,0.000145578135962,1.17918290129e-06,0.000145578135962,0.0216214656588,0.00468522260431,0.00162247391138,0.000145578135962,1.17918290129e-06,0.000145578135962,0.186990870669,0.665669186096,0.118826110151
239,0.0894503817259,0.0767567602051,0.0175254529094,0.0175730432065,0.0800127677556,0.163892947772,0.0232450216322,0.120565734842,0.0345209440145,0.109131847913,0.129747610403,0.137577487621,17,15,4,20,1.81636964329e-06,1.47125941106e-08,1.81636964329e-06,6.32620293645e-06,1.78128560003e-05,3.01015337711e-06,1.81636964329e-06,1.47125941106e-08,1.81636964329e-06,0.192149839665,0.685457303446,0.122358412773
240,0.0374441691676,0.0380823551757,0.00994764358528,0.131450309656,0.0276433913006,0.1483517282,0.0267175880805,0.108188104494,0.107669517915,0.0507769211748,0.167409671945,0.146318599306,17,15,4,20,8.6069755349e-05,6.97165018327e-07,8.6069755349e-05,0.00373835513598,0.00355843149183,0.000331227505433,8.6069755349e-05,6.97165018327e-07,8.6069755349e-05,0.190827703757,0.679842477507,0.121356131251
241,0.0757406210693,0.0674515781803,0.0172802603764,0.0802358704907,0.0516182799603,0.204957095304,0.0530901223888,0.0096912253695,0.0692632679222,0.0345709226559,0.27892624755,0.0571745087321,17,15,4,20,4.67009896215e-08,3.78278015934e-10,4.67009896215e-08,2.07933333394e-06,3.26201256588e-07,1.21339500904e-07,4.67009896215e-08,3.78278015934e-10,4.67009896215e-08,0.192281596573,0.685372427166,0.122343261827
242,0.0433207046172,0.0477972098803,0.0537603404456,0.100401075601,0.165092614306,0.116683050949,0.0247931634897,0.115427684708,0.017449469612,0.127479071,0.0147878678096,0.173007747581,17,15,4,20,6.63459517344e-07,5.37402209048e-09,6.63459517344e-07,7.36838153196e-06,3.74326740724e-06,1.21386804297e-06,6.63459517344e-07,5.37402209048e-09,6.63459517344e-07,0.192392182517,0.685268175184,0.122324652196
243,0.0794439207609,8.2898956336e-05,0.117054393806,0.0485251496669,0.291419232471,0.162176765193,0.109124848972,0.0710339948884,0.00537323720558,0.0581400457543,0.0465150655725,0.0111104467542,17,15,4,20,0.000879256670076,7.12197902762e-06,0.000879256670076,0.132220689363,0.0117491680183,0.00609774675277,0.000879256670076,7.12197902762e-06,0.000879256670076,0.16280948712,0.580049225965,0.103542412142
244,0.00798171693097,0.0864758185124,0.0482414765189,0.136471380749,0.0349530198346,0.0741327080812,0.129492175101,0.0163403504839,0.00383442319908,0.147471496305,0.169491058007,0.145114376277,17,15,4,20,2.89809731299e-05,2.34745882353e-07,2.89809731299e-05,0.00288386263303,0.00272853816957,0.000201818542309,2.89809731299e-05,2.34745882353e-07,2.89809731299e-05,0.191142082234,0.681309331229,0.121617973808
245,0.184228681188,0.0179642823012,0.0968028417812,0.0386172911933,0.00267045696803,0.0423073460799,0.032824694792,0.248656700926,0.0658740454146,0.0501103014453,0.147120614558,0.0728227433523,17,15,4,20,0.000218478087816,1.76967251131e-06,0.000218478087816,0.0212650355229,0.00548325609654,0.00072223482842,0.000218478087816,1.76967251131e-06,0.000218478087816,0.18669535045,0.666060677579,0.118895993827
246,0.184308116173,0.0372663238684,0.143172833584,0.104752149054,0.0404259040594,0.246672971823,0.0342192325549,0.0171469714655,0.0322360215259,0.0106136820858,0.147678660274,0.00150713353219,17,15,4,20,8.96286468137e-07,7.25992039191e-09,8.96286468137e-07,2.53522869398e-05,2.00722669113e-05,3.84644295949e-06,8.96286468137e-07,7.25992039191e-09,8.96286468137e-07,0.192248817166,0.685357682381,0.122340629791
247,0.0355047614466,0.0145328319981,0.0374118427796,0.0449896067983,0.0998669991989,0.0329721635032,0.0174799234424,0.274573982552,0.197343430004,0.0424237019977,0.127473477869,0.0754272784107,17,15,4,20,0.000180097097473,1.45878648953e-06,0.000180097097473,0.00583359950115,0.00495085085362,0.00111908747104,0.000180097097473,1.45878648953e-06,0.000180097097473,0.190033983047,0.676567623773,0.120771549391
248,0.0586136786917,0.0362580124794,0.0182833498691,0.190290986149,0.0180049628908,0.0432178314735,0.0141909545954,0.189871177504,0.0483548164095,0.0230094894854,0.16735368114,0.192551059313,17,15,4,20,3.75966893609e-05,3.04533183823e-07,3.75966893609e-05,0.000842724251426,0.00173519198617,0.000567197811754,3.75966893609e-05,3.04533183823e-07,3.75966893609e-05,0.191781890001,0.683001893393,0.121920106733
249,0.0332136397156,0.0785931368979,0.138869847491,0.148909534366,0.058039931915,0.237228349724,0.0651510408154,0.038207610838,0.0489606397669,0.0172269805114,0.039898526803,0.0957007611567,17,15,4,20,1.81709743815e-06,1.47184892491e-08,1.81709743815e-06,1.23548567005e-05,0.000119232772232,1.86871407632e-06,1.81709743815e-06,1.47184892491e-08,1.81709743815e-06,0.192400948293,0.685154022337,0.1223042752
250,0.136239463358,0.0377348942467,0.0357032087252,0.0580082512034,0.0490970693082,0.0934836981579,0.0907804107303,0.078510941226,0.0593229830311,0.0439072388169,0.121984336152,0.195227505045,17,15,4,20,7.47196004297e-07,6.05228763481e-09,7.47196004297e-07,1.14216734469e-05,1.10301809038e-05,1.49832094511e-05,7.47196004297e-07,6.05228763481e-09,7.47196004297e-07,0.192482739511,0.685169743085,0.122307081452
251,0.136485827784,0.00869727179215,0.173379215171,0.0821429882618,0.062721289105,0.143563901709,0.0504324014824,0.0891621551073,0.0174289389357,0.0764401477124,0.0251064333929,0.134439429547,17,15,4,20,0.000161144091135,1.30526713819e-06,0.000161144091135,0.00965957457739,0.00507963208555,0.00364778892857,0.000161144091135,1.30526713819e-06,0.000161144091135,0.18882843124,0.672153742307,0.119983643963
252,0.0185544628462,0.0500299753844,0.0103865670452,0.0846518754582,0.00447139328302,0.0370617169569,0.154644528246,0.140378352585,0.317425220815,0.0731223991973,0.0100369691293,0.0992365390536,17,15,4,20,0.00051222297451,4.14900609353e-06,0.00051222297451,0.0123973671037,0.00861075980945,0.00143833050532,0.00051222297451,4.14900609353e-06,0.00051222297451,0.187724852092,0.668449149574,0.119322351006
253,0.0216859714884,0.036669856349,0.256083291,0.0490475016461,0.0504205276833,0.0555271560731,0.000452982322586,0.0509958852454,0.121403136191,0.0687182818939,0.00623733527374,0.282758074833,17,15,4,20,0.000226268973275,1.83277868352e-06,0.000226268973275,0.014269300849,0.00208319074064,0.00125550650206,0.000226268973275,1.83277868352e-06,0.000226268973275,0.188865830986,0.672561074218,0.120056355255
254,0.039865245316,0.0247460115989,0.0693660441131,0.00164514777617,0.107108423471,0.000817177156423,0.0282845160082,0.0961142595554,0.231035865752,0.124558172375,0.00138307619841,0.27507606068,17,15,4,20,0.000109974544606,8.90793811308e-07,0.000109974544606,0.00461630696666,0.00214311923898,0.000511494756646,0.000109974544606,8.90793811308e-07,0.000109974544606,0.190994900972,0.679922145767,0.121370352533
255,0.0885350616304,0.143528445326,0.0436086462466,0.00181587567461,0.0881252057576,0.138913651595,0.00939777997903,0.0136909158082,0.0676521076699,0.0104121165377,0.0608175814421,0.333502612332,17,15,4,20,3.49149830732e-06,2.82811362893e-08,3.49149830732e-06,1.12109524833e-05,0.000143701409282,3.53408223938e-06,3.49149830732e-06,2.82811362893e-08,3.49149830732e-06,0.192407254107,0.685121760613,0.12229851628
256,0.00904352449855,0.00720353225038,0.0230840709095,0.0200626004908,0.0427754473596,0.0104417661035,0.120771279375,0.0938171949575,0.136587555067,0.0995013001421,0.306873458994,0.129838269852,17,15,4,20,5.64934526414e-05,4.57596966395e-07,5.64934526414e-05,0.0068948500977,0.0012842191977,0.000272969184769,5.64934526414e-05,4.57596966395e-07,5.64934526414e-05,0.190731012746,0.679326104354,0.121263955415
257,0.0374842477996,0.0724251811027,0.322275327692,0.00299807257109,0.264033901223,0.0324759777242,0.106551947258,0.0522575120865,0.0864023586266,0.00752504788924,0.00591281304483,0.00965761298098,17,15,4,20,0.00355528113345,2.8797777181e-05,0.00355528113345,0.172303127673,0.1676451902,0.0140375690916,0.00355528113345,2.8797777181e-05,0.00355528113345,0.121463190089,0.432982177955,0.0772900249036
258,0.0208650486932,0.16095811463,0.0835896100693,0.13847861964,0.042419705198,0.199785971228,0.0997178645466,0.107388659175,0.0208910621825,0.0326902941667,0.0131614842866,0.0800535661835,17,15,4,20,7.00304633408e-06,5.6724675306e-08,7.00304633408e-06,5.60397882986e-05,0.000385611256821,2.00967837852e-05,7.00304633408e-06,5.6724675306e-08,7.00304633408e-06,0.19239127827,0.684865988845,0.122252859421
259,0.13000696196,0.0424843617245,0.00920831128176,0.050544460487,0.219926252497,0.381457186117,0.00499590646834,0.0118022521147,0.0298531872948,0.0420096129999,0.0448405262565,0.0328709807982,17,15,4,20,9.22199006705e-07,7.46981195431e-09,9.22199006705e-07,3.08633730475e-05,1.66234337362e-05,7.16638920151e-06,9.22199006705e-07,7.46981195431e-09,9.22199006705e-07,0.192477288623,0.685159161816,0.122305192629
260,0.00458331151038,0.057503762658,0.242457433011,0.0228384661498,0.0279930935039,0.125269198068,0.0598630143793,0.0790683429654,0.0738800659065,0.0494960188389,0.0779322164634,0.179115076546,17,15,4,20,1.21444800047e-06,9.83702880379e-09,1.21444800047e-06,8.53486158409e-06,3.65206502454e-05,1.30313815539e-06,1.21444800047e-06,9.83702880379e-09,1.21444800047e-06,0.192128955337,0.685460775916,0.122359032631
261,0.0605904144749,0.0943138862794,0.0250227882791,0.0161911219954,0.0547684240322,0.0599311051116,0.0964773125623,0.251981406967,0.166388036648,0.00205851119408,0.0763136839729,0.0959633084838,17,15,4,20,0.000143082835588,1.15897096826e-06,0.000143082835588,0.00236631288675,0.00312830947889,0.000285312543794,0.000143082835588,1.15897096826e-06,0.000143082835588,0.191037252877,0.68103852901,0.121569633919
262,0.0152743842551,0.338443961009,0.0371125717589,0.0371292434282,0.295267816406,0.000418940961432,0.0438441242504,0.0036416412459,0.0996095326807,0.00135761646506,0.0497842573791,0.0781159101593,17,15,4,20,0.000499694476473,4.04752525943e-06,0.000499694476473,0.0273796318609,0.0131764504455,0.00421527439268,0.000499694476473,4.04752525943e-06,0.000499694476473,0.183438249919,0.653185776847,0.116597743578
263,0.141154459047,0.0830550120198,0.0686372667547,0.0253169932774,0.0342745734457,0.00307524396016,0.00715384393528,0.112740854788,0.0946187420972,0.0608054796072,0.101007914593,0.268159616475,17,15,4,20,6.88071064521e-07,5.57337562262e-09,6.88071064521e-07,3.74000846305e-06,5.54649053263e-06,1.53619687686e-06,6.88071064521e-07,5.57337562262e-09,6.88071064521e-07,0.192426118154,0.685240571036,0.122319724683
264,0.0413455850459,0.152252482744,0.00881867961067,0.0806664831437,0.0197412357676,0.125081545921,0.0639567192244,0.233249111418,0.0103335049827,0.0218706401695,0.171653409835,0.0710306021375,17,15,4,20,0.000167738500938,1.3586818576e-06,0.000167738500938,0.00371348735981,0.00414668678157,0.000735780981338,0.000167738500938,1.3586818576e-06,0.000167738500938,0.190632455508,0.678908506426,0.121189411575
265,0.0512573051253,0.00699003771423,0.0705862560262,0.090085174954,0.155310929581,0.069580146665,0.162352755231,0.114880641478,0.0493903928587,0.0186299105036,0.0864242950242,0.124512154839,17,15,4,20,1.94940464569e-06,1.57901776301e-08,1.94940464569e-06,1.48606358014e-05,5.67465214535e-05,5.22870581196e-06,1.94940464569e-06,1.57901776301e-08,1.94940464569e-06,0.192323827772,0.68526705494,0.122324452226
266,0.0317430221273,0.108690163517,0.0779074875389,0.0928158805419,0.141163934254,0.0188299580278,0.0164326418314,0.0981118642674,0.105924507606,0.0391968571206,0.240277069405,0.0289066137626,17,15,4,20,7.31588072281e-05,5.92586338547e-07,7.31588072281e-05,0.00314324433463,0.00277126539051,0.00147900665024,7.31588072281e-05,5.92586338547e-07,7.31588072281e-05,0.191012670783,0.679928504783,0.121371487657
267,0.0394992399034,0.0980866646366,0.140683703446,0.0308090420888,0.070992403799,0.352459177804,0.105342820937,0.101789448024,0.00234131493057,0.0303231282455,0.0142069516801,0.0134661045045,17,15,4,20,0.00226692516541,1.83620938399e-05,0.00226692516541,0.0711181502888,0.0439947499463,0.012997273614,0.00226692516541,1.83620938399e-05,0.00226692516541,0.166013811279,0.591232833956,0.105538756066
268,0.0200093130466,0.0660070281506,0.055659833259,0.0385666445161,0.0847190205154,0.130222769608,0.0397943561684,0.00469381885213,0.0869953593677,0.252067308346,0.0297436862787,0.191520861891,17,15,4,20,9.41475956827e-08,7.62595525029e-10,9.41475956827e-08,2.16769257029e-06,6.58790397358e-07,3.45707930742e-07,9.41475956827e-08,7.62595525029e-10,9.41475956827e-08,0.192478412465,0.685204713363,0.122313323865
269,0.0361925505254,0.042895947714,0.152493004089,0.0875861028005,0.252545189178,0.0489632478844,0.000387179643944,0.0348213399099,0.143099258076,0.0890864391786,0.0954795308307,0.0164502101697,17,15,4,20,7.27582214114e-05,5.89341593432e-07,7.27582214114e-05,0.000479832448314,0.00510658808084,7.93180011091e-05,7.27582214114e-05,5.89341593432e-07,7.27582214114e-05,0.190997711057,0.681408638133,0.121635700711
270,0.164664269826,0.0963790589441,0.0482102879387,0.100043444045,0.0555670926818,0.126089497603,0.16365074597,0.0270812355433,0.0618598551183,0.100806529979,0.0297538968734,0.0258940854774,17,15,4,20,0.000504989418802,4.09041429229e-06,0.000504989418802,0.0608580440807,0.00688081057233,0.00924406168301,0.000504989418802,4.09041429229e-06,0.000504989418802,0.177145858182,0.631174494814,0.112668592165
271,0.0395916068125,0.0326945196892,0.101221058283,0.13859485342,0.00791149815496,0.0577495316623,0.151216956408,0.111495886482,0.044610493644,0.109510527842,0.0712121818078,0.134190885795,17,15,4,20,3.26277780151e-07,2.64285001922e-09,3.26277780151e-07,5.47734714842e-06,5.96849581515e-06,4.16111132239e-06,3.26277780151e-07,2.64285001922e-09,3.26277780151e-07,0.192488141249,0.685185115819,0.122309825581
272,0.0108076671074,0.121962619565,0.00706770673566,0.0615477857889,0.0618179958093,0.0878826540378,0.237658678389,0.0128469155849,0.165152972909,0.109543957749,0.00619161699382,0.117519429331,17,15,4,20,0.000257644071793,2.08691698152e-06,0.000257644071793,0.0410943013761,0.00317683965334,0.0051642817734,0.000257644071793,2.08691698152e-06,0.000257644071793,0.182567145886,0.650792205124,0.116170476066
273,0.263040180561,0.106103368586,0.0716387852645,0.0723457376232,0.0189964307148,0.162502634426,0.0164776136332,0.0763200592613,0.0319166566741,0.0019619624935,0.12930394176,0.0493926290027,17,15,4,20,0.000201495955875,1.63211724259e-06,0.000201495955875,0.0433914645694,0.00943415993045,0.00300510605206,0.000201495955875,1.63211724259e-06,0.000201495955875,0.181390992679,0.646554932323,0.115414096388
274,0.125348086904,0.0045363194109,0.290185704898,0.0632455059596,0.0323805864335,0.158643844411,0.0924806379411,0.0458284496535,0.0168020387451,0.0400535613334,0.122246798178,0.00824846613134,17,15,4,20,7.87558941956e-07,6.37922742985e-09,7.87558941956e-07,7.57226339107e-05,1.7504064662e-05,1.23270026893e-05,7.87558941956e-07,6.37922742985e-09,7.87558941956e-07,0.192387062842,0.685192989399,0.122311231064
275,0.0294157552323,0.00918726785947,0.149013066335,0.0563381111717,0.205256698822,0.207143318869,0.12874118624,0.0582186726644,0.0161397885231,0.0845762940256,0.0105282411875,0.04544159907,17,15,4,20,4.27816194389e-07,3.46531117455e-09,4.27816194389e-07,3.60935830254e-06,8.80233588799e-07,1.24756882465e-06,4.27816194389e-07,3.46531117455e-09,4.27816194389e-07,0.192280982086,0.685368925754,0.122342636803
276,0.109026802282,0.231882358833,0.0932517388416,0.0406944539074,0.0440205614479,0.0389102179568,0.00412672865268,0.0157691928556,0.114872924309,0.164448430406,0.0601992804135,0.0827973100947,17,15,4,20,2.15115802367e-06,1.74243799917e-08,2.15115802367e-06,2.27852848441e-05,7.20204911826e-05,2.76383651801e-06,2.15115802367e-06,1.74243799917e-08,2.15115802367e-06,0.19244024319,0.685149991964,0.122303555753
277,0.0200574936717,0.236254379944,0.0133478551751,0.0624872934276,0.0109703621877,0.282619451845,0.111137429339,0.000729501687213,0.0065585072942,0.0284824337003,0.000999722327982,0.2263555694,17,15,4,20,0.000377899789028,3.06098829112e-06,0.000377899789028,0.0167187640018,0.00527439802078,0.00120969881563,0.000377899789028,3.06098829112e-06,0.000377899789028,0.187659475895,0.668320547417,0.119299394717
278,0.00770760880576,0.0542400847616,0.000307274102547,0.00231529941713,0.0650941283108,0.153912876459,0.00846386018113,0.0135689715945,0.260475788671,0.219407445557,0.182683804741,0.0318228573988,17,15,4,20,1.90303867227e-06,1.54146132454e-08,1.90303867227e-06,1.95664914929e-05,6.25556973724e-05,1.49712585642e-06,1.90303867227e-06,1.54146132454e-08,1.90303867227e-06,0.19236315473,0.685228086801,0.12231749617
279,0.177183991023,0.0103154405236,0.0570850956143,0.246482790364,0.0110941942394,0.0266634496862,0.141935525245,0.0259100808281,0.0906809942071,0.050897455412,0.0400325922773,0.121718390579,17,15,4,20,5.54821756994e-07,4.49405623165e-09,5.54821756994e-07,1.42644245338e-05,4.51632640563e-06,8.64656660975e-06,5.54821756994e-07,4.49405623165e-09,5.54821756994e-07,0.192421513191,0.685230843041,0.122317988176
280,0.0240928599797,0.16174192665,0.139181782184,0.0107551049829,0.0839226211222,0.0266457367829,0.0496041881075,0.129773062968,0.0968557163113,0.0547023420816,0.0864436360751,0.136281022754,17,15,4,20,1.13475380284e-05,9.191505803e-08,1.13475380284e-05,2.06507733941e-05,0.000197693566375,2.16458964336e-05,1.13475380284e-05,9.191505803e-08,1.13475380284e-05,0.192381322682,0.685047799364,0.122285313735
281,0.273030230799,0.0257491475766,0.227878307497,0.00338651428987,0.0699657232921,0.102643286497,0.0196548201496,0.0464553495166,0.0344963845131,0.150272492141,0.0430260249772,0.00344171875053,17,15,4,20,0.00027214871769,2.20440461329e-06,0.00027214871769,0.00873379743922,0.00686781467419,0.00321824651061,0.00027214871769,2.20440461329e-06,0.00027214871769,0.188442440082,0.671735680327,0.119909017286
282,0.0923530873123,0.106399733533,0.00515432501078,0.0292852845413,0.187418522137,0.0573588397214,0.030391624615,0.225005194287,0.129671291133,0.0610687601671,0.0594275023871,0.0164658351549,17,15,4,20,0.000534101110072,4.32621899158e-06,0.000534101110072,0.0410357061468,0.0167911479523,0.00372081561135,0.000534101110072,4.32621899158e-06,0.000534101110072,0.18007772679,0.641684799399,0.114544747223
283,0.0151279825343,0.0756182837822,0.096075546617,0.110637435281,0.0038571418677,0.189946595824,0.0785544347123,0.100868240352,0.156535867651,0.0169574853077,0.00913733444334,0.146683651627,17,15,4,20,3.23735151068e-05,2.62225472365e-07,3.23735151068e-05,0.00224461960627,0.000557099081992,5.00638692017e-05,3.23735151068e-05,2.62225472365e-07,3.23735151068e-05,0.191536323402,0.683476965463,0.122004910066
284,0.0630439232364,0.149675309816,0.146707970149,0.104183429382,0.0361709614392,0.117967835253,0.0331062877739,0.0943664257786,0.0616231709752,0.00594668812882,0.125211071729,0.0619969263393,17,15,4,20,3.78927511685e-06,3.06931284465e-08,3.78927511685e-06,3.68222454699e-05,2.90558428349e-05,4.84288219584e-06,3.78927511685e-06,3.06931284465e-08,3.78927511685e-06,0.192419550581,0.68518474973,0.122309760232
285,0.0222592021681,0.199068191219,0.0631182517622,0.162618083125,0.0438610920494,0.00616014423413,0.0486696450037,0.145570418279,0.0479971079507,0.0900566129883,0.161163881534,0.00945736968613,17,15,4,20,0.000184171006889,1.4917851558e-06,0.000184171006889,0.00698661627836,0.00552606096082,0.00101780589782,0.000184171006889,1.4917851558e-06,0.000184171006889,0.189611183701,0.675531984293,0.120586681271
286,0.114072462467,0.0874677559754,0.00318263438302,0.0227221450701,0.0431086302375,0.0756038841867,0.329145709818,0.00395158689869,0.114314069756,0.184898996592,0.000362465565905,0.0211696590504,17,15,4,20,0.000488633284743,3.95792960642e-06,0.000488633284743,0.0380686638957,0.00266289102142,0.00625675726899,0.000488633284743,3.95792960642e-06,0.000488633284743,0.183009060944,0.651706495296,0.116333682576
287,0.0409854064108,0.0346674044407,0.265440773233,0.0746057768201,0.112493820618,0.0930849442312,0.103626300837,0.00317812353617,0.0217176708235,0.0209975067162,0.205480262689,0.0237220096441,17,15,4,20,5.76823758654e-06,4.6722724451e-08,5.76823758654e-06,4.9693478278e-05,9.2222102909e-05,6.65772142228e-05,5.76823758654e-06,4.6722724451e-08,5.76823758654e-06,0.192316313466,0.685148701878,0.122303325465
288,0.132845253245,0.269793159075,0.0675243018267,0.102291006234,0.0543670185633,0.0531837826646,0.0571381037631,0.0266896750518,0.141327182024,0.0229677217386,0.0537079268345,0.01816486898,17,15,4,20,0.000916348581272,7.4224235083e-06,0.000916348581272,0.0565572359594,0.0302461437267,0.00364644430576,0.000916348581272,7.4224235083e-06,0.000916348581272,0.174223596206,0.620825167987,0.110821172643
289,0.0161730207601,0.0698820672425,0.00232743657175,0.126535218972,0.248188954915,0.0163018800142,0.11663109786,0.00980452365733,0.278719211685,0.0121138610529,0.0424046929429,0.060918034326,17,15,4,20,0.00101319084194,8.20684581975e-06,0.00101319084194,0.047774293224,0.0165107726567,0.00517971763438,0.00101319084194,8.20684581975e-06,0.00101319084194,0.178347801722,0.634802096046,0.113316141657
290,0.107531576784,0.015622280572,0.0535514764194,0.123591860819,0.0499833266186,0.101598324083,0.0355776659263,0.0068801462875,0.132259033998,0.336900386633,0.020519514098,0.0159844077618,17,15,4,20,6.06608825165e-05,4.91353148384e-07,6.06608825165e-05,0.00236601450909,0.00293786368388,0.000162248373703,6.06608825165e-05,4.91353148384e-07,6.06608825165e-05,0.190794894067,0.681791338086,0.121704015044
291,0.0584845071385,0.170970417397,0.0770035449625,0.0547931391674,0.147077249964,0.100987318669,0.115717608951,0.0875615510215,0.112224341553,0.0457405808208,0.0235480145455,0.00589172581039,17,15,4,20,0.000851181330169,6.89456877437e-06,0.000851181330169,0.0983357020868,0.0301737156978,0.0192434662902,0.000851181330169,6.89456877437e-06,0.000851181330169,0.163285991442,0.581704687629,0.103837922396
292,0.052177549765,0.140309802233,0.00387676532327,0.0202810939579,0.0119674199176,0.0802001881382,0.00212650972311,0.196487578387,0.401949885599,0.0400458645148,0.0234059024169,0.0271714400241,17,15,4,20,7.1332203513e-06,5.77790848455e-08,7.1332203513e-06,3.18358835921e-05,0.000654272110736,6.13667509021e-06,7.1332203513e-06,5.77790848455e-08,7.1332203513e-06,0.192334079118,0.684718496633,0.12222653114
293,0.144577311778,0.203098277288,0.00235378280176,0.0011024788353,0.0301571694971,0.110652139217,0.12324952236,0.0370807754757,0.0423662720801,0.0941175257836,0.0187701135051,0.192474631378,17,15,4,20,9.9826497631e-06,8.08594630811e-08,9.9826497631e-06,4.99230107525e-05,0.000371843657952,7.91299929518e-05,9.9826497631e-06,8.08594630811e-08,9.9826497631e-06,0.192313969577,0.684888214588,0.122256826855
294,0.185074758751,0.0213930369996,0.167606293745,0.0853363445412,0.0417673232351,0.031807953054,0.0179394688926,0.0610274853652,0.11446863447,0.251272591882,0.00121824236481,0.0210878666989,17,15,4,20,7.13634301403e-07,5.78043784136e-09,7.13634301403e-07,8.72740110367e-06,1.40631115851e-06,2.15222478108e-05,7.13634301403e-07,5.78043784136e-09,7.13634301403e-07,0.192420994448,0.68522715386,0.122317329634
295,0.0405554364726,0.0923035306762,0.0440384492204,0.0475777791433,0.110977887896,0.0874131974017,0.0399548835901,0.093503269775,0.159097193928,0.17682124926,0.0684662824271,0.0392908402101,17,15,4,20,0.000100601098449,8.14868897439e-07,0.000100601098449,0.00460150515712,0.00382528890284,0.000963461955376,0.000100601098449,8.14868897439e-07,0.000100601098449,0.190459229495,0.678610300419,0.121136179939
296,0.0281214446313,0.037306662319,0.0141199007066,0.0524106594007,0.136175424802,0.0195317939622,0.077666802966,0.0164011091898,0.164538611594,0.378406972877,0.0747860421544,0.00053457539742,17,15,4,20,5.29694794185e-05,4.2905278329e-07,5.29694794185e-05,0.0017525520804,0.00118929684693,0.000803586657225,5.29694794185e-05,4.2905278329e-07,5.29694794185e-05,0.191510067732,0.682670762807,0.121860997853
297,0.0179140255291,0.181934553417,0.038598144673,0.0877600014337,0.162058990849,0.0121337877749,0.0463594904051,0.063576954829,0.0149541083339,0.0859565961088,0.108128539372,0.180624807275,17,15,4,20,0.000190016646698,1.53913483825e-06,0.000190016646698,0.0113239282356,0.00248465671271,0.00109524078039,0.000190016646698,1.53913483825e-06,0.000190016646698,0.189414256327,0.674513837401,0.120404935687
298,0.0251538582485,0.262263990059,0.00581613544465,0.0631166864372,0.0870580068425,0.148911968612,0.0344701185712,0.0975492963941,0.0433891585723,0.159764042037,0.03403069995,0.0384760388319,17,15,4,20,9.20668388193e-07,7.45741394436e-09,9.20668388193e-07,6.57070144911e-06,5.55112933021e-06,5.74803129954e-06,9.20668388193e-07,7.45741394436e-09,9.20668388193e-07,0.192487007085,0.685182132436,0.122309293028
299,0.047292591582,0.0361413664392,0.0772331129129,0.086057448626,0.138839573759,0.162033894168,0.0078744723719,0.113171397431,0.0500995060498,0.198183515773,0.0592152838476,0.0238578370393,17,15,4,20,8.9123371876e-06,7.21899312196e-08,8.9123371876e-06,1.10445188587e-05,0.000100276678267,1.23463367423e-05,8.9123371876e-06,7.21899312196e-08,8.9123371876e-06,0.192278885606,0.685241722843,0.122319930288
300,0.0302409202047,0.0704101941653,0.0364630935892,0.150346005834,0.320748482717,0.057468938432,0.0903852852136,0.0836695216617,0.0635025851117,0.0803311992733,0.015851903521,0.000581870276833,17,15,4,20,0.000843608097822,6.83322559236e-06,0.000843608097822,0.0622890941205,0.0161891080568,0.0125854470056,0.000843608097822,6.83322559236e-06,0.000843608097822,0.174120505552,0.620639683856,0.110788062566
301,0.0342750872888,0.0041477717142,0.0815353511558,0.11949892211,0.0460026528817,0.0787982247577,0.0223921528285,0.068453216055,0.36363937711,0.0821716484611,0.00677202593866,0.0923135696984,17,15,4,20,0.000466722664217,3.78045358016e-06,0.000466722664217,0.0550796205382,0.00720122428546,0.00526388334552,0.000466722664217,3.78045358016e-06,0.000466722664217,0.179058330378,0.637690712195,0.113831777694
302,0.0472062225492,0.140606068523,0.0456097303963,0.0460008645646,0.0532821194616,0.010762963352,0.203280317635,0.217199101574,0.121026541755,0.0113430074551,0.0673311438518,0.0363519188822,17,15,4,20,0.000743500724842,6.02235587122e-06,0.000743500724842,0.100720657919,0.0182006362489,0.0049603155979,0.000743500724842,6.02235587122e-06,0.000743500724842,0.168042726226,0.59829094364,0.106798672758
303,0.0058428716229,0.0722288957666,0.155591992177,0.150031466857,0.00401734240218,0.0020309744492,0.0184737920272,0.00498259841875,0.00870483285922,0.186529075903,0.0927027001025,0.298863457414,17,15,4,20,1.13978823646e-07,9.23228471531e-10,1.13978823646e-07,2.73599993343e-06,1.82813561376e-06,1.56247643464e-06,1.13978823646e-07,9.23228471531e-10,1.13978823646e-07,0.192427493114,0.685245345548,0.122320576964
304,0.107695322187,0.0454809208388,0.072208338718,0.222369017104,0.0674355282573,0.0893440115068,0.0323157927406,0.0249932618714,0.0261442181123,0.00762695013348,0.242253750095,0.0621328884351,17,15,4,20,3.20689282421e-07,2.59758318761e-09,3.20689282421e-07,9.039028605e-06,3.14547608649e-05,5.81563922887e-07,3.20689282421e-07,2.59758318761e-09,3.20689282421e-07,0.19213287272,0.685464980753,0.122359783221
305,0.0573073548844,0.0465003187923,0.137172378163,0.0219939508011,0.18139899556,0.00586440162262,0.0595728393917,0.177579413738,0.10183170403,0.202420907772,0.00263077847785,0.00572695676781,17,15,4,20,3.44783550669e-06,2.79274676042e-08,3.44783550669e-06,2.34646989108e-05,5.09332320502e-05,1.24895645482e-05,3.44783550669e-06,2.79274676042e-08,3.44783550669e-06,0.192468926067,0.685130298834,0.122300040406
306,0.150343346719,0.0911293861099,0.0185451295315,0.0241020764149,0.118807131029,0.05303191844,0.0635565706918,0.0406996660914,0.116925497964,0.0618009418702,0.16623485504,0.094823480099,17,15,4,20,9.77779456372e-05,7.92001359662e-07,9.77779456372e-05,0.0160983682852,0.00452518311262,0.00106388970069,9.77779456372e-05,7.92001359662e-07,9.77779456372e-05,0.188229326867,0.670077512316,0.119613023933
307,0.264064892005,0.0826800033427,0.234683319918,0.0961409015896,0.0309186261365,0.05946858834,0.0122899735433,0.0364535645396,0.0113054413244,0.0898553622954,0.0644662976704,0.0176730292954,17,15,4,20,7.5050505606e-06,6.07909095408e-08,7.5050505606e-06,7.33242726891e-05,0.000628387095801,3.90200360136e-05,7.5050505606e-06,6.07909095408e-08,7.5050505606e-06,0.192169704807,0.684815563773,0.122243858231
308,0.018268395116,0.171061479122,0.0551151746261,0.0252738125841,0.225043757529,0.0106144758076,0.115951297633,0.027854712989,0.061948540382,0.224021805513,0.0646789585858,0.000167590112044,17,15,4,20,0.000117331025338,9.50381305236e-07,0.000117331025338,0.00137826941314,0.00198654214285,0.000351360041273,0.000117331025338,9.50381305236e-07,0.000117331025338,0.191522588669,0.682465633823,0.121824381048
309,0.0799931787493,0.0813945734573,0.0625127052041,0.0530211156758,0.0605808284227,0.118280255668,0.0499476769295,0.216104139518,0.142048706934,0.0258250475678,0.0483138858764,0.061977885997,17,15,4,20,1.03968645695e-06,8.42146030132e-09,1.03968645695e-06,3.86595204733e-05,5.68163556977e-06,2.67852929088e-05,1.03968645695e-06,8.42146030132e-09,1.03968645695e-06,0.192409440637,0.685202354528,0.122312902798
310,0.00702632948417,0.140547087245,0.0514652081358,0.073232091669,0.000224700761178,0.00069829723326,0.25101591405,0.103147458332,0.136978042013,0.0844767886626,0.00672601453917,0.144462067875,17,15,4,20,0.00041065182587,3.32627978955e-06,0.00041065182587,0.0167850117351,0.00388728587618,0.00245591690917,0.00041065182587,3.32627978955e-06,0.00041065182587,0.187577190118,0.668342094493,0.119303241005
311,0.00319090422399,0.217895204447,0.000266427268469,0.164882064751,0.215531125787,0.0103174936884,0.00107228804011,0.0964741319883,0.200263547903,0.0228146348311,0.053903069933,0.0133891071391,17,15,4,20,0.0012887155373,1.04385958521e-05,0.0012887155373,0.0363521557284,0.0236248235505,0.00642113677337,0.0012887155373,1.04385958521e-05,0.0012887155373,0.178588487854,0.636261077743,0.113576579009
312,0.220196645897,0.0331930025601,0.033629841613,0.0489863485873,0.0333544209321,0.0568055652763,0.398807905788,0.0387609430673,0.0177376081054,0.0258810171876,0.0068657687707,0.0857809322149,17,15,4,20,0.000371117297203,3.00605010734e-06,0.000371117297203,0.00941247546909,0.0174384628841,0.00352902661466,0.000371117297203,3.00605010734e-06,0.000371117297203,0.186236546427,0.663461061251,0.118431946065
313,0.132326892974,6.82061772836e-05,0.0255989447163,0.0285121212702,0.237537107005,0.210708962433,0.0249650676861,0.0707474340898,0.0894611335417,0.0809581043976,0.0704825820703,0.0286334436383,17,15,4,20,3.3486580546e-06,2.71241302423e-08,3.3486580546e-06,3.37313472422e-05,2.39628033598e-05,3.23590712259e-05,3.3486580546e-06,2.71241302423e-08,3.3486580546e-06,0.192399574803,0.68518679735,0.122310125744
314,0.0619037567319,0.0488854415418,0.291839978773,0.0408754973906,0.00205567654417,0.0270878844368,0.10181339574,0.0190650820898,0.0962177377043,0.192766189175,0.00311946697526,0.114369892897,17,15,4,20,3.13722505184e-06,2.54115229199e-08,3.13722505184e-06,7.42036120128e-06,1.88859550161e-05,5.14086155763e-06,3.13722505184e-06,2.54115229199e-08,3.13722505184e-06,0.192301567346,0.685320409419,0.122333976334
315,0.10939276001,0.0123080603147,0.089860027299,0.0572218367827,0.0190752904052,0.00470319115769,0.0624885752826,0.148288550622,0.269232041966,0.150435727834,0.0677592340658,0.00923470426086,17,15,4,20,2.47355982934e-05,2.00358346177e-07,2.47355982934e-05,6.7490587918e-05,0.000419080540906,0.000216481435264,2.47355982934e-05,2.00358346177e-07,2.47355982934e-05,0.192181505844,0.684778802388,0.122237296094
316,0.120396577211,0.0989417223265,0.0696279737369,0.00403588741456,0.0355074270693,0.0565453939978,0.173444568189,0.0332506345129,0.14218147004,0.230531353154,0.0160542940597,0.0194826982881,17,15,4,20,5.54936030917e-06,4.49498185043e-08,5.54936030917e-06,8.21268687105e-05,0.000357147818294,5.73120173245e-06,5.54936030917e-06,4.49498185043e-08,5.54936030917e-06,0.192330051563,0.684937101697,0.12226555351
317,0.0233873363771,0.0248974885386,0.167356124313,0.174968858943,0.0093646090066,0.147808678543,0.0272080091409,0.0395593306882,0.125132241965,0.0389199022311,0.165173207302,0.0562242129512,17,15,4,20,2.68203983232e-06,2.17245226418e-08,2.68203983232e-06,5.84602242166e-06,5.85643704681e-06,3.38587150296e-05,2.68203983232e-06,2.17245226418e-08,2.68203983232e-06,0.192344958824,0.68527316541,0.122325542983
318,0.0863138984889,0.108618756304,0.0833071613188,0.0339114424536,0.0210426648263,0.0861726544664,0.0137021122572,0.00981327050534,0.292316422466,0.0146206240018,0.184923319148,0.0652576737637,17,15,4,20,8.40720012174e-06,6.80983209861e-08,8.40720012174e-06,2.80020407908e-05,0.000314330200815,1.5993982839e-05,8.40720012174e-06,6.80983209861e-08,8.40720012174e-06,0.191956408209,0.685317961249,0.12233353932
319,0.00654620508376,0.0490495686568,0.282258020635,0.0458961678221,0.0044535500081,0.0771611804851,0.249118940371,0.011953710449,0.0660825243903,0.0265975642723,0.0779149841148,0.102967583712,17,15,4,20,0.000332976178641,2.69710704699e-06,0.000332976178641,0.0183231336457,0.00468997431885,0.0065622359326,0.000332976178641,2.69710704699e-06,0.000332976178641,0.186420863751,0.66411738879,0.118549104633
320,0.205072957038,0.0838897536087,0.0189901431403,0.138396242339,0.0323639680878,0.0691400416528,0.100470719363,0.165567072665,0.0678389571978,0.00705032773556,0.0990498468599,0.0121699703119,17,15,4,20,0.000202107680106,1.63707220886e-06,0.000202107680106,0.0891361091521,0.0187025667265,0.00158565829936,0.000202107680106,1.63707220886e-06,0.000202107680106,0.170985529628,0.609906338069,0.10887209326
321,0.00820064912344,0.0707142902812,0.164970012157,0.056080867534,0.0279036624147,0.0204193987853,0.0886105697693,0.229675984528,0.0641051424269,0.045573894849,0.066159287633,0.157586240498,17,15,4,20,0.000185218636249,1.50027095362e-06,0.000185218636249,0.00608149867863,0.00428163737979,0.00180165688652,0.000185218636249,1.50027095362e-06,0.000185218636249,0.18987310147,0.676465000078,0.12075323042
322,0.14256649814,0.116889209667,0.196321437845,0.083955561323,0.0599631398886,0.0660315335377,0.0878870224003,0.0130982515011,0.0450120220975,0.113874463153,0.0194567894646,0.0549440709817,17,15,4,20,3.41312424741e-06,2.7646306404e-08,3.41312424741e-06,2.8812070904e-05,1.56888053407e-05,1.27212337259e-05,3.41312424741e-06,2.7646306404e-08,3.41312424741e-06,0.192398369707,0.685215458461,0.122315241932
323,0.0792320658878,0.0274604118836,0.0113069766515,0.321342568526,0.073730357939,0.170426472234,0.0949478074405,0.0617484901358,0.0499154037679,0.00785142695324,0.0533582608058,0.0486797577743,17,15,4,20,1.33693150718e-06,1.08291452082e-08,1.33693150718e-06,4.1006508651e-06,7.62373400808e-06,6.24214130713e-06,1.33693150718e-06,1.08291452082e-08,1.33693150718e-06,0.192487081212,0.685180568943,0.122309013935
324,0.144890389496,0.0181230336048,0.056979982466,0.0869422685486,0.0154114395055,0.0564001019059,0.0191165589448,0.011314585841,0.239722569495,0.122424514519,0.0893664534452,0.139308102229,17,15,4,20,1.57574555609e-06,1.27635390043e-08,1.57574555609e-06,1.77064757467e-05,4.53945853653e-05,6.91822084869e-06,1.57574555609e-06,1.27635390043e-08,1.57574555609e-06,0.192411889311,0.685199389395,0.122312373503
325,0.00875363181524,0.169095448766,0.0306512863773,0.0431370657962,0.100386342297,0.017591703181,0.0235580498972,0.0349586845953,0.0693701497199,0.47212984087,0.0148816992079,0.0154860974761,17,15,4,20,1.00780483383e-07,8.16321915399e-10,1.00780483383e-07,1.95830447691e-06,1.70558002424e-06,5.2612844081e-07,1.00780483383e-07,8.16321915399e-10,1.00780483383e-07,0.192355280459,0.685308308525,0.122331816249
326,0.0587537153971,0.120486178928,0.116761519857,0.0260233192513,0.0959241174986,0.0102165598318,0.210588696733,0.115333940431,0.201355483562,0.0298720196719,0.0124592738494,0.00222517498906,17,15,4,20,1.47605210937e-06,1.19560220859e-08,1.47605210937e-06,1.7288104357e-05,6.65357154799e-06,1.53359592951e-05,1.47605210937e-06,1.19560220859e-08,1.47605210937e-06,0.192452187851,0.685191619809,0.122310986584
327,0.137391374557,0.00162015170093,0.048640775528,0.239807098984,0.250522749934,0.00776080302421,0.0711051535352,0.0447181412043,0.0111241591247,0.111806295455,0.0453314443575,0.0301718525955,17,15,4,20,0.000132354074232,1.07206800128e-06,0.000132354074232,0.00572181614488,0.0107670958127,0.000442110887162,0.000132354074232,1.07206800128e-06,0.000132354074232,0.188997127368,0.673344150152,0.120196139203
328,0.0237272306069,0.0391124465335,0.227886295197,0.0396949713986,0.268269034238,0.00688464021731,0.186584932071,0.0287272354885,0.078003386133,0.0263814605022,0.0738825221895,0.000845845424143,17,15,4,20,9.32056638748e-06,7.54965877386e-08,9.32056638748e-06,9.88325223886e-05,0.000236539519777,1.44192631113e-05,9.32056638748e-06,7.54965877386e-08,9.32056638748e-06,0.192268091094,0.685057617931,0.122287066411
329,0.165052759894,0.0912469540935,0.00134708982895,0.0372369756866,0.117991930332,0.0779355391913,0.0599946681762,0.00374902303459,0.0322735440469,0.0265073914947,0.375260792411,0.0114033318096,17,15,4,20,4.75159638825e-05,3.84879307448e-07,4.75159638825e-05,0.00393528885596,0.00264989143236,0.000352592612394,4.75159638825e-05,3.84879307448e-07,4.75159638825e-05,0.191107266644,0.68032233757,0.121441789271
330,0.170879967688,0.0602320060879,0.0140444363347,0.204003227173,0.0101463318911,0.055481097442,0.227314453084,0.000658724050304,0.0335081642591,0.0701851783938,0.133361976914,0.020184436682,17,15,4,20,2.46591407971e-06,1.99739040456e-08,2.46591407971e-06,7.52480085518e-06,2.58905748952e-05,2.60734633415e-06,2.46591407971e-06,1.99739040456e-08,2.46591407971e-06,0.192493471255,0.685155978102,0.122304624316
331,0.0422152554488,0.09844550928,0.0691523634254,0.0345628059378,0.0352031520808,0.0122575872337,0.0352003973756,0.0228550945631,0.0296274103532,0.214701078627,0.0809031979523,0.324876147722,17,15,4,20,3.14139125144e-07,2.54452691367e-09,3.14139125144e-07,3.4634786709e-06,4.57927234166e-06,4.70117183112e-06,3.14139125144e-07,2.54452691367e-09,3.14139125144e-07,0.192425860459,0.685240433789,0.122319700184
332,0.0157667850205,0.100956067505,0.206634041236,0.00551202761874,0.0607013196229,0.0611689249639,0.0758134514605,0.00419038301263,0.163715651679,0.152190861925,0.0642795105171,0.0890709754378,17,15,4,20,0.000251805815579,2.03962710619e-06,0.000251805815579,0.0183624522746,0.00176500827525,0.00179352962768,0.000251805815579,2.03962710619e-06,0.000251805815579,0.18802733077,0.669525831141,0.119514545395
333,0.173353659437,0.0373798931604,0.18903051437,0.0147112539217,0.0373010459697,0.0213377526212,0.175325764614,0.122201898335,0.0739821085256,0.0603657114566,0.0785655974304,0.0164448001585,17,15,4,20,9.22493863447e-06,7.47220029392e-08,9.22493863447e-06,7.54552654229e-05,0.000292265413008,2.22766146619e-05,9.22493863447e-06,7.47220029392e-08,9.22493863447e-06,0.192262271872,0.685028765555,0.122281916081
334,0.052874631788,0.00784086694928,0.197602866486,0.272245765979,0.0192639740083,0.0563319082547,0.130374552182,0.0269864875825,0.0504792130887,0.107401891829,0.0580215362318,0.0205763056208,17,15,4,20,0.000204467092852,1.6561834521e-06,0.000204467092852,0.00787414432272,0.0102721441122,0.000695157801361,0.000204467092852,1.6561834521e-06,0.000204467092852,0.188632707996,0.671786564585,0.119918100444
335,0.0531665844889,0.0269519757204,0.0870183476535,0.0504418671932,0.0299854508856,0.0402011537756,0.111805299901,0.0912567647024,0.135587434796,0.0138512919987,0.315604809863,0.0441290190223,17,15,4,20,4.21579805005e-07,3.41479642054e-09,4.21579805005e-07,3.89027907082e-06,1.81021326259e-06,1.79376838076e-06,4.21579805005e-07,3.41479642054e-09,4.21579805005e-07,0.192413712552,0.685254830035,0.122322270004
336,0.0755100573158,0.0733163057907,0.151043268645,0.107207635844,0.187463097883,0.0623822332108,0.0155677960364,0.0155056070749,0.190987605455,0.0164989722693,0.0156724560198,0.0888449644554,17,15,4,20,5.41731488017e-06,4.38802505294e-08,5.41731488017e-06,0.000122650542584,3.59148707598e-05,2.65739268181e-05,5.41731488017e-06,4.38802505294e-08,5.41731488017e-06,0.192388636722,0.685108345346,0.122296121571
337,0.00571007712881,0.0358421135042,0.11342604238,0.0131711606877,0.125198832214,0.30781970989,0.0160756137752,0.100896156782,0.0466890084154,0.0741340966799,0.0743014028406,0.086735785702,17,15,4,20,0.000296551926935,2.40207060817e-06,0.000296551926935,0.0391163812146,0.0046922965894,0.00449839402524,0.000296551926935,2.40207060817e-06,0.000296551926935,0.182822311905,0.651400537262,0.116279067155
338,0.065792202675,0.115200534454,0.0618167901055,0.151470539192,0.0159815022638,0.00135780345425,0.140961165171,0.0589363362039,0.132800743088,0.0315426330371,0.144364511091,0.0797752392653,17,15,4,20,3.53952245047e-06,2.86701318488e-08,3.53952245047e-06,3.92285398712e-05,0.000425220710229,1.2165059036e-05,3.53952245047e-06,2.86701318488e-08,3.53952245047e-06,0.192228906722,0.685002954832,0.122277308706
339,0.121697491512,0.165856456043,0.212892331021,0.0685818028936,0.0253097250601,0.0688083692357,0.0579139841402,0.0361693319057,0.0181939700264,0.0505535092228,0.0835177407815,0.0905052881581,17,15,4,20,0.000282635868933,2.28935053836e-06,0.000282635868933,0.0296534261352,0.0045654909946,0.00459554339419,0.000282635868933,2.28935053836e-06,0.000282635868933,0.184741239915,0.657874472354,0.117434705031
340,0.329013242762,0.0744298317424,0.0152466975811,0.0971657342874,0.121215970274,0.110285340372,0.0198077115434,0.000995694701063,0.0234693468085,0.0894494976976,0.0568103602339,0.0621105719973,17,15,4,20,0.000399386071272,3.2350271773e-06,0.000399386071272,0.0291530879626,0.00458175334274,0.00445418892886,0.000399386071272,3.2350271773e-06,0.000399386071272,0.184510675503,0.658202941158,0.117493338765
341,0.0148880565129,0.0256632255128,0.0570987257802,0.00134572610374,0.231375260381,0.112490958651,0.0558218166078,0.177705366735,0.117283072753,0.0838106304782,0.0672374946558,0.0552796658289,17,15,4,20,0.000196362976695,1.59054011123e-06,0.000196362976695,0.0234443057309,0.0033087908531,0.00662591990011,0.000196362976695,1.59054011123e-06,0.000196362976695,0.185853965441,0.661836443453,0.118141941634
342,0.0402133092493,0.012719025246,0.0110517454714,0.0201507304637,0.108611861152,0.0317691207532,0.114307092765,0.203823055405,0.131604315727,0.27037593732,0.0452711678083,0.0101026386389,17,15,4,20,4.5948841814e-06,3.72185618693e-08,4.5948841814e-06,3.01957797171e-05,6.897113979e-05,4.11084796275e-05,4.5948841814e-06,3.72185618693e-08,4.5948841814e-06,0.192348093938,0.685183618406,0.122309558283
343,0.0534915513119,0.0110679497985,0.0576206881758,0.0791299650325,0.0277041456803,0.000255743685663,0.0772757389504,0.413256358686,0.128456041352,0.0368820095443,0.0700334976896,0.0448263100932,17,15,4,20,0.000299418662254,2.42529116426e-06,0.000299418662254,0.0106279313944,0.00356457879753,0.00275068018142,0.000299418662254,2.42529116426e-06,0.000299418662254,0.188737049936,0.67298517463,0.120132059829
344,0.0355885847215,0.00512343634543,0.129276273583,0.0880106936445,0.166246714817,0.0257445046502,0.0780161121749,0.115015010103,0.177798849223,0.00876364678129,0.0503337680149,0.120082405941,17,15,4,20,0.000460082013243,3.72666430727e-06,0.000460082013243,0.0133056061564,0.00488391993014,0.00501119170301,0.000460082013243,3.72666430727e-06,0.000460082013243,0.187609078726,0.668085062852,0.119257359251
345,0.00375873636859,0.129848000564,0.0432160826876,0.0379667731044,0.104062557731,0.0130924681524,0.126161386922,0.0629862187154,0.194550040982,0.0268324885574,0.115930159183,0.141595087032,17,15,4,20,1.02404202708e-06,8.29474041934e-09,1.02404202708e-06,1.98388782344e-05,3.66432714237e-05,1.1816406734e-05,1.02404202708e-06,8.29474041934e-09,1.02404202708e-06,0.192462021225,0.685160191099,0.122305376362
346,0.0812002290835,0.0150960412887,0.0783363658827,0.0258550290423,0.126176425827,0.104611497936,0.00560909224198,0.0414893481015,0.0311684022869,0.214483321804,0.136910967314,0.13906327919,17,15,4,20,5.96729433868e-05,4.83350841433e-07,5.96729433868e-05,0.00449308464482,0.00100356057376,0.000616981281924,5.96729433868e-05,4.83350841433e-07,5.96729433868e-05,0.191049485774,0.681029251436,0.121567977814
347,0.095105370027,0.290163961268,0.0366838942054,0.000239367634652,0.27621401606,0.0283269565688,0.0402278391977,0.010457271492,0.158955259425,0.0260862871587,0.0235033632144,0.0140364137478,17,15,4,20,2.98428334864e-06,2.4172695124e-08,2.98428334864e-06,0.000367525422495,0.000144918712273,4.76002592447e-05,2.98428334864e-06,2.4172695124e-08,2.98428334864e-06,0.192253908487,0.684912839147,0.122261222493
348,0.105668175381,0.0479661744133,0.0410230688403,0.0355111552281,0.290291666249,0.00409641455799,0.0646021318332,0.0432514287993,0.00266884071335,0.0713662207192,0.0262459254263,0.267308797839,17,15,4,20,0.000143616332728,1.16329229509e-06,0.000143616332728,0.0182523691111,0.00291819833221,0.000905134908571,0.000143616332728,1.16329229509e-06,0.000143616332728,0.188042442143,0.669750426516,0.119554637073
349,0.0961561326828,0.195732832843,0.00940935799442,0.0759845379224,0.0374445432713,0.125915754266,0.0284619942998,0.119790055533,0.136034081153,0.000975597563932,0.0593611593055,0.114733953166,17,15,4,20,0.000499610365738,4.04684396248e-06,0.000499610365738,0.0581737956767,0.00771735770376,0.00415475074983,0.000499610365738,4.04684396248e-06,0.000499610365738,0.178622496585,0.635826126619,0.113498937515
350,0.0414329190668,0.0393072970069,0.131840188321,0.034093130033,0.077219871908,0.0980472150159,0.209866611243,0.01805398247,0.0477524272675,0.110988177067,0.0699682736329,0.121429906968,17,15,4,20,5.84750557726e-06,4.73647951758e-08,5.84750557726e-06,4.31678780087e-05,0.00017345852853,1.09989871052e-05,5.84750557726e-06,4.73647951758e-08,5.84750557726e-06,0.192387128338,0.685072108456,0.12228965306
351,0.0211956620058,0.0586381230141,0.281940775314,0.0269723293371,0.133643138019,0.0619438624564,0.0354443776012,0.0661506446098,0.117160101415,0.136842615337,0.0397698282064,0.0202985426831,17,15,4,20,0.000290004921533,2.34903986441e-06,0.000290004921533,0.0118741496245,0.00972006048353,0.0010568075408,0.000290004921533,2.34903986441e-06,0.000290004921533,0.187786000666,0.668980978183,0.119417285737
352,0.000896080720515,0.0402165731726,0.0857487698483,0.0709301518707,0.0477302580799,0.409794860841,0.100648622798,0.0461515505321,0.0489270611092,0.0405127180673,0.0792837239514,0.0291596290091,17,15,4,20,1.0015094401e-05,8.11222646483e-08,1.0015094401e-05,8.16459578204e-05,4.58816438061e-05,6.18924263757e-05,1.0015094401e-05,8.11222646483e-08,1.0015094401e-05,0.192439030495,0.685046283679,0.122285043176
353,0.0551781717764,0.0311252156226,0.0156746567804,0.0620809078178,0.029563099037,0.148133233743,0.0974071449316,0.0228653846858,0.120465006298,0.145758511757,0.151341855666,0.120406811885,17,15,4,20,7.64442425095e-05,6.19198364327e-07,7.64442425095e-05,0.00175576825777,0.000281212214167,0.00136555204292,7.64442425095e-05,6.19198364327e-07,7.64442425095e-05,0.191750273265,0.682677905912,0.121862272942
354,0.181235637397,0.0264718339434,0.00296900296948,0.17674843804,0.0225047526447,0.00407355699275,0.00331054479528,0.147881632146,0.0147723064234,0.1329981811,0.0618466186487,0.225187494899,17,15,4,20,7.0981582686e-05,5.74950819756e-07,7.0981582686e-05,0.00255547105747,0.00219791081667,0.00059880860652,7.0981582686e-05,5.74950819756e-07,7.0981582686e-05,0.191394357257,0.681344181272,0.121624194758
355,0.052308589534,0.0487755973586,0.0157352026639,0.0306359768258,0.0518611495284,0.026771566043,0.142242853326,0.1059575061,0.0638021866069,0.08231180714,0.200360892515,0.179236672358,17,15,4,20,5.8472042194e-05,4.73623541771e-07,5.8472042194e-05,0.00675114016691,0.000857971977562,0.00101080520608,5.8472042194e-05,4.73623541771e-07,5.8472042194e-05,0.190712241145,0.679192839315,0.121240166773
356,0.0444186531844,0.293084290665,0.0977739465174,0.0379336980001,0.0131175098036,0.0279018504745,0.0860589527213,0.0161921938065,0.0986751483926,0.0829863236724,0.116302788394,0.0855546443687,17,15,4,20,6.70307135361e-05,5.42948779642e-07,6.70307135361e-05,0.00584999286472,0.00206766186575,0.000923809419091,6.70307135361e-05,5.42948779642e-07,6.70307135361e-05,0.190635685197,0.679040643104,0.121212998798
357,0.00737999769867,0.00551388550368,0.033774277548,0.0446992170011,0.0113087688096,0.0238490523491,0.0749599513854,0.329384956205,0.124463493685,0.0482533164951,0.0585838660673,0.237829217252,17,15,4,20,4.41935234066e-07,3.57967539594e-09,4.41935234066e-07,2.24035083724e-06,1.80039887734e-06,9.36736611159e-07,4.41935234066e-07,3.57967539594e-09,4.41935234066e-07,0.192427841972,0.685244906967,0.122320498674
358,0.0912326323415,0.00212632153762,0.061155763341,0.0548394824671,0.0766504138904,0.169699127555,0.0227696485074,0.0184156899272,0.0931721787915,0.349031052895,0.0475385945746,0.013369094171,17,15,4,20,1.91821791745e-05,1.55375651313e-07,1.91821791745e-05,0.00068487656913,0.000466656941999,0.000161691220477,1.91821791745e-05,1.55375651313e-07,1.91821791745e-05,0.19221220058,0.684253931806,0.122143603414
359,0.273302233165,0.0732144785965,0.0347021296189,0.127795208611,0.108362447833,0.0491241039893,0.0102923899672,0.128777488873,0.0137585753866,0.0172100936799,0.115643017151,0.0478178331287,17,15,4,20,5.93008928805e-06,4.80337232332e-08,5.93008928805e-06,5.77481421616e-05,0.000193112693478,5.66719051424e-06,5.93008928805e-06,4.80337232332e-08,5.93008928805e-06,0.192210000924,0.685197600458,0.122312054167
360,0.01744541,0.0762343479454,0.0405452610565,0.0799563402011,0.0521380584973,0.241380588006,0.252400532227,0.0966666620346,0.012067251212,0.0362620256388,0.0113580085925,0.083545514589,17,15,4,20,0.000574981236238,4.65734801353e-06,0.000574981236238,0.0206545321383,0.0198551711942,0.0012187284919,0.000574981236238,4.65734801353e-06,0.000574981236238,0.183942321161,0.655083507086,0.116936500287
361,0.045203037193,0.0908311124272,0.203704211431,0.026739170649,0.0363872926371,0.0883014632544,0.0325696984641,0.0338600785945,0.130090619656,0.208909338608,0.0283436203455,0.0750603567398,17,15,4,20,5.49365587126e-06,4.44986125572e-08,5.49365587126e-06,1.87245906569e-05,2.26154274072e-05,0.000152938685275,5.49365587126e-06,4.44986125572e-08,5.49365587126e-06,0.192356277424,0.685127788039,0.122299592214
362,0.0173446665113,0.0671687700623,0.123248988745,0.154038146339,0.073003560283,0.0144448662901,0.0190601339293,0.0512661728958,0.00330338826522,0.461463424112,0.00755028889323,0.00810759367335,17,15,4,20,5.65315683329e-05,4.57905703497e-07,5.65315683329e-05,0.00085163651186,0.0011924579476,0.000151038658077,5.65315683329e-05,4.57905703497e-07,5.65315683329e-05,0.192026184492,0.683536163093,0.122015477213
363,0.00131253252244,0.177482420674,0.127592946477,0.184774345292,2.78222233011e-05,0.0772067892249,0.00974365854643,0.0287358458089,0.00527984310198,0.164524902067,0.116222571207,0.107096322855,17,15,4,20,4.38993215323e-06,3.55584504412e-08,4.38993215323e-06,1.8023391453e-05,0.00011976432487,7.64289617619e-05,4.38993215323e-06,3.55584504412e-08,4.38993215323e-06,0.192381310207,0.685093390272,0.122293451997
364,0.156340606681,0.118673125672,0.00493204874448,0.264030522701,0.0847428847919,0.0456493910676,0.112332543759,0.0154476561411,0.0672342163584,0.012711183478,0.111911235356,0.005994585249,17,15,4,20,2.63020788777e-06,2.13046838909e-08,2.63020788777e-06,4.35116239834e-05,7.65068036282e-05,5.6494346925e-05,2.63020788777e-06,2.13046838909e-08,2.63020788777e-06,0.192404203428,0.685111954524,0.122296765832
365,0.0796673522603,0.0692890314304,0.29716944202,0.043727465757,0.225558474492,0.0131084627128,0.0220858481929,0.0431775632943,0.0533546993603,0.0455757673396,0.0543732518706,0.0529126412703,17,15,4,20,0.000473129022351,3.83234508104e-06,0.000473129022351,0.0377128889429,0.0167323706535,0.00272075352966,0.000473129022351,3.83234508104e-06,0.000473129022351,0.181036074688,0.644797370745,0.115100360662
366,0.051974835078,0.00432676831903,0.138166035886,0.214216219385,0.0505811480409,0.0157498032246,0.016173239029,0.0956047903981,0.23506027065,0.0102820869321,0.116180045036,0.0516847580215,17,15,4,20,0.000518576478739,4.20046947779e-06,0.000518576478739,0.0433194402375,0.00789662801226,0.00459297297943,0.000518576478739,4.20046947779e-06,0.000518576478739,0.181276792913,0.64558966828,0.115241790723
367,0.176698286361,0.0811393498379,0.253010436197,0.021472768281,0.0695432284304,0.00823351021796,0.14086632342,0.0244162273598,0.0391006386821,0.0825357009423,0.0410344684886,0.0619490617817,17,15,4,20,0.000388514125907,3.14696441985e-06,0.000388514125907,0.0087078642734,0.00779082415104,0.00183959443329,0.000388514125907,3.14696441985e-06,0.000388514125907,0.188587290967,0.671624843519,0.119889232223
368,0.0271056596399,0.103666918886,0.037436339196,0.183337619624,0.092499405447,0.106716540081,0.0677875468799,0.00538699254307,0.0555610959261,0.236815636611,0.0073346976827,0.0763515474842,17,15,4,20,1.76065633748e-07,1.42613163336e-09,1.76065633748e-07,5.36484817382e-06,4.36787919504e-06,8.22088605225e-07,1.76065633748e-07,1.42613163336e-09,1.76065633748e-07,0.192340154055,0.68531548646,0.122333097555
369,0.0322021643138,0.0165985117018,0.226336144397,0.150073179147,0.0820741428822,0.0490642201843,0.259683851846,0.084695501576,0.00828504800271,0.0444367448743,0.00890465900892,0.0376458320669,17,15,4,20,0.0011156593177,9.03684047337e-06,0.0011156593177,0.0495667372589,0.0234104522211,0.0120780178609,0.0011156593177,9.03684047337e-06,0.0011156593177,0.175055447187,0.624017593899,0.111391040621
370,0.0602470211702,0.0371124819697,0.0362988269238,0.139262001344,0.126586682713,0.0592499868813,0.0492843561938,0.105112288705,0.0981636664767,0.113299861065,0.108173746488,0.0672090800692,17,15,4,20,0.000121537917935,9.84457135274e-07,0.000121537917935,0.0215527679948,0.00196216663092,0.00096188064911,0.000121537917935,9.84457135274e-07,0.000121537917935,0.187308303667,0.668411186171,0.119315574301
371,0.0108070660055,0.0311083004358,0.035759685729,0.134956204992,0.146360271949,0.00432240972258,0.0143391465322,0.038272639323,0.056337520139,0.276926360916,0.0505872457293,0.200223148527,17,15,4,20,2.11572640011e-07,1.71373838409e-09,2.11572640011e-07,7.05499230319e-06,8.86505156879e-06,4.84403555668e-07,2.11572640011e-07,1.71373838409e-09,2.11572640011e-07,0.192442061032,0.68522393055,0.122316754253
372,0.14534101892,0.104473523348,0.119490058328,0.00869067929108,0.0724133621764,0.176981429267,0.0427138281599,0.112438583115,0.0151959982604,0.172797829165,0.00455825021301,0.0249054397568,17,15,4,20,0.00031206831535,2.52775335433e-06,0.00031206831535,0.0246025496176,0.00504077504287,0.00433214114643,0.00031206831535,2.52775335433e-06,0.00031206831535,0.185508232578,0.661229393436,0.118033579412
373,0.0115809187028,0.121131804279,0.134649910383,0.0449768003692,0.0694297049761,0.023450930829,0.127757596654,0.197438162998,0.0139050242966,0.0999892459144,0.134739668024,0.0209502325733,17,15,4,20,8.50796694055e-06,6.89145322185e-08,8.50796694055e-06,8.20744860276e-05,0.000136450814462,4.12124514019e-05,8.50796694055e-06,6.89145322185e-08,8.50796694055e-06,0.192170162704,0.685219895819,0.122316034028
374,0.128009211407,0.155876052587,0.086011329936,0.0519722903058,0.0120281542959,0.0833600415513,0.00343203245102,0.018803295812,0.0197381978366,0.0992270547571,0.101594455436,0.239947883625,17,15,4,20,2.11747490414e-06,1.71515467235e-08,2.11747490414e-06,2.12222153108e-05,3.40446436628e-05,2.5680508895e-05,2.11747490414e-06,1.71515467235e-08,2.11747490414e-06,0.192017382849,0.68552302169,0.122370143891
375,0.063550812251,0.00847898131313,0.0212186576177,0.0260881409341,0.0846170670235,0.147266636494,0.128027110656,0.0917963276883,0.0842198459955,0.0598166539138,0.0799987287721,0.20492103734,17,15,4,20,0.000102344222144,8.28988199368e-07,0.000102344222144,0.00450090229962,0.00344254798957,0.000424509324256,0.000102344222144,8.28988199368e-07,0.000102344222144,0.19078959202,0.679191487955,0.121239925547
376,0.0603167795536,0.0419954369314,0.0857474873542,0.0113505297091,0.00457791316646,0.0224761391237,0.192849649566,0.0297958846411,0.0864553698649,0.284547678298,0.165688009919,0.0141991218721,17,15,4,20,3.95696753927e-05,3.20514370681e-07,3.95696753927e-05,0.00128084747829,0.00121010089556,0.000185004618297,3.95696753927e-05,3.20514370681e-07,3.95696753927e-05,0.191900769103,0.683292395076,0.121971963099
377,0.170463758402,0.0818012642283,0.0782112045464,0.0085788120714,0.140216504458,0.0238543953936,0.0380628972041,0.0207516847356,0.0841746321049,0.0178954904005,0.238596500172,0.0973928562833,17,15,4,20,2.34154732599e-06,1.89665333405e-08,2.34154732599e-06,2.23320235593e-05,1.33237805152e-05,7.4841471418e-05,2.34154732599e-06,1.89665333405e-08,2.34154732599e-06,0.192390193588,0.685180842286,0.122309062728
378,0.0984606899915,0.061516279678,0.0432495775733,0.0343914003019,0.013227435003,0.0603882586764,0.105645708292,0.256655635121,0.00150956352413,0.0266806997023,0.167829232887,0.13044551925,17,15,4,20,0.000109780072827,8.89218589901e-07,0.000109780072827,0.00863628853327,0.00285080657108,0.00113569486385,0.000109780072827,8.89218589901e-07,0.000109780072827,0.189915228966,0.676297713599,0.120723368738
379,0.0261048888385,0.0133933129927,0.00471270000077,0.158098398021,0.16862113008,0.262458703015,0.0370624040991,0.00132890230116,0.0572893035423,0.176610703759,0.00665091344224,0.0876686399083,17,15,4,20,8.71514959655e-06,7.05927117321e-08,8.71514959655e-06,3.03561919737e-05,0.000135701156906,2.11112113846e-05,8.71514959655e-06,7.05927117321e-08,8.71514959655e-06,0.192124479509,0.685319530674,0.122333819472
380,0.0100537709307,0.347029583509,0.00750056515658,0.172029627775,0.0534892752944,0.0636309003555,0.0636425674835,0.0341651395738,0.0691057420626,0.0638525411899,0.102825283819,0.0126750028494,17,15,4,20,0.000512413175571,4.15054672213e-06,0.000512413175571,0.0132031162851,0.00743347641973,0.00324124002129,0.000512413175571,4.15054672213e-06,0.000512413175571,0.187378228505,0.667528055089,0.119157929884
381,0.0194157455356,0.130226573049,0.141122920203,0.0581499984698,0.141373844006,0.00548943084263,0.0779425288223,0.0793799892313,0.124175401436,0.0209796989251,0.108742432368,0.0930014371109,17,15,4,20,0.000417620778267,3.38272830396e-06,0.000417620778267,0.0215315270253,0.00542916424968,0.00263476437694,0.000417620778267,3.38272830396e-06,0.000417620778267,0.186133406694,0.664055781702,0.118538107383
382,0.13272445942,0.0648840418969,0.0707584639659,0.117797341757,0.104326868943,0.00372378159576,0.0606051797438,0.00519169418581,0.178244594243,0.0493176841329,0.193834421741,0.0185914683746,17,15,4,20,0.000311393243154,2.52228526955e-06,0.000311393243154,0.0122073524646,0.00189868652379,0.00413649834527,0.000311393243154,2.52228526955e-06,0.000311393243154,0.188593595029,0.67196355564,0.119949694454
383,0.268600456306,0.135233093356,0.00226965614069,0.056506527632,0.0548121096265,0.0153364034318,0.100911483813,0.0629521200639,0.0199065138326,0.138192902771,0.0644015036902,0.080877229336,17,15,4,20,3.52853852175e-06,2.85811620262e-08,3.52853852175e-06,1.60646116404e-05,1.15745505805e-05,4.28558238385e-05,3.52853852175e-06,2.85811620262e-08,3.52853852175e-06,0.192397698704,0.685204372054,0.122313262939
384,0.207534576801,0.119368997926,0.0280768769106,0.0119562730743,0.0362124293412,0.128334265764,0.0765714590702,0.212012874999,0.0476247509612,0.0861735232514,0.0442608687383,0.00187310316382,17,15,4,20,1.86056743837e-05,1.50705962508e-07,1.86056743837e-05,0.000211940962688,0.000226590055267,0.000112017053768,1.86056743837e-05,1.50705962508e-07,1.86056743837e-05,0.192139707738,0.684964564321,0.12227045576
385,0.155727949756,0.102971651909,0.0479874409068,0.181441535487,0.0968545466869,0.0128527388286,0.015854644202,0.0133928177713,0.0132101953162,0.11799181539,0.0979895085446,0.143725155201,17,15,4,20,7.63106576363e-05,6.18116326854e-07,7.63106576363e-05,0.00256929847194,0.00221116343153,0.00108221636198,7.63106576363e-05,6.18116326854e-07,7.63106576363e-05,0.191213978692,0.681045912297,0.121570951882
386,0.0227790596871,0.140047016522,0.234372653961,0.0319433647927,0.0812108374708,0.0662224887103,0.00149346212923,0.0439295663176,0.0217191255601,0.209448297584,0.0404002882805,0.106433838984,17,15,4,20,6.19863578486e-05,5.02089498573e-07,6.19863578486e-05,0.00387938156612,0.00287830188587,0.000494179685916,6.19863578486e-05,5.02089498573e-07,6.19863578486e-05,0.190885337395,0.680194822774,0.121419027083
387,0.0478615645178,0.0250048331789,0.0739966606865,0.0398371976221,0.181736312926,0.0938629135837,0.0243319653492,0.19051105037,0.0852838760337,0.100921250882,0.132736488391,0.00391588645849,17,15,4,20,3.75657417391e-05,3.04282508087e-07,3.75657417391e-05,0.00464677249427,0.000982669427152,0.000514957112882,3.75657417391e-05,3.04282508087e-07,3.75657417391e-05,0.191095137796,0.681039741315,0.121569850323
388,0.0366572050645,0.0187862485999,0.0437369169026,0.0270057121856,0.0777065714475,0.0533459674434,0.178436629121,0.138361995462,0.141355237508,0.147087954466,0.0865678197387,0.0509517420609,17,15,4,20,6.03904970725e-06,4.89163026288e-08,6.03904970725e-06,1.01539964866e-05,5.39017317752e-05,1.42194946691e-05,6.03904970725e-06,4.89163026288e-08,6.03904970725e-06,0.192336444001,0.685241191334,0.122319835411
389,0.0868683465374,0.0423083728125,0.0752797987866,0.00498382817196,0.265629169681,0.0391377525924,0.00473335642217,0.174592952253,0.0789901560628,0.124694868752,0.0612273823766,0.0415540155524,17,15,4,20,0.000245134361205,1.98558832576e-06,0.000245134361205,0.0267744948155,0.00639906313038,0.0017272595961,0.000245134361205,1.98558832576e-06,0.000245134361205,0.185595410018,0.660598332693,0.117920931125
390,0.184278137024,0.0614748709044,0.0778432284592,0.083191858031,0.160514688903,0.165136944704,0.0537684358848,0.0619594757919,0.00790509038631,0.0476881355228,0.019486264533,0.0767528698549,17,15,4,20,0.000510445213273,4.13460622751e-06,0.000510445213273,0.0272899801244,0.00823517887169,0.0114861650389,0.000510445213273,4.13460622751e-06,0.000510445213273,0.182975914547,0.651640762493,0.11632194886
391,0.0414099508969,0.059577721881,0.0268052684795,0.0155576282996,0.319958384322,0.00151560442931,0.103676473622,0.11208179599,0.0805159541992,0.102918942122,0.035254296558,0.100727979201,17,15,4,20,0.000279156526014,2.26116786071e-06,0.000279156526014,0.037658861068,0.00458647164465,0.00220419968004,0.000279156526014,2.26116786071e-06,0.000279156526014,0.18371992959,0.653971406242,0.116737983336
392,0.0265483936344,0.00131520713743,0.0191102329259,0.161046342545,0.0529139017504,0.0318550469803,0.0504330050876,0.0360710750443,0.176371189515,0.253413602612,0.138529761996,0.0523922407713,17,15,4,20,4.99731637381e-07,4.04782626279e-09,4.99731637381e-07,8.46111449774e-06,4.31853916358e-06,1.78328016255e-06,4.99731637381e-07,4.04782626279e-09,4.99731637381e-07,0.192363254389,0.685291381064,0.122328794591
393,0.0176325964263,0.151384796145,0.0382960722617,0.10363971962,0.0773830396682,0.259500502671,0.00138054840364,0.0659471863072,0.0236208610926,0.0548705070898,0.196059623795,0.0102845465194,17,15,4,20,0.000213465675769,1.72907197373e-06,0.000213465675769,0.0498084919681,0.00459215630507,0.00200532221082,0.000213465675769,1.72907197373e-06,0.000213465675769,0.181397155696,0.646020802158,0.115318750815
394,0.113492196825,0.0626853833088,0.0113798023073,0.0699496053653,0.0579443952499,0.0387086950597,0.277354940166,0.0026233777023,0.139311817781,0.109481940608,0.0164774027252,0.100590442901,17,15,4,20,9.05842687001e-06,7.33732576471e-08,9.05842687001e-06,9.2659606175e-05,6.52341418876e-05,4.33674904707e-05,9.05842687001e-06,7.33732576471e-08,9.05842687001e-06,0.192301418137,0.685156264696,0.122304675475
395,0.126164099226,0.101588977668,0.26477444741,0.0510848103256,0.0119054903142,0.130187207299,0.00995541621319,0.0458955410496,0.0102586063052,0.0304600764647,0.117674427276,0.100050900449,17,15,4,20,0.000171737923916,1.39107718372e-06,0.000171737923916,0.00724935913429,0.00678230704038,0.000554926674878,0.000171737923916,1.39107718372e-06,0.000171737923916,0.189444079643,0.674820005119,0.120459588539
396,0.201964615638,0.203785665203,0.0621136430441,0.032740687261,0.0621057305004,0.0572471438887,0.0459257536685,0.0526353131696,0.0529153699762,0.0933716528534,0.113366153142,0.0218282716559,17,15,4,20,6.09067067165e-05,4.93344324403e-07,6.09067067165e-05,0.011702826723,0.000557487567465,0.00156280781202,6.09067067165e-05,4.93344324403e-07,6.09067067165e-05,0.189719369035,0.675611941258,0.120600954089
397,0.0562184605191,0.148411563854,0.167483402913,0.108754362006,0.0699440843271,0.0365122542282,0.151729310193,0.0603903785946,0.00956015642635,0.0238734757897,0.00142326651755,0.165699284632,17,15,4,20,0.000229409063978,1.85821341822e-06,0.000229409063978,0.0101223575758,0.00749531615978,0.00277643737582,0.000229409063978,1.85821341822e-06,0.000229409063978,0.188327423616,0.670643123522,0.119713989068
398,0.0528207044038,0.0407241036367,0.0898895582344,0.0359947001208,0.0336752686204,0.0630887513807,0.386430192529,0.0833719662687,0.0481868975215,0.0915881126364,0.0502512713402,0.023978473307,17,15,4,20,1.52621027073e-06,1.23623031929e-08,1.52621027073e-06,1.28594159782e-05,4.63270496906e-05,2.36619549711e-06,1.52621027073e-06,1.23623031929e-08,1.52621027073e-06,0.192266625934,0.685330002993,0.122335688847
399,0.0144631529274,0.00650193262961,0.00745363846834,0.0276237924347,0.135243728152,0.0716387892547,0.0466077502268,0.245482941546,0.255290642095,0.136536840128,0.042144278692,0.0110125134446,17,15,4,20,1.55575855346e-06,1.26016442831e-08,1.55575855346e-06,1.15462888222e-05,2.73506562801e-05,3.05014214157e-06,1.55575855346e-06,1.26016442831e-08,1.55575855346e-06,0.192344427539,0.685280521114,0.122326856022
400,0.0503415591439,0.101473489877,0.0125351528641,0.069468756393,0.406394803289,0.158529569869,0.0774245227809,0.0070385169359,0.000440346621311,0.0291202381402,0.0808750216757,0.00635802241017,17,15,4,20,0.000542048093392,4.39058955648e-06,0.000542048093392,0.0359483050189,0.0226596398194,0.00241570243647,0.000542048093392,4.39058955648e-06,0.000542048093392,0.179912455308,0.642242604878,0.114644318987
401,0.1051054171,0.00538497999632,0.127228225506,0.150241896261,0.19649143962,0.0220512187375,0.0826265764031,0.00851770286821,0.0187335597955,0.0465792350596,0.0684074365971,0.168632312057,17,15,4,20,0.000119448426393,9.67532253783e-07,0.000119448426393,0.00654634121358,0.00324017139495,0.00346986871248,0.000119448426393,9.67532253783e-07,0.000119448426393,0.189773065454,0.675847772937,0.120643051518
402,0.218106329423,0.0458927362197,0.00387513762497,0.0868051098396,0.140069592676,0.111139223339,0.00382489977693,0.0316634440745,0.101143588339,0.124254738607,0.0106838943899,0.122541305691,17,15,4,20,0.000195456124526,1.58319460866e-06,0.000195456124526,0.00597545088289,0.00612908823202,0.000323949918464,0.000195456124526,1.58319460866e-06,0.000195456124526,0.189948887828,0.676142050372,0.120695581879
403,0.0455606242236,0.0967740962374,0.12070652382,0.204387181494,0.00893929775225,0.0241972582745,0.0215200579169,0.137109891408,0.0174883870574,0.00812086165729,0.300372506348,0.0148233138113,17,15,4,20,6.82419480469e-05,5.5275977918e-07,6.82419480469e-05,0.000857208844879,0.00239225246673,0.000186914605026,6.82419480469e-05,5.5275977918e-07,6.82419480469e-05,0.191642430655,0.682768648971,0.121878471145
404,0.0580235447412,0.106319425563,0.178611855181,0.0410680864475,0.00526305632141,0.15355413519,0.130780028772,0.0289109517379,0.0996700357981,0.0427841471189,0.0785380576526,0.0764766754762,17,15,4,20,1.26521923117e-05,1.02482757725e-07,1.26521923117e-05,4.37641072405e-05,0.000360766316874,1.14242775941e-05,1.26521923117e-05,1.02482757725e-07,1.26521923117e-05,0.192175394713,0.685068778253,0.122289058598
405,0.181034052914,0.0358633284595,0.165718689151,0.0114170327298,0.0390615913068,0.0111987966275,0.0555097731673,0.0148245261737,0.0997745085483,0.354174289944,0.00147396508926,0.0299494458886,17,15,4,20,1.44486332799e-06,1.17033929567e-08,1.44486332799e-06,2.51952218989e-05,1.38599411757e-05,8.18756118782e-06,1.44486332799e-06,1.17033929567e-08,1.44486332799e-06,0.192168911983,0.685425336041,0.122352706392
406,0.0230998041895,0.295888672421,0.0248544499626,0.19291696704,0.0239463246628,0.0517605543409,0.0697960952372,0.0629731433969,0.0544669861542,0.0780850580166,0.035427373718,0.0867845708596,17,15,4,20,0.00023151874408,1.87530182705e-06,0.00023151874408,0.0409668546954,0.0120806596483,0.00155138711962,0.00023151874408,1.87530182705e-06,0.00023151874408,0.181731067223,0.647209300531,0.115530905203
407,0.0257790027596,0.00529621955078,0.0629689743306,0.126348848028,0.0269573025595,0.157744615293,0.129906852462,0.102591201584,0.333450826037,0.0114528632642,0.00571235994028,0.011790934191,17,15,4,20,0.00260707421372,2.11173011311e-05,0.00260707421372,0.0542366574335,0.154601369196,0.011575369094,0.00260707421372,2.11173011311e-05,0.00260707421372,0.147810251575,0.527197731233,0.094108090011
408,0.215806922533,0.0300552424496,0.0122945223402,0.037084397646,0.226684946902,0.0482971649917,0.066463366202,0.00559871317457,0.243377167521,0.100074616848,0.0119609128276,0.00230202656386,17,15,4,20,8.86955404688e-06,7.18433877797e-08,8.86955404688e-06,5.00076680881e-05,4.32045035975e-05,0.000183094482825,8.86955404688e-06,7.18433877797e-08,8.86955404688e-06,0.192333243418,0.685066225168,0.122288602856
409,0.118063713723,0.0946238805556,0.0636431494439,0.0273193819147,0.207543410103,0.00716094230752,0.0199020563757,0.325792471775,0.0563634871126,0.0490616886334,0.0195803273951,0.01094549066,17,15,4,20,0.000808063537256,6.54531465178e-06,0.000808063537256,0.0956444011135,0.0265982059698,0.00879271649773,0.000808063537256,6.54531465178e-06,0.000808063537256,0.166598624129,0.593226134788,0.105894572723
410,0.0236144607426,0.0371942783608,0.159088661689,0.0931336109767,0.11192551579,0.00199027850274,0.198733411018,0.0409939189719,0.100714631081,0.054242719879,0.0436361827874,0.1347323302,17,15,4,20,0.000156356902211,1.26649090791e-06,0.000156356902211,0.0162487844422,0.00682845040834,0.00177541559684,0.000156356902211,1.26649090791e-06,0.000156356902211,0.1875874391,0.667736764113,0.119195185749
411,0.0297187337054,0.0152847723213,0.00408205823028,0.0541265596481,0.0389799677863,0.0683322415697,0.0783498799571,0.0389199400577,0.0965784132017,0.237954876774,0.0767912079988,0.26088134875,17,15,4,20,1.6347714128e-05,1.32416484437e-07,1.6347714128e-05,0.0040780403425,0.00139263635913,0.000116814644623,1.6347714128e-05,1.32416484437e-07,1.6347714128e-05,0.191328314155,0.681386745984,0.121631792825
412,0.00469750036318,0.133629611126,0.0073638570258,0.354544688548,0.055145547379,0.0466694832737,0.00620529131184,0.0339739538763,0.0155416660583,0.13945156356,0.0639687117213,0.138808125756,17,15,4,20,0.000153568203663,1.24390244967e-06,0.000153568203663,0.0294246043707,0.00442514640525,0.0018899003284,0.000153568203663,1.24390244967e-06,0.000153568203663,0.185427945876,0.660340700272,0.117874942128
413,0.0843343671239,0.00598615951775,0.138886896952,0.0230418736299,0.0627423765618,0.0207407657295,0.208163824041,0.0793688739768,0.0381685695248,0.244701813947,0.0243989793657,0.0694654996299,17,15,4,20,3.47932362151e-06,2.81825213342e-08,3.47932362151e-06,1.97464051369e-05,0.000202314860065,4.11213102155e-06,3.47932362151e-06,2.81825213342e-08,3.47932362151e-06,0.192429733845,0.685045258859,0.122284860239
414,0.00197247325187,0.0601398282654,0.091416783863,0.0743755107552,0.203261618831,0.0129026472615,0.102034286449,0.238794660867,0.0136071633274,0.0978282772961,0.0097023115114,0.0939644383203,17,15,4,20,0.00023892139463,1.93526329651e-06,0.00023892139463,0.00784869380437,0.00808704347617,0.000775062715751,0.00023892139463,1.93526329651e-06,0.00023892139463,0.188968166274,0.673192422717,0.120169054908
415,0.0150621066297,0.157910873135,0.262771665934,0.0193211129694,0.070480857334,0.0133606131015,0.0245075798715,0.0147479383161,0.00811458031892,0.126567870908,0.0479104434482,0.239244358035,17,15,4,20,5.61899419628e-05,4.55138529899e-07,5.61899419628e-05,0.00187976967149,0.00132194310936,0.000235682172225,5.61899419628e-05,4.55138529899e-07,5.61899419628e-05,0.191466819744,0.682957867434,0.121912247824
416,0.0360601417773,0.304840744818,0.0642119504758,0.11720978476,0.0346704001822,0.00594933108829,0.0159101838856,0.0879948897347,0.0373494484813,0.154581746191,0.0173554010556,0.123865977551,17,15,4,20,0.000235815177574,1.91010293835e-06,0.000235815177574,0.00768111923474,0.0044995222473,0.000296490838127,0.000235815177574,1.91010293835e-06,0.000235815177574,0.189908273874,0.675997698688,0.120669814201
417,0.110857712731,0.184561543565,0.00657954445217,0.134453152591,0.0605995778848,0.00496476539585,0.104616281537,0.17122281065,0.0721261702036,0.085371357638,0.055254644232,0.00939243911921,17,15,4,20,1.25777838017e-06,1.01880048794e-08,1.25777838017e-06,1.11928384475e-05,1.24450918765e-05,1.09077976358e-05,1.25777838017e-06,1.01880048794e-08,1.25777838017e-06,0.19235766493,0.685276584534,0.122326153318
418,0.0612838347017,0.224652299922,0.0787098528256,0.0534654482762,0.00416432830293,0.148925054584,0.0116892905792,0.22375060271,0.034324300053,0.00185470678073,0.0511353235613,0.106044957704,17,15,4,20,0.000570587782324,4.62176103682e-06,0.000570587782324,0.0799481477922,0.00573567288159,0.00625250731617,0.000570587782324,4.62176103682e-06,0.000570587782324,0.174218196499,0.620746712934,0.110807167926
419,0.199964966439,0.0474504110763,0.10195745179,0.0206704355371,0.0580699720526,0.159877004197,0.0850091945628,0.0989348757322,0.0357930700418,0.0415653271392,0.00102913052218,0.14967816091,17,15,4,20,0.000342202493178,2.77184019474e-06,0.000342202493178,0.0188646756971,0.00599239977475,0.00428243904892,0.000342202493178,2.77184019474e-06,0.000342202493178,0.186568215541,0.664330729078,0.118587187207
420,0.000860800145417,0.0640672435761,0.092893408021,0.0639451851633,0.151141985106,0.0254237097979,0.126807130565,0.0914664850355,0.147261095729,0.017306038562,0.213277294518,0.00554962378017,17,15,4,20,0.000265299446144,2.14892551377e-06,0.000265299446144,0.0171669638146,0.00466035627428,0.00151882201046,0.000265299446144,2.14892551377e-06,0.000265299446144,0.187660290518,0.668582005184,0.119346066563
421,0.0363294528674,0.0138543695722,0.01998104704,0.0390884295805,0.161928516186,0.171084788336,0.0232832356689,0.0637326116735,0.0938444522183,0.048160075496,0.129198466345,0.199514555017,17,15,4,20,1.23691758416e-06,1.00190324317e-08,1.23691758416e-06,1.64997214928e-05,1.96108797645e-05,2.53399445305e-06,1.23691758416e-06,1.00190324317e-08,1.23691758416e-06,0.192357019615,0.685273725176,0.122325642905
422,0.0873948145402,0.119968898305,0.113870932168,0.234467321622,0.00443860171477,0.0749702466976,0.106472785888,0.0611994313749,0.137228687831,0.0295678482993,0.0187387458624,0.0116816856971,17,15,4,20,0.00120234624889,9.73900461602e-06,0.00120234624889,0.115807123799,0.0462162304855,0.0112870677094,0.00120234624889,9.73900461602e-06,0.00120234624889,0.158018588547,0.563291137789,0.100550988665
423,0.111294765958,0.0657163857486,0.0148462903405,0.0864426437785,0.0217731329265,0.136460890555,0.110057600338,0.00118001406006,0.0120172796024,0.0564272676487,0.238799791018,0.144983938027,17,15,4,20,8.68586617184e-05,7.03555159919e-07,8.68586617184e-05,0.00757080166325,0.000700054497536,0.00178040344035,8.68586617184e-05,7.03555159919e-07,8.68586617184e-05,0.190355593887,0.678184188463,0.121060116292
424,0.0383009897265,0.0930972284955,0.109041164154,0.289841660127,0.0927126693588,0.101390733479,0.032842782799,0.110787986407,0.00192647499832,0.0221719994804,0.0329690344041,0.0749172765709,17,15,4,20,2.56275704801e-06,2.07583320889e-08,2.56275704801e-06,1.81323946157e-05,7.65716138224e-05,2.19098957924e-05,2.56275704801e-06,2.07583320889e-08,2.56275704801e-06,0.192388287294,0.685176515828,0.122308290429
425,0.0344377007168,0.100338406001,0.00815100628722,0.221101371853,0.0824863604991,0.0229080642509,0.0418612399004,0.0438481280477,0.111085214407,0.175154787693,0.0356524365306,0.122975283814,17,15,4,20,2.4206766954e-07,1.96074812328e-09,2.4206766954e-07,5.613155315e-06,4.10859243121e-06,1.03969761008e-06,2.4206766954e-07,1.96074812328e-09,2.4206766954e-07,0.192413049978,0.685253231694,0.12232198469
426,0.0984707952355,0.00671034033508,0.0307467280863,0.0830789799528,0.00259963684073,0.184279930358,0.239586126602,0.101051816005,0.0442854635346,0.0208473284489,0.0286165583238,0.159726296277,17,15,4,20,0.000244642545323,1.98160461712e-06,0.000244642545323,0.00846150667724,0.00596883403659,0.000965962990185,0.000244642545323,1.98160461712e-06,0.000244642545323,0.189121811088,0.674157945125,0.120341406692
427,0.0155194075882,0.0334101485157,0.0962936109704,0.0347950671661,0.0235834803936,0.13610443427,0.194191012309,0.0303677955223,0.0191461014807,0.134977101858,0.172428812814,0.109183027112,17,15,4,20,4.20521559234e-05,3.40622462979e-07,4.20521559234e-05,0.000723497679797,0.00148950365241,0.000152315311448,4.20521559234e-05,3.40622462979e-07,4.20521559234e-05,0.191928486278,0.683524001006,0.122013306204
428,0.240455180502,0.0738180518705,0.0601802432656,0.0143005806235,0.136283335185,0.0258148372689,0.00941933429651,0.00763936319741,0.250827574906,0.0577843473773,0.0858111299906,0.0376660215166,17,15,4,20,4.90129412226e-06,3.97004823903e-08,4.90129412226e-06,5.72143575476e-05,6.02641087554e-05,2.59325315228e-05,4.90129412226e-06,3.97004823903e-08,4.90129412226e-06,0.192389616405,0.685144680412,0.122302607608
429,0.0455680600289,0.0502133300882,0.0837773409642,0.0352467499757,0.0341129064086,0.0721006092271,0.138290924122,0.192106103504,0.18274707781,0.0257118642691,0.106127230221,0.0339978033814,17,15,4,20,1.2461776595e-06,1.0094039042e-08,1.2461776595e-06,2.98847024298e-05,0.000114907720118,6.78320509188e-06,1.2461776595e-06,1.0094039042e-08,1.2461776595e-06,0.192369386297,0.685167374527,0.122306658649
430,0.0716148265984,0.0717531336082,0.0585433041738,0.170128525407,0.0182139184083,0.0382918872707,0.0729162403353,0.101417304003,0.00694393603155,0.11154792934,0.186896312415,0.0917326824089,17,15,4,20,3.80855948501e-06,3.08493318286e-08,3.80855948501e-06,1.03233484025e-05,0.000105159416764,4.21487359683e-06,3.80855948501e-06,3.08493318286e-08,3.80855948501e-06,0.192154892549,0.685367696502,0.122342417374
431,0.0104820354826,0.0406713761569,0.127759565744,0.0450119921658,0.00802719027809,0.0432436706196,0.11097369425,0.0975062115824,0.0428145741023,0.226351356294,0.243961499335,0.00319683399048,17,15,4,20,1.32257977552e-06,1.07128961817e-08,1.32257977552e-06,6.96213135938e-06,1.72468072435e-05,4.39756572877e-06,1.32257977552e-06,1.07128961817e-08,1.32257977552e-06,0.192263423446,0.685361370213,0.122341288092
432,0.0792415992431,0.00508313637485,0.000604403382631,0.00177282712905,0.031468745839,0.257365449678,0.0705093767619,0.216087073011,0.163293355489,0.0374293341872,0.121892303972,0.0152523949316,17,15,4,20,0.000642856475775,5.20713745378e-06,0.000642856475775,0.0312481343783,0.00515631628268,0.00660770510095,0.000642856475775,5.20713745378e-06,0.000642856475775,0.183655306014,0.65400645779,0.116744240256
433,0.0652140855186,0.0662101044409,0.246658804911,0.252257864899,0.00585333289387,0.0245170267104,0.0178662409096,0.0381540212807,0.0263173188519,0.0241742828133,0.166325769,0.0664511477709,17,15,4,20,0.00023303620897,1.88759329266e-06,0.00023303620897,0.0107766377507,0.00363131289364,0.00374007590391,0.00023303620897,1.88759329266e-06,0.00023303620897,0.188685158819,0.672233087105,0.119997807505
434,0.00521111203672,0.0647348127615,0.0890156955454,0.109169763683,0.289709911231,0.00260241488292,0.039631347584,0.0016114255026,0.37826188893,0.0112499792135,0.00505371245453,0.00374793617411,17,15,4,20,0.00279701001725,2.26557811397e-05,0.00279701001725,0.369912501181,0.0823252871669,0.0149981503866,0.00279701001725,2.26557811397e-05,0.00279701001725,0.100352162322,0.357383380285,0.0637951670271
435,0.126673823318,0.372443501776,0.0838675070269,0.0857236843664,0.0664547294701,0.0580399029587,0.0923656375318,0.0561840495016,0.00489157830761,0.00811741769443,0.00891932158535,0.036318846463,17,15,4,20,2.52617814678e-05,2.04620429889e-07,2.52617814678e-05,0.000118851658269,0.00102923289058,7.91690251607e-05,2.52617814678e-05,2.04620429889e-07,2.52617814678e-05,0.192111879736,0.684391287974,0.122168122349
436,0.0917167740177,0.0574550893311,0.0371942796832,0.00529662319317,0.107341034884,0.189692808462,0.0789739037069,0.156351451093,0.0152054650016,0.00775124898763,0.103486159781,0.149535161859,17,15,4,20,0.000100763731963,8.16186228898e-07,0.000100763731963,0.00429347059444,0.00296216965193,0.00265321651944,0.000100763731963,8.16186228898e-07,0.000100763731963,0.190393206044,0.678225719965,0.121067529924
437,0.140223430363,0.176618517523,0.0599685296645,0.00698291334371,0.039092340932,0.0308027907635,0.072422136939,0.0288789844041,0.0431521886031,0.234468712356,0.133159567539,0.0342298875691,17,15,4,20,0.000103090768337,8.3503522353e-07,0.000103090768337,0.00513767679334,0.00166417413457,0.000709076619275,0.000103090768337,8.3503522353e-07,0.000103090768337,0.190747312901,0.679952037936,0.121375688472
438,0.0285258622083,0.0905596687405,0.0624871960578,0.190019362629,0.000811028614485,0.108982046266,0.187400857162,0.0763440480379,0.0403344821655,0.11336547174,0.0813270560131,0.0198429203658,17,15,4,20,9.91647121773e-07,8.03234168637e-09,9.91647121773e-07,3.88630007398e-05,3.09510738127e-05,6.77714655352e-06,9.91647121773e-07,8.03234168637e-09,9.91647121773e-07,0.192222828036,0.685356227928,0.122340370162
439,0.0569829603869,0.101112497568,0.303240802567,0.026828896288,0.0138219397185,0.0692249121133,0.0693593715778,0.0991849755262,0.0235140420883,0.0238705108005,0.00329290272535,0.20956618864,17,15,4,20,0.000451000693908,3.65310562066e-06,0.000451000693908,0.0239007250707,0.00361079618578,0.00341775707526,0.000451000693908,3.65310562066e-06,0.000451000693908,0.185948575974,0.662967070991,0.118343765716
440,0.010729211506,0.222593247172,0.27069887111,0.0257463782557,0.0889365978315,0.101313915869,0.100546240203,0.0326748775313,0.0251929110094,0.0634666432881,0.0253578525487,0.032743253674,17,15,4,20,3.04173795936e-05,2.46380774708e-07,3.04173795936e-05,6.62646074465e-05,0.000583948432235,5.34897121394e-05,3.04173795936e-05,2.46380774708e-07,3.04173795936e-05,0.192322814174,0.684638983284,0.12221233751
441,0.12127791506,0.0644253794978,0.160881401527,0.012129214972,0.00826610091933,0.0896027237323,0.0413661279722,0.0733762132548,0.227559539398,0.0142253991961,0.131339319524,0.0555506649475,17,15,4,20,0.000186260732522,1.50871193343e-06,0.000186260732522,0.00990356067845,0.00174209125706,0.00216197337416,0.000186260732522,1.50871193343e-06,0.000186260732522,0.189608871579,0.675291660742,0.120543782015
442,0.00731034307371,0.191759232371,0.0452253342984,0.228807894077,0.120491313947,0.0731583342783,0.0038885212393,0.0527839968865,0.062877853285,0.098045958758,0.0813020608472,0.034349156938,17,15,4,20,0.000569540482784,4.61327791055e-06,0.000569540482784,0.0236724919908,0.00918786604195,0.0011861457468,0.000569540482784,4.61327791055e-06,0.000569540482784,0.185285116293,0.660481004187,0.117899987254
443,0.0985182326204,0.159179356529,0.133478119906,0.108151804246,0.145145239027,0.148729418942,0.0166133712499,0.00444664386267,0.0635272097082,0.0171601138151,0.0680898514617,0.0369606386319,17,15,4,20,0.000740017367216,5.99414067445e-06,0.000740017367216,0.0437738893579,0.0140137949017,0.0109658512209,0.000740017367216,5.99414067445e-06,0.000740017367216,0.178529404571,0.63618245741,0.113562544788
444,0.0191633636615,0.0984719010951,0.0566683594285,0.11460087533,0.0759720139778,0.0100640727046,0.0428104370029,0.138774778093,0.27233792397,0.0356582872839,0.0930019754418,0.0424760120112,17,15,4,20,0.000146446218161,1.18621436711e-06,0.000146446218161,0.0349604754138,0.00562834373145,0.0018369225222,0.000146446218161,1.18621436711e-06,0.000146446218161,0.184101112677,0.655817470933,0.117067517421
445,0.223189453502,0.193419889769,0.221043921311,0.00926266137807,0.0912289765304,0.0203715499542,0.0313224364526,0.0236041086138,0.00544151031371,0.0666184526514,0.00358683109244,0.110910208431,17,15,4,20,4.8495081254e-06,3.92810158157e-08,4.8495081254e-06,4.61800793101e-05,5.85153918639e-05,2.12375832111e-05,4.8495081254e-06,3.92810158157e-08,4.8495081254e-06,0.192236428683,0.685289672132,0.122328489536
446,0.0194492054816,0.0598988032294,0.012385727618,0.0329864539635,0.0695566460602,0.0299955209249,0.00252701189482,0.265055106172,0.406718720981,0.0945508031466,0.00585680989311,0.00101919063423,17,15,4,20,3.76950649859e-06,3.05330026386e-08,3.76950649859e-06,4.67689699701e-05,3.50671245905e-05,5.35948002262e-05,3.76950649859e-06,3.05330026386e-08,3.76950649859e-06,0.192468393133,0.685088464215,0.122292572665
447,0.115884049756,0.27765829824,0.0462038307674,0.0221563074145,0.077876253241,0.125630826535,0.138932770044,0.0262089909665,0.00397896056714,0.131231734415,0.024116620885,0.0101213571687,17,15,4,20,5.11753175525e-06,4.14520072175e-08,5.11753175525e-06,9.51617096717e-05,0.000200571415006,1.15799418858e-05,5.11753175525e-06,4.14520072175e-08,5.11753175525e-06,0.192418221807,0.684980594796,0.1222733173
448,0.0741878819496,0.015005013623,0.236142109785,0.00209734538996,0.0555851460985,0.0643755089557,0.0553909723775,0.0977053772415,0.0355486563876,0.098858428232,0.17372554988,0.0913780100791,17,15,4,20,0.000154910704028,1.25477670263e-06,0.000154910704028,0.00734938727323,0.00195356353471,0.000770549408978,0.000154910704028,1.25477670263e-06,0.000154910704028,0.190253093068,0.678020379056,0.121030875289
449,0.000715303811071,0.0424085612691,0.0473718807141,0.0504336270184,0.0576323209343,0.105284858136,0.136198019231,0.0363454888695,0.121949792897,0.206952266876,0.118893232377,0.0758146478666,17,15,4,20,7.00001331765e-05,5.6700107873e-07,7.00001331765e-05,0.00973342600183,0.00140893961769,0.000995565485165,7.00001331765e-05,5.6700107873e-07,7.00001331765e-05,0.189882335747,0.676872607688,0.120825990926
450,0.0758798173993,0.102118884578,0.0836029111459,0.00924533914115,0.0432482206288,0.0406178714206,0.0216657276897,0.0360951956403,0.179761923685,0.10290338247,0.131814325737,0.173046400464,17,15,4,20,6.16167439975e-05,4.99095626379e-07,6.16167439975e-05,0.00403026996988,0.00182241698908,0.000307450644934,6.16167439975e-05,4.99095626379e-07,6.16167439975e-05,0.191039079705,0.680991990941,0.121561326583
451,0.130900046272,0.0522562216668,0.00585592119757,0.0739078030604,0.175175169003,0.116267256402,0.0124161425012,0.0165290252319,0.252044081208,0.0586892773484,0.0616319677458,0.0443270883632,17,15,4,20,0.000647346066776,5.24350314089e-06,0.000647346066776,0.0292489000266,0.0065995186521,0.00708529550984,0.000647346066776,5.24350314089e-06,0.000647346066776,0.18340782985,0.654267709389,0.116790875299
452,0.0499445094337,0.108896360778,0.179681281508,0.0973213174861,0.206460635689,0.0165626632402,0.154816579155,0.0649580945089,0.0683313215023,0.00924581202124,0.014775039944,0.0290063847343,17,15,4,20,2.47350705883e-05,2.00354071765e-07,2.47350705883e-05,0.000175191361151,0.000393922081049,0.000327425397683,2.47350705883e-05,2.00354071765e-07,2.47350705883e-05,0.192201817928,0.684597389485,0.122204912757
453,0.101554858022,0.0306051407645,0.307289100183,0.00106661094657,0.0207815327275,0.00573163854584,0.00806069173478,0.319968884346,0.0955168760484,0.028561172869,0.0790409131841,0.0018225806276,17,15,4,20,2.71315447392e-07,2.19765512388e-09,2.71315447392e-07,2.73012226451e-06,4.68647697645e-06,2.84387888919e-07,2.71315447392e-07,2.19765512388e-09,2.71315447392e-07,0.192427240988,0.685243687395,0.122320280973
454,0.0804429775129,0.0178909256986,0.0451062897001,0.0298884750117,0.00115517624776,0.134278293817,0.0479914724796,0.106512937561,0.0594470131385,0.121060957799,0.0370268099826,0.31919867105,17,15,4,20,8.78270306436e-05,7.11398948213e-07,8.78270306436e-05,0.016461500708,0.000565424439398,0.0012808481205,8.78270306436e-05,7.11398948213e-07,8.78270306436e-05,0.188753724047,0.672534211647,0.120051560118
455,0.0308379304341,0.083773792682,0.00476573214446,0.143761550041,0.0314491077044,0.0303002143433,0.131965340533,0.0493229338655,0.00843766582877,0.0333362901835,0.213193535979,0.23885590626,17,15,4,20,7.96293950922e-05,6.44998100247e-07,7.96293950922e-05,0.00562087033181,0.00156485464687,0.000857265986686,7.96293950922e-05,6.44998100247e-07,7.96293950922e-05,0.190854648224,0.679489441176,0.121293112059
456,0.0877401372762,0.0274939395171,0.189121307305,0.0162608859299,0.0860979083039,0.207808778906,0.113690926405,0.0220860684521,0.0544298686585,0.000761449385516,0.0662083499117,0.128300379949,17,15,4,20,0.000306390388711,2.48176214856e-06,0.000306390388711,0.0177973555115,0.0113234171947,0.000766882711717,0.000306390388711,2.48176214856e-06,0.000306390388711,0.186370210245,0.663985964655,0.118525644603
457,0.0129882719471,0.0887847870402,0.018426766184,0.0273150231863,0.00416903177373,0.101266242822,0.151153244482,0.0566270182534,0.0586931222444,0.149970277029,0.236938681395,0.0936675336433,17,15,4,20,8.22978493294e-08,6.66612579568e-10,8.22978493294e-08,2.28867994259e-06,1.41562590997e-06,5.24148572754e-07,8.22978493294e-08,6.66612579568e-10,8.22978493294e-08,0.192414861109,0.685257782818,0.122322797094
458,0.0186712825363,0.0909057967574,0.0293501281632,0.0283552313684,0.0566618637494,0.0123838731373,0.0452310302994,0.210116050709,0.203453832367,0.170281940755,0.132806937428,0.00178203272924,17,15,4,20,0.000201792796884,1.63452165476e-06,0.000201792796884,0.00553291731124,0.00250126757568,0.00131250391057,0.000201792796884,1.63452165476e-06,0.000201792796884,0.190537201216,0.678236258616,0.12106941114
459,0.00330603786249,0.0852772061435,0.040494756644,0.191584707333,0.120842999353,0.0965568677649,0.0941569356456,0.0511346124622,0.205898612303,0.0277799529768,0.0530042285586,0.0299630829523,17,15,4,20,1.81109823907e-06,1.46698957364e-08,1.81109823907e-06,3.00991452631e-05,3.87216534456e-05,1.08032068096e-05,1.81109823907e-06,1.46698957364e-08,1.81109823907e-06,0.192482531797,0.685130495035,0.122300075429
460,0.165659818627,0.00102843750768,0.0183445993678,0.00634503441168,0.0111273701633,0.068358840778,0.0402144998162,0.136633369276,0.101461573185,0.0790221033793,0.29421265233,0.0775917011576,17,15,4,20,8.24247753165e-05,6.67640680064e-07,8.24247753165e-05,0.00463210704421,0.00160392738217,0.000663927140522,8.24247753165e-05,6.67640680064e-07,8.24247753165e-05,0.190880795214,0.680427625086,0.121460583751
461,0.0199823995458,0.0145062686898,0.0215182590131,0.0229502221145,0.324058202459,0.281876047505,0.0689018600907,0.0262010696796,0.00506754203593,0.108217017871,0.0102049921724,0.0965161188227,17,15,4,20,3.43238060235e-05,2.7802282879e-07,3.43238060235e-05,0.000142671978579,0.000524426049037,0.000352751217405,3.43238060235e-05,2.7802282879e-07,3.43238060235e-05,0.192255859911,0.684414223153,0.122172216422
462,0.0776047703928,0.0686781385309,0.132429243931,0.0178019881312,0.0334668750797,0.195004150473,0.0252326610965,0.0767324963851,0.0123823548758,0.0386958073262,0.185901046286,0.136070467492,17,15,4,20,2.66591064631e-06,2.15938762351e-08,2.66591064631e-06,1.17096156742e-05,0.000135719692619,9.42180434494e-06,2.66591064631e-06,2.15938762351e-08,2.66591064631e-06,0.192321383199,0.685198791995,0.122312266864
463,0.0693843603632,0.0943707539618,0.0610428585527,0.00546186011431,0.0188534306927,0.103313685493,0.00068003536326,0.0057844075249,0.0690255147096,0.154125072088,0.24001104586,0.177946975277,17,15,4,20,5.1521393547e-05,4.17323287731e-07,5.1521393547e-05,0.00271149570551,0.000815001928234,0.000332559743095,5.1521393547e-05,4.17323287731e-07,5.1521393547e-05,0.191696778858,0.682420855676,0.121816387868
464,0.0312936766867,0.0328709539611,0.148936733159,0.2871177878,0.141057891844,0.154518877598,0.012842578144,0.00235001775237,0.0557904126866,0.12496489155,1.4471335069e-05,0.00824170748309,17,15,4,20,0.000460218063233,3.72776631219e-06,0.000460218063233,0.00805431020368,0.0145904214583,0.00113310141723,0.000460218063233,3.72776631219e-06,0.000460218063233,0.187343939728,0.667819877415,0.119210021993
465,0.0280137020867,0.102181772613,0.153745557039,0.0754982464649,0.019583372936,0.0156519575324,0.0513343623762,0.21648593357,0.00891697660992,0.168326878681,0.0192744336313,0.14098680646,17,15,4,20,7.47614120861e-07,6.05567437898e-09,7.47614120861e-07,3.17773472853e-05,2.80757852827e-05,2.59662100599e-06,7.47614120861e-07,6.05567437898e-09,7.47614120861e-07,0.192487189079,0.685144740301,0.122302618298
466,0.0428105857464,0.120694562537,0.0333969184175,0.223644523333,0.0493616202876,0.112383766303,0.253296988647,0.0604224384069,0.0273863273376,0.0423674246893,0.016667667381,0.0175671769144,17,15,4,20,5.39969179201e-06,4.37375035153e-08,5.39969179201e-06,6.45105650411e-05,0.000198852291984,9.71211331727e-06,5.39969179201e-06,4.37375035153e-08,5.39969179201e-06,0.192350667704,0.685066007145,0.122288563938
467,0.0479707453843,0.0407746277651,0.060225421602,0.00560043710861,0.206058978564,0.191518377979,0.0802706211877,0.0756741332927,0.141854148195,0.00695810842553,0.000896755857382,0.142197644639,17,15,4,20,0.000681523445449,5.52033990813e-06,0.000681523445449,0.0565474453682,0.010249551111,0.00366993482793,0.000681523445449,5.52033990813e-06,0.000681523445449,0.178337156361,0.635091055198,0.113367722672
468,0.123711452092,0.0486087812587,0.0778810580106,0.0516826551924,0.041817850536,0.0946499119066,0.00523843513323,0.099286361674,0.0622678785515,0.0842662438695,0.265460745344,0.0451286264318,17,15,4,20,4.22580335476e-06,3.42290071735e-08,4.22580335476e-06,0.000692900090378,0.000188910597637,6.84429561641e-05,4.22580335476e-06,3.42290071735e-08,4.22580335476e-06,0.192072330462,0.684731577981,0.122228866242
469,0.0546328945603,0.0117586740759,0.0252720302466,0.06430391044,0.24992599653,0.106691420929,0.207232141853,0.0216457095738,0.0740271801126,0.00881232377517,0.0229019508387,0.152795767066,17,15,4,20,0.000512060221855,4.14768779703e-06,0.000512060221855,0.0355390525203,0.0072013698933,0.00606322575508,0.000512060221855,4.14768779703e-06,0.000512060221855,0.18261538773,0.650420333229,0.116104094609
470,0.010090894618,0.0100868016481,0.145849938353,0.0548105815962,0.0996473384353,0.126338900652,0.018633412695,0.0596601325412,0.14819189455,0.0215845789802,0.00316526571157,0.30194026022,17,15,4,20,5.77872154934e-06,4.68076445497e-08,5.77872154934e-06,2.22637832345e-05,0.000122610962334,2.83557510906e-05,5.77872154934e-06,4.68076445497e-08,5.77872154934e-06,0.192314561389,0.685180074024,0.122308925589
471,0.115910456423,0.0108211081582,0.157926868948,0.0881245834238,0.0737683536392,0.134131192711,0.0545296082674,0.128094153106,0.00922662470075,0.153511017808,0.0170346235534,0.0569214092611,17,15,4,20,0.000287570745668,2.32932303991e-06,0.000287570745668,0.0172105238308,0.0041512781735,0.00488558122386,0.000287570745668,2.32932303991e-06,0.000287570745668,0.187073162736,0.666542508711,0.118982003696
472,0.0187032412064,0.0205503821012,0.12630212975,0.0441402119883,0.0696971576079,0.221783192067,0.0750998862441,0.222665823216,0.00283470921871,0.0705861357834,0.0267502159124,0.100886914905,17,15,4,20,0.000304935121841,2.46997448691e-06,0.000304935121841,0.00730103047825,0.00808758489375,0.000792207538408,0.000304935121841,2.46997448691e-06,0.000304935121841,0.18903442301,0.673360937749,0.120199135894
473,0.147199162243,0.300102042328,0.0413012170673,0.105574617146,0.00748971891558,0.0104779033222,0.0770901356841,0.0454408971217,0.0346617243749,0.000133704231148,0.206628944743,0.0238999328231,17,15,4,20,0.000265954076021,2.15422801577e-06,0.000265954076021,0.0165035473651,0.00561483011521,0.00414030466363,0.000265954076021,2.15422801577e-06,0.000265954076021,0.187027930117,0.666644969408,0.11900029357
474,0.0204809333002,0.0222598382736,0.053296137069,0.115334842423,0.0519227680478,0.113599795867,0.097058520102,0.235681791987,0.0854089675894,0.115269949043,0.0326087420092,0.0570777142898,17,15,4,20,8.64426732724e-07,7.00185653507e-09,8.64426732724e-07,9.33803191232e-06,2.62713924842e-05,7.77967015227e-06,8.64426732724e-07,7.00185653507e-09,8.64426732724e-07,0.192419521851,0.685217933587,0.122315683757
475,0.0037343299888,0.056221571236,0.0246547673845,0.341175219976,0.0980169270362,0.0863643597217,0.00776517993185,0.0103078196133,0.0716512623165,0.0272938691947,0.149267334644,0.123547358956,17,15,4,20,0.000344528349145,2.79067962807e-06,0.000344528349145,0.03439304714,0.00257704176304,0.00354696584475,0.000344528349145,2.79067962807e-06,0.000344528349145,0.184426670069,0.656485767833,0.117186812594
476,0.0786729664701,0.0755308489539,0.0874701323278,0.028905061282,0.0469735261607,0.16971704433,0.0389732545979,0.184027439736,0.0363125846902,0.111518619597,0.0543432926943,0.0875552291597,17,15,4,20,3.149272409e-06,2.55091065129e-08,3.149272409e-06,1.57319126498e-05,0.000203377997133,5.6281479049e-06,3.149272409e-06,2.55091065129e-08,3.149272409e-06,0.192309674096,0.685149476075,0.122303463664
477,0.0414947902639,0.0139840874766,0.0872147748669,0.187672955765,0.138215956396,0.0114735750231,0.132420722271,0.0937196584662,0.00807500048791,0.206182381889,0.0306161236812,0.0489299734145,17,15,4,20,6.52069703868e-07,5.28176460133e-09,6.52069703868e-07,8.0644719708e-06,1.52797460163e-05,1.35111428133e-06,6.52069703868e-07,5.28176460133e-09,6.52069703868e-07,0.192349540106,0.685293901258,0.122329244461
478,0.115022566799,0.0311857191371,0.259196607089,0.0783141411707,0.161706673357,0.0901202235346,0.0749597493465,0.0192669901618,0.0333908415273,0.116948707306,0.0113417949713,0.00854598560013,17,15,4,20,8.64395211368e-06,7.00160121208e-08,8.64395211368e-06,4.59540621375e-05,7.43359139747e-05,4.46763790164e-05,8.64395211368e-06,7.00160121208e-08,8.64395211368e-06,0.192186598932,0.685285902279,0.122327816594
479,0.158857246495,0.169937226258,0.142850570414,0.0159805216472,0.0886868654959,0.00743035581941,0.00128312206003,0.0758055842814,0.0266466653957,0.166807442765,0.0283613188511,0.117353080518,17,15,4,20,0.000140054350201,1.13444023663e-06,0.000140054350201,0.0133837691188,0.00469270341385,0.000378610201545,0.000140054350201,1.13444023663e-06,0.000140054350201,0.18876950594,0.672217839358,0.119995085687
480,0.218986556774,0.0190487838649,0.0378956722743,0.0140366398545,0.00267302193426,0.000820028967884,0.0971133409417,0.0724710488152,0.258517014927,0.0550723837711,0.198809726469,0.0245557814069,17,15,4,20,0.000100868300712,8.17033235767e-07,0.000100868300712,0.00849948990733,0.0028362375368,0.00268590130949,0.000100868300712,8.17033235767e-07,0.000100868300712,0.189469384155,0.675519438121,0.120584441701
481,0.099618514212,0.0772734943532,0.0789111367198,0.00497545761608,0.132943201218,0.144914689126,0.0017892039362,0.00902167652303,0.216562115318,0.114881304445,0.0254398820775,0.093669324455,17,15,4,20,0.000228836639161,1.8535767772e-06,0.000228836639161,0.0126086623421,0.00609211436597,0.00214805267698,0.000228836639161,1.8535767772e-06,0.000228836639161,0.188123785343,0.670432024914,0.119676306647
482,0.0398697048425,0.0643732713401,0.0650151785747,0.126411719224,0.070765225307,0.0479433092461,0.0646802433366,0.0540824621151,0.201896662549,0.0709662177546,0.147444518159,0.0465514875516,17,15,4,20,0.000243868333062,1.9753334978e-06,0.000243868333062,0.00659199735449,0.00374606007148,0.00126700838131,0.000243868333062,1.9753334978e-06,0.000243868333062,0.190007461638,0.676626066731,0.120781981824
483,0.00104471491547,0.111592675178,0.0281398153066,0.0124162611836,0.0106613311396,0.16840886193,0.00208157646552,0.118204168365,0.176196043224,0.134542050587,0.0331139812294,0.203598520475,17,15,4,20,2.80012849373e-06,2.26810407992e-08,2.80012849373e-06,1.21144786746e-05,0.000229630418198,2.1325937039e-05,2.80012849373e-06,2.26810407992e-08,2.80012849373e-06,0.192362666825,0.68507317332,0.122289843145
484,0.00747963518493,0.0849409973944,0.0466079697224,0.0105355648163,0.0769468724131,0.0213548127019,0.374076213987,0.0858475684839,0.203304328809,0.0536153191184,0.00830659434598,0.0269841230222,17,15,4,20,0.00114807693984,9.2994232127e-06,0.00114807693984,0.0377830454498,0.0147670180233,0.019594873713,0.00114807693984,9.2994232127e-06,0.00114807693984,0.177658619385,0.632653018873,0.11293251795
485,0.0202433456778,0.0992623756646,0.0467088189018,0.0118423170853,0.0790229940544,0.0397564648172,0.24467845235,0.0153488038464,0.185860194677,0.0139957360927,0.205237910691,0.0380425861417,17,15,4,20,1.26710228439e-06,1.02635285035e-08,1.26710228439e-06,3.2901053194e-05,4.32036006303e-06,1.48992482404e-05,1.26710228439e-06,1.02635285035e-08,1.26710228439e-06,0.19240123489,0.685224669375,0.122316886138
486,0.279942928441,0.217800781349,0.0489685742681,0.000614742826134,0.017121835124,0.020437234748,0.0210856747171,0.163673943889,0.0462313857308,0.115096211417,0.016145552449,0.0528811350407,17,15,4,20,0.000439867267174,3.56292486411e-06,0.000439867267174,0.023763107126,0.010289383228,0.00236241538013,0.000439867267174,3.56292486411e-06,0.000439867267174,0.185130039579,0.659044837283,0.117643622485
487,0.0196150117069,0.0578060318791,0.0744889843648,0.0352707665398,0.0427117253033,0.0910185477299,0.15245453732,0.0552747657587,0.0111275157536,0.0247950113548,0.434112724854,0.00132437743489,17,15,4,20,2.08789147431e-05,1.69119209419e-07,2.08789147431e-05,0.000213467455558,0.000806891981494,0.00011183988183,2.08789147431e-05,1.69119209419e-07,2.08789147431e-05,0.1922301946,0.684386486863,0.122167265321
488,0.0137060627856,0.0593185799235,0.014444418724,0.0106835398035,0.156336384634,0.16393595324,0.0162424327983,0.07607984993,0.0246218461738,0.193559892104,0.0727047149515,0.198366324932,17,15,4,20,6.9135604329e-05,5.59998395065e-07,6.9135604329e-05,0.00463908578727,0.00168612781602,0.000426034651304,6.9135604329e-05,5.59998395065e-07,6.9135604329e-05,0.190919653362,0.680566128495,0.121485307475
489,0.0601864914196,0.174019434534,0.101663624602,0.0353338787241,0.111713219263,0.123269364095,0.058827012879,0.0615093274962,0.175627254136,0.0142884366654,0.00672649264268,0.0768354635446,17,15,4,20,0.00134161129255,1.08670514697e-05,0.00134161129255,0.0837712924342,0.0154941628683,0.00543235421576,0.00134161129255,1.08670514697e-05,0.00134161129255,0.171179657772,0.609868936576,0.10886541686
490,0.0303535813471,0.111972454807,0.0525092238164,0.0501820861703,0.187772229048,0.00811386018381,0.0253672805647,0.0390747674348,0.020564032831,0.0262551859942,0.131869535063,0.31596576274,17,15,4,20,1.11905475778e-06,9.064343538e-09,1.11905475778e-06,5.19466248259e-05,7.27597645355e-05,2.34745581577e-06,1.11905475778e-06,9.064343538e-09,1.11905475778e-06,0.192279950334,0.685264504514,0.122323996959
491,0.012892421569,0.354787952491,0.0906545405254,0.100936717196,0.122752534792,0.0181851532944,0.0141700783103,0.01416334091,0.0843167811511,0.0422557039588,0.0435731116173,0.101311664185,17,15,4,20,0.000243140875441,1.96944109107e-06,0.000243140875441,0.00550797262897,0.00872028824251,0.00046783328697,0.000243140875441,1.96944109107e-06,0.000243140875441,0.189296008984,0.674609400224,0.120421994249
492,0.0888990486775,0.0537262580134,0.119943038154,0.0217125381051,0.140882541422,0.105922804553,0.0237053634604,0.0262043226716,0.00112328144379,0.00207523350368,0.255390606943,0.160414963052,17,15,4,20,3.25524920856e-06,2.63675185893e-08,3.25524920856e-06,1.65125719433e-05,9.16730123798e-05,2.09135469166e-05,3.25524920856e-06,2.63675185893e-08,3.25524920856e-06,0.191994136198,0.68549801152,0.122365679419
493,0.303170005642,0.041984769953,0.0029546658269,0.165639332863,0.000283177684095,0.0436029684854,0.0073056755467,0.113583521525,0.0091565559464,0.120087802227,0.0956399102019,0.0965916140986,17,15,4,20,0.000118252002777,9.57841222491e-07,0.000118252002777,0.0311637482863,0.00374419841739,0.00105030834582,0.000118252002777,9.57841222491e-07,0.000118252002777,0.185489795119,0.660223079969,0.117853946169
494,0.0633082200665,0.0556256998702,0.182945984596,0.0463141544862,0.023162074193,0.0350801257669,0.176215326362,0.107015696693,0.0153557770417,0.0829680967309,0.0905246782658,0.121484165928,17,15,4,20,0.000139330214009,1.12857473347e-06,0.000139330214009,0.0111096956197,0.0028536088505,0.00193261997342,0.000139330214009,1.12857473347e-06,0.000139330214009,0.18931200728,0.673931504623,0.120300985647
495,0.0616128675358,0.0530420907239,0.0257881014113,0.00987436140344,0.152980851716,0.215078192067,0.138774490604,0.062935166351,0.0502726001194,0.083696568378,0.017298067147,0.128646642543,17,15,4,20,5.72262894209e-06,4.6353294431e-08,5.72262894209e-06,4.25127898732e-05,3.58390512412e-05,0.000132022161531,5.72262894209e-06,4.6353294431e-08,5.72262894209e-06,0.192305196151,0.685156694437,0.122304752186
496,0.0636647261173,0.0340384497957,0.0218694110762,0.136470042992,0.0292959258285,0.188534061211,0.103601418597,0.00850359431077,0.0538046040983,0.224710034401,0.108264424496,0.0272433070764,17,15,4,20,3.10117584135e-06,2.51195243149e-08,3.10117584135e-06,1.58891093171e-05,1.89067069195e-05,2.53144342238e-05,3.10117584135e-06,2.51195243149e-08,3.10117584135e-06,0.192340108449,0.685263507392,0.122323818966
497,0.130448515096,0.126695104876,0.0144787665199,0.112892703589,0.0209787384552,0.010819311749,0.063888136148,0.0445856508694,0.116707786998,0.0751635171841,0.126990563673,0.156351204843,17,15,4,20,0.000108781674906,8.81131566741e-07,0.000108781674906,0.0160938417825,0.00140672635217,0.00325713056922,0.000108781674906,8.81131566741e-07,0.000108781674906,0.188279059776,0.670786729012,0.119739623546
498,0.130438669207,0.0083683497596,0.0585824489715,0.142478842009,0.0579274573231,0.10038377847,0.0995813208346,0.141777979792,0.0673181123951,0.0923136380787,0.044640878252,0.0561885249077,17,15,4,20,0.00039833478893,3.22651179033e-06,0.00039833478893,0.017704210828,0.00971573420354,0.00173427812066,0.00039833478893,3.22651179033e-06,0.00039833478893,0.186498416607,0.664186183197,0.118561384864
499,0.00366604930372,0.0646795508269,0.0951161668818,0.145714177376,0.0212310150616,0.044526227211,0.05937637155,0.166528255711,0.121501671044,0.0911691380832,0.0216098626852,0.164881514266,17,15,4,20,1.72703014768e-06,1.39889441962e-08,1.72703014768e-06,1.633923283e-05,6.17246605748e-05,4.2654551385e-06,1.72703014768e-06,1.39889441962e-08,1.72703014768e-06,0.192409521805,0.685190437257,0.122310775491
500,0.104300483175,0.274304291902,0.0732265336611,0.0535176813826,0.0217986058867,0.0154296923814,0.0057378657929,0.0644964491573,0.137054654203,0.110393807202,0.0797151889653,0.0600247462919,17,15,4,20,0.000221719902746,1.79593121224e-06,0.000221719902746,0.0200141551201,0.00308414955958,0.00276832403718,0.000221719902746,1.79593121224e-06,0.000221719902746,0.187027720246,0.66712856174,0.119086617824
501,0.0224234973926,0.28579085204,0.0123863492412,0.124514277535,0.114872073017,0.037902762603,0.0116111776438,0.0809315567206,0.0413608685967,0.0325419192804,0.0511796833694,0.18448498256,17,15,4,20,6.51650246844e-06,5.27836699943e-08,6.51650246844e-06,2.48386462328e-05,0.000204238762515,4.69462550394e-05,6.51650246844e-06,5.27836699943e-08,6.51650246844e-06,0.19235381445,0.685057029022,0.122286961287
502,0.143944641793,0.0394902627116,0.029710465131,0.201286725414,0.0370942943936,0.0272452106933,0.0414818893598,0.255629687802,0.118601806645,0.0671386827194,0.0156283379243,0.0227479954131,17,15,4,20,0.000818811444451,6.63237270005e-06,0.000818811444451,0.0483911323793,0.0179203251354,0.00987693130489,0.000818811444451,6.63237270005e-06,0.000818811444451,0.176841629217,0.631037358895,0.112644112546
503,0.0441198766302,0.152298101394,0.00879974557391,0.0469637959553,0.0519239595278,0.19386886303,0.0281550457446,0.0400567420304,0.100619134111,0.0443305518588,0.176603720109,0.112260464034,17,15,4,20,0.000121895458361,9.87353212727e-07,0.000121895458361,0.00790925103916,0.00363442906728,0.000964198607962,0.000121895458361,9.87353212727e-07,0.000121895458361,0.189927148449,0.67634381769,0.120731598607
504,0.0355563946819,0.00409334738007,0.120511546988,0.171084715051,0.00666469542749,0.228000087431,0.0573225610299,0.0412214190187,0.040952696591,0.133547976621,0.125395370321,0.0356491894598,17,15,4,20,0.00026461195844,2.14335686337e-06,0.00026461195844,0.048136544807,0.00125206730244,0.00240237119552,0.00026461195844,2.14335686337e-06,0.00026461195844,0.182305490898,0.648991714086,0.115849077163
505,0.0437847333235,0.0138675399757,0.0601658960551,0.347748583693,0.0380586284692,0.103829384381,0.00715285850709,0.0233459065782,0.0133038853222,0.0191019604023,0.304696062274,0.0249445610194,17,15,4,20,0.000138934600655,1.12537026531e-06,0.000138934600655,0.00793651415758,0.00436009152165,0.00164773855721,0.000138934600655,1.12537026531e-06,0.000138934600655,0.189625568921,0.675322763625,0.120549334074
506,0.0513559693296,0.075597257087,0.204692594542,0.110201231128,0.133423866171,0.00928524158454,0.00245973167743,0.16113549065,0.0322436648996,0.0328642718138,0.131813981462,0.0549266996548,17,15,4,20,0.000265695163641,2.1521308255e-06,0.000265695163641,0.00650440130439,0.00534631623208,0.00168833223109,0.000265695163641,2.1521308255e-06,0.000265695163641,0.189557720596,0.67529225638,0.12054388834
507,0.098951249678,0.116016119574,0.025314107043,0.0419067164512,0.202507543642,0.0230763814085,0.251529352153,0.0281257004834,0.0389709833209,0.0315306052434,0.11499876013,0.0270724808729,17,15,4,20,1.55852985026e-05,1.26240917871e-07,1.55852985026e-05,5.85281428928e-05,0.000321982535281,8.47052663682e-05,1.55852985026e-05,1.26240917871e-07,1.55852985026e-05,0.192250118271,0.684953577555,0.122268494553
508,0.0323682095466,0.151263041126,0.0645902069836,0.033068120229,0.114004707398,0.0674801479835,0.000148449139472,0.022875149048,0.183724376221,0.00539140630611,0.26225067572,0.0628355102978,17,15,4,20,0.000148125097838,1.19981329249e-06,0.000148125097838,0.0170895877758,0.00148448926035,0.00168868363495,0.000148125097838,1.19981329249e-06,0.000148125097838,0.188402538058,0.670967847013,0.119771954241
509,0.0474901445305,0.110223997356,0.140327640308,0.00703646053917,0.0344287382091,0.151770111802,0.109109027892,0.1505286152,0.102866361623,0.140391333238,1.32114663097e-05,0.00581435783645,17,15,4,20,0.000811399031521,6.57233215532e-06,0.000811399031521,0.0489730284244,0.0163764563877,0.00100176951616,0.000811399031521,6.57233215532e-06,0.000811399031521,0.179029506394,0.637553257344,0.113807241144
510,0.0481322171692,0.0858273554856,0.136272725295,0.0461273301425,0.0545557586639,0.0188936020146,0.045019546088,0.0120919462554,0.108666400727,0.0949426517398,0.294719079859,0.0547513865598,17,15,4,20,7.95490402398e-07,6.44347225942e-09,7.95490402398e-07,1.05028196112e-05,2.21456376894e-05,1.02812099629e-05,7.95490402398e-07,6.44347225942e-09,7.95490402398e-07,0.192247420465,0.685364591846,0.122341863173
511,0.0549090714198,0.00449551987678,0.0920138482092,0.0443339774632,0.0746892084366,0.0100408902938,0.0306459297701,0.0481161442195,0.0258050719967,0.173150713182,0.190174391707,0.251625233426,17,15,4,20,2.00839928673e-05,1.62680342225e-07,2.00839928673e-05,0.000501893674302,0.000279021284063,0.000468824664428,2.00839928673e-05,1.62680342225e-07,2.00839928673e-05,0.192173138513,0.684337873077,0.122158587456
512,0.0313527229998,0.0343901541013,0.0184617942731,0.0878273339217,0.189669470392,0.0778635663177,0.139977106472,0.259229830315,0.00832072946149,0.0166037412132,0.0213993785652,0.114904171967,17,15,4,20,0.000458888495884,3.71699681666e-06,0.000458888495884,0.0392489036306,0.0147372565562,0.00457770549687,0.000458888495884,3.71699681666e-06,0.000458888495884,0.180656583705,0.643981788501,0.114954774134
513,0.000353012550051,0.123282036643,0.0736018032568,0.0539734230741,0.170154526406,0.0421932619015,0.131121876337,0.0148584248997,0.107468218987,0.0908190188483,0.0481342773258,0.14404011977,17,15,4,20,1.41904612272e-06,1.14942735941e-08,1.41904612272e-06,2.13180153079e-05,1.21925949439e-05,1.17885267859e-05,1.41904612272e-06,1.14942735941e-08,1.41904612272e-06,0.19234274086,0.685279573893,0.122326686937
514,0.00905745295105,0.0192719330194,0.0542489148478,0.23320075772,0.0165832744561,0.0208272206675,0.00562156858337,0.0218645473432,0.502368520606,0.018433014952,0.0130701019302,0.0854526929236,17,15,4,20,0.00042257331781,3.42284387426e-06,0.00042257331781,0.0464222572163,0.015763239985,0.00902960542731,0.00042257331781,3.42284387426e-06,0.00042257331781,0.17830780478,0.635363583038,0.113416370595
515,0.31425797468,0.159733057194,0.00861230416072,0.00427508801701,0.194611090625,0.000218323641288,0.0912314158531,0.0684825800215,0.0565376703932,0.0103840532305,0.0224280303737,0.0692284118092,17,15,4,20,0.000913937799338,7.40289617464e-06,0.000913937799338,0.00949207186159,0.0166206102648,0.00560316598682,0.000913937799338,7.40289617464e-06,0.000913937799338,0.185549330901,0.661060782661,0.118003481335
516,0.0928641057062,0.284844013557,0.00204062659052,0.0741432797385,0.0328718010618,0.0259001513264,0.0155367673165,0.0322049371083,0.15292439593,0.136724804741,0.139657540099,0.0102875768243,17,15,4,20,0.000107326945579,8.69348259193e-07,0.000107326945579,0.000975999746688,0.00231442778255,0.000315041409086,0.000107326945579,8.69348259193e-07,0.000107326945579,0.191634578582,0.682498634183,0.121830271818
517,0.0736680400068,0.07773556224,0.0755659019729,0.0528746498217,0.18030448919,0.0948576894999,0.121587782802,0.0114560755144,0.0533917031276,0.0317050529579,0.205087359009,0.0217656938579,17,15,4,20,0.000394103773038,3.19224056161e-06,0.000394103773038,0.00816648312721,0.000954822096772,0.00409380315525,0.000394103773038,3.19224056161e-06,0.000394103773038,0.189581522031,0.675109334394,0.120511235623
518,0.00951202359548,0.112410487988,0.0579311783356,0.0520203351013,0.214755974906,0.0801224180898,0.174323255037,0.0240129262182,0.0257281911746,0.0658807753902,0.0718297434754,0.111472690689,17,15,4,20,0.000208926619949,1.69230562159e-06,0.000208926619949,0.0114527048376,0.00602837706209,0.00211717907396,0.000208926619949,1.69230562159e-06,0.000208926619949,0.188545648305,0.671203058643,0.119813940987
519,0.0497024929965,0.09291320168,0.0135512371319,0.045063383278,0.0185645369328,0.000132536011339,0.0104187036279,0.304968548553,0.206871788803,0.0761709921829,0.119736658815,0.0619059199881,17,15,4,20,6.41954170416e-05,5.19982878037e-07,6.41954170416e-05,0.00624084235206,0.00370772788436,0.000346172110709,6.41954170416e-05,5.19982878037e-07,6.41954170416e-05,0.190296503477,0.678104959173,0.121045973368
520,0.00201731576732,0.0036661418965,0.0772944356698,0.101135469062,0.239159733232,0.000520286569582,0.0123765642562,0.141513958555,0.028472260985,0.136942430579,0.173821782061,0.0830796213658,17,15,4,20,7.92924535509e-05,6.42268873762e-07,7.92924535509e-05,0.00495864724204,0.00212128234301,0.00156407799182,7.92924535509e-05,6.42268873762e-07,7.92924535509e-05,0.190691554059,0.679118998318,0.121226985694
521,0.197650508567,0.0516143574908,0.16792864926,0.0511750264824,0.131229496161,0.0364753487757,0.0568787741896,0.12217107474,0.0975178526764,0.025868277088,0.0121687668586,0.04932186771,17,15,4,20,0.00108203748164,8.76450360129e-06,0.00108203748164,0.0364190078167,0.0158674636408,0.0230572054765,0.00108203748164,8.76450360129e-06,0.00108203748164,0.177037649607,0.630690753252,0.112582241273
522,0.030476610363,0.0341166001452,0.277961430529,0.145794454083,0.0609517767683,0.102078958434,0.0887640113587,0.0701855231179,0.00319081642335,0.0831873963819,0.0637490541858,0.0395433682105,17,15,4,20,0.000146776069054,1.18888615934e-06,0.000146776069054,0.0128072219473,0.0138986403976,0.00050145273474,0.000146776069054,1.18888615934e-06,0.000146776069054,0.18697822297,0.666288345863,0.118936634039
523,0.122371177312,0.0790099608286,0.0556253959861,0.140134119915,0.0248493376566,0.00827041105541,0.175453120386,0.00431990477293,0.00372203054345,0.280319475522,0.0414814040663,0.0644436619551,17,15,4,20,4.98834815672e-07,4.04056200694e-09,4.98834815672e-07,4.87050083568e-06,3.98111245028e-06,2.03584926312e-06,4.98834815672e-07,4.04056200694e-09,4.98834815672e-07,0.192437184262,0.685231771028,0.122318153827
524,0.0347711475843,0.0501943159981,0.10621939806,0.0806473698695,0.131665040259,0.0198907718796,0.02297912971,0.217076647246,0.115140378273,0.032490841418,0.0079623873542,0.18096257235,17,15,4,20,1.18735435235e-05,9.61757025402e-08,1.18735435235e-05,6.51314289861e-05,0.000192649743344,9.35847779153e-05,1.18735435235e-05,9.61757025402e-08,1.18735435235e-05,0.192072899646,0.685213207718,0.12231484016
525,0.194374864918,0.0847801507808,0.0136972239334,0.068828227483,0.0647498002807,0.251252829961,0.0127927568931,0.0057087976975,0.0608173474149,0.097011898758,0.0916297401769,0.0543563617022,17,15,4,20,0.000203834308775,1.65105790108e-06,0.000203834308775,0.00843363457858,0.00634718789946,0.00147341604148,0.000203834308775,1.65105790108e-06,0.000203834308775,0.189130931776,0.67356129028,0.120234900073
526,0.0949383593716,0.050146417028,0.0418350763818,0.0171879008524,0.00749551642965,0.262287177337,0.114159475135,0.12479884863,0.0842389898383,0.0309630260252,0.0573206617811,0.11462855119,17,15,4,20,9.39221755865e-06,7.6076962225e-08,9.39221755865e-06,8.22586126425e-05,0.000160815757752,1.28292633705e-05,9.39221755865e-06,7.6076962225e-08,9.39221755865e-06,0.192349998865,0.68506753908,0.122288837398
527,0.0929997064919,0.294200344693,0.0955891636284,0.0583046852855,0.0526615410585,0.00211806961049,0.0313889167035,0.0232731251235,0.0191471893172,0.200060355241,0.0601235597481,0.0701333430983,17,15,4,20,9.53403100157e-05,7.72256511127e-07,9.53403100157e-05,0.00318185492326,0.00213090890142,0.00140163516644,9.53403100157e-05,7.72256511127e-07,9.53403100157e-05,0.191035384932,0.680409892034,0.12145741829
528,0.203815986104,0.14064755177,0.0128981925155,0.0234090390136,0.0138875376181,0.112791656136,0.0505167066998,0.0736445938157,0.0057973397707,0.0858499186081,0.217087061239,0.0596544167097,17,15,4,20,4.82069067907e-05,3.90475945005e-07,4.82069067907e-05,0.000786823975404,0.00121753336395,0.000660384361726,4.82069067907e-05,3.90475945005e-07,4.82069067907e-05,0.191768669378,0.683384564436,0.121988415905
529,0.056288588146,0.007824448711,0.191082568442,0.0321242019005,0.139430013199,0.133400095362,0.0309832525871,0.071861049177,0.0365927483517,0.124904271982,0.00858188407171,0.166926878068,17,15,4,20,7.91539589318e-06,6.41147067347e-08,7.91539589318e-06,0.000112933151118,0.00025393104254,6.43104446683e-06,7.91539589318e-06,6.41147067347e-08,7.91539589318e-06,0.192258357256,0.685050722212,0.122285835482
530,0.0792790571782,0.0375550685498,0.0564513462666,0.13911963146,0.00855216959629,0.136365168421,0.39523676931,0.0163843022243,0.0350622711025,0.0254199295382,0.0246519094951,0.0459223768581,17,15,4,20,5.22217441138e-06,4.22996127322e-08,5.22217441138e-06,0.00010685588127,1.29280984371e-05,0.000105773845118,5.22217441138e-06,4.22996127322e-08,5.22217441138e-06,0.192352149307,0.685105674723,0.122295644848
531,0.024663201771,0.0515411753042,0.00278390540458,0.163237980096,0.0416622267932,0.216682519662,0.0144631536318,0.009563459119,0.294489545471,0.072599085577,0.0120014820296,0.096312265141,17,15,4,20,3.37826010892e-06,2.73639068822e-08,3.37826010892e-06,2.62684174343e-05,5.38993134981e-05,8.59931233144e-05,3.37826010892e-06,2.73639068822e-08,3.37826010892e-06,0.192218663091,0.685275626061,0.122325982225
532,0.438659831318,0.060479353708,0.0323430926338,0.109808742966,0.00326213933122,0.0328458369086,0.102612094257,0.0302657810476,0.0870305034538,0.00189040956558,0.0737995975056,0.027002617305,17,15,4,20,3.11555978824e-06,2.52360342847e-08,3.11555978824e-06,1.98375397174e-05,0.000100961814215,8.08254471369e-06,3.11555978824e-06,2.52360342847e-08,3.11555978824e-06,0.192384805573,0.685167176514,0.122306623303
533,0.0106808601259,0.177820457685,0.0259431002154,0.0988334774663,0.149781698575,0.025628421916,0.058020656208,0.0683730480859,0.0969552370214,0.0806059894971,0.181006468346,0.026350584858,17,15,4,20,2.28838159241e-06,1.85358908985e-08,2.28838159241e-06,6.64925133968e-05,0.000263858191358,4.53837911828e-06,2.28838159241e-06,1.85358908985e-08,2.28838159241e-06,0.192355927888,0.685019695423,0.122280297006
534,0.0147856163696,0.337501349754,0.180838846121,0.0116462339039,0.0524277128221,0.0560585260352,0.0572515456108,0.0774953994257,0.0692280813916,0.0303245405807,0.0409271331068,0.0715150148792,17,15,4,20,5.91327876906e-07,4.78975580294e-09,5.91327876906e-07,5.19425189528e-06,7.88256298652e-06,8.50044012631e-07,5.91327876906e-07,4.78975580294e-09,5.91327876906e-07,0.192338660185,0.685312477609,0.122332560456
535,0.0853757156631,0.0287578029682,0.0710882287781,0.0443512789119,0.0152742645018,0.229365784695,0.00973107560989,0.114712831483,0.114690152245,0.145005208955,0.0745057899089,0.0671418662806,17,15,4,20,0.000142856203439,1.15713524786e-06,0.000142856203439,0.00949930125234,0.00514238519985,0.000671215349691,0.000142856203439,1.15713524786e-06,0.000142856203439,0.189359189956,0.674374165735,0.120380003422
536,0.10708661824,0.0260411868217,0.0179148775597,0.0991537840679,0.0158854458968,0.0285014642899,0.353966856392,0.0567480354444,0.0323002817304,0.18545819277,0.00147603796152,0.0754672188252,17,15,4,20,0.000158389980718,1.28295884381e-06,0.000158389980718,0.0159520857503,0.00582831732831,0.000884312512566,0.000158389980718,1.28295884381e-06,0.000158389980718,0.187994368198,0.669241075616,0.119463714754
537,0.0214381650689,0.131980654893,0.000164982262602,0.206796040368,0.0175212026161,0.142229223329,0.0208957211604,0.0515282664302,0.101529739412,0.112282118737,0.0640248552414,0.129609030481,17,15,4,20,6.54439544097e-07,5.30096030718e-09,6.54439544097e-07,1.60217985056e-05,3.43768485011e-05,2.76747091472e-06,6.54439544097e-07,5.30096030718e-09,6.54439544097e-07,0.192037346505,0.685534641006,0.122372218011
538,0.0796672594218,0.00786985722463,0.0611405069381,0.0535586739735,0.00679889176615,0.0345333075194,0.0360631019936,0.121574740503,0.346564272497,0.032059037798,0.12531132092,0.0948590294459,17,15,4,20,1.45635371606e-06,1.17964651001e-08,1.45635371606e-06,2.40859569664e-05,4.97681934577e-05,5.5193615445e-06,1.45635371606e-06,1.17964651001e-08,1.45635371606e-06,0.192420322414,0.685184703149,0.122309751917
539,0.0396632075039,0.230559150452,0.0320140003145,0.0831455014605,0.0900152220125,0.125197331055,0.139403709344,0.0530265683102,0.115272293412,0.0548970614376,0.0073178861675,0.0294880685306,17,15,4,20,0.000497523738145,4.02994227898e-06,0.000497523738145,0.139912918311,0.0227135683155,0.00279402992412,0.000497523738145,4.02994227898e-06,0.000497523738145,0.160150808295,0.570578662877,0.10185185744
540,0.0128743558138,0.017039937572,0.347206476347,0.0253631036958,0.194600992426,0.0538952993761,0.101110859148,0.0905214093202,0.0068825392616,0.0174394541361,0.0455354731576,0.0875300997459,17,15,4,20,0.000445884759618,3.61166655291e-06,0.000445884759618,0.070481698731,0.0138913790236,0.00505734132834,0.000445884759618,3.61166655291e-06,0.000445884759618,0.174760317692,0.622838021311,0.111180479542
541,0.161509255634,0.0379795533931,0.0362137556607,0.00511214133492,0.0167291556381,0.0466726480513,0.246550330624,0.0376617033617,0.0781711587689,0.15983393783,0.132699323229,0.040867036474,17,15,4,20,3.56603144421e-07,2.88848546981e-09,3.56603144421e-07,6.52430918364e-06,7.62909039026e-06,4.86131303764e-07,3.56603144421e-07,2.88848546981e-09,3.56603144421e-07,0.19225390689,0.68538458866,0.12234543273
542,0.032845893183,0.0725292502708,0.0900204797474,0.103857943235,0.0361839055939,0.0249642361349,0.202801236344,0.262882132594,0.0404202864564,0.000567819098222,0.121502282082,0.0114245352599,17,15,4,20,2.46875382927e-05,1.99969060171e-07,2.46875382927e-05,7.97960475454e-05,0.0011230717923,0.000188048373756,2.46875382927e-05,1.99969060171e-07,2.46875382927e-05,0.192025461768,0.684327700364,0.122156771563
543,0.131920677437,0.00869040317218,0.0228956393838,0.0604143058711,0.136510446216,0.0015723796063,0.283320345641,0.103838912719,0.0609924295901,0.0853101340281,0.0668669792251,0.0376673471101,17,15,4,20,0.000211886110272,1.7162774932e-06,0.000211886110272,0.0270867744174,0.00328674949887,0.00285663886547,0.000211886110272,1.7162774932e-06,0.000211886110272,0.185820928408,0.66193788265,0.118160049165
544,0.20661182396,0.0426008191669,0.0394158742305,0.122205337753,0.0195091472673,0.00956312040447,0.241605707818,0.0494623137509,0.043574169859,0.184294040858,0.0147574159888,0.0264002289431,17,15,4,20,1.06630484218e-05,8.63706922169e-08,1.06630484218e-05,6.27080458018e-05,0.000422153187981,5.47373499498e-05,1.06630484218e-05,8.63706922169e-08,1.06630484218e-05,0.192223210604,0.684930067938,0.12226429794
545,0.161675084263,0.0636099823886,0.157931152518,0.151286751271,0.0201478054666,0.152080882781,0.0439631378174,0.030383392476,0.0515324572203,0.00291070599005,0.032900150602,0.131578497206,17,15,4,20,0.000622570943737,5.04282464427e-06,0.000622570943737,0.0334231452893,0.00978747749992,0.00293929446853,0.000622570943737,5.04282464427e-06,0.000622570943737,0.183040278874,0.651934968053,0.116374466391
546,0.234644478803,0.00161806171743,0.0151900782633,0.0349881051965,0.0156917523077,0.127113104652,0.157003521002,0.0967921462344,0.05260987255,0.00802764781536,0.167090320358,0.0892309111,17,15,4,20,6.6355343224e-06,5.37478280114e-08,6.6355343224e-06,1.81413703115e-05,0.000203963029981,1.09269930964e-05,6.6355343224e-06,5.37478280114e-08,6.6355343224e-06,0.192366149413,0.685082637076,0.122291532485
547,0.0476004527751,0.0195274623082,0.0947060019368,0.0115821927713,0.206711071572,0.16396481643,0.0703916415747,0.145331428597,0.0848971931412,0.0319910918898,0.0471847622116,0.0761118847923,17,15,4,20,0.000565896186724,4.58375911247e-06,0.000565896186724,0.0220705691388,0.00726223988921,0.00701959685886,0.000565896186724,4.58375911247e-06,0.000565896186724,0.184983822653,0.658792449505,0.117598569689
548,0.00129069614696,0.0491173258327,0.119999484369,0.00253863576795,0.237131528932,0.0406803667139,0.174340414454,0.0721383312301,0.00279089864646,0.145456737467,0.126006325541,0.0285092548993,17,15,4,20,0.00023160652401,1.87601284448e-06,0.00023160652401,0.00929494037288,0.00412901288656,0.000791413890925,0.00023160652401,1.87601284448e-06,0.00023160652401,0.189514594214,0.674871143461,0.120468717052
549,0.182716024266,0.00925728342191,0.0576851880875,0.1387954315,0.000296837469125,0.0737635055454,0.0651490311254,0.0442789435505,0.150300608051,0.0914046058674,0.0146269774108,0.171725563705,17,15,4,20,0.000281957084189,2.28385238193e-06,0.000281957084189,0.018187191907,0.00204654403749,0.00366683081801,0.000281957084189,2.28385238193e-06,0.000281957084189,0.187646071337,0.668066856548,0.119254109312
550,0.0608188039437,0.2137725148,0.0035008835175,0.0797774744183,0.110560751608,0.103857598056,0.0846073719727,0.123179196853,0.0504075579214,0.000740818773769,0.0644432200929,0.104333808043,17,15,4,20,1.86367744269e-06,1.50957872858e-08,1.86367744269e-06,7.69453094397e-06,7.65565792177e-06,1.85692372335e-05,1.86367744269e-06,1.50957872858e-08,1.86367744269e-06,0.192470926744,0.685178944896,0.122308724032
551,0.09443494654,0.0218032399136,0.0979017522803,0.00620241350256,0.309372933095,0.0269529101332,0.112616134293,0.018210652629,0.0796628512719,0.152569465571,0.0589762279286,0.0212964728414,17,15,4,20,0.000253596992885,2.05413564237e-06,0.000253596992885,0.0154373589384,0.00490454838691,0.00275625061103,0.000253596992885,2.05413564237e-06,0.000253596992885,0.187799206437,0.668714433533,0.119369705851
552,0.00751649796016,0.0314900415693,0.0914574174811,0.0912976768897,0.278881002455,0.152097498574,0.0278828909004,0.108596974562,0.10754144841,0.0180236225763,0.0810117121395,0.00420321648385,17,15,4,20,8.3569689051e-05,6.76914481313e-07,8.3569689051e-05,0.00608805570451,0.00147133791616,0.00125549757844,8.3569689051e-05,6.76914481313e-07,8.3569689051e-05,0.19049681148,0.679124667124,0.121227997611
553,0.0519967265545,0.0954483790082,0.200298149632,0.00292016565724,0.0162872651856,0.000144619902472,0.110509538462,0.179462120077,0.228596825122,0.0446375380177,0.0206378436211,0.0490608287614,17,15,4,20,5.6823442076e-06,4.60269880816e-08,5.6823442076e-06,3.47760906888e-05,0.000142479404353,2.98283902958e-06,5.6823442076e-06,4.60269880816e-08,5.6823442076e-06,0.192436988077,0.685070573158,0.122289379
554,0.152100140417,0.0436381991284,0.156300764043,0.205128543648,0.0272176089971,0.0216991394709,0.0386476818937,0.103871855383,0.00494040801752,0.101140290736,0.00261642587207,0.142698942394,17,15,4,20,1.02333542517e-06,8.28901694386e-09,1.02333542517e-06,5.94714382951e-06,7.11939883217e-06,2.18561806763e-06,1.02333542517e-06,8.28901694386e-09,1.02333542517e-06,0.192152889251,0.685467513362,0.122360235307
555,0.048013968218,0.00412144544842,0.176329368127,0.0598985975839,0.028762114144,0.222928928,0.00364590102487,0.313721625312,0.0352781176326,0.0257453168669,0.0304044319477,0.0511501856943,17,15,4,20,3.43153356732e-07,2.77954218953e-09,3.43153356732e-07,3.87077683033e-06,4.00218978596e-06,1.18172198084e-06,3.43153356732e-07,2.77954218953e-09,3.43153356732e-07,0.192413174299,0.685254229954,0.122322162886
556,0.0553319932005,0.0681597925185,0.0442842644631,0.00252238613628,0.0139783462237,0.0168618441671,0.0502627843706,0.0569883274006,0.121358115298,0.0336957227148,0.449989240026,0.0865671834812,17,15,4,20,9.30674359747e-08,7.53846231395e-10,9.30674359747e-08,3.31250242326e-06,1.25670619299e-06,2.78266050825e-07,9.30674359747e-08,7.53846231395e-10,9.30674359747e-08,0.192280950295,0.685370848439,0.122342980014
557,0.0336745800851,0.0187952032635,0.0324336546453,0.0110667837361,0.0748502123114,0.156726782835,0.0242066301112,0.162899631561,0.052040865674,0.000278459117832,0.143291094626,0.289736102034,17,15,4,20,5.91254169829e-08,4.78915877561e-10,5.91254169829e-08,3.0212889715e-06,1.48206036727e-06,3.04518390794e-07,5.91254169829e-08,4.78915877561e-10,5.91254169829e-08,0.192241925233,0.685404111722,0.122348917718
558,0.10943208968,0.00561872701207,0.0012104175725,0.0288242325113,0.0530544736768,0.0282295512584,0.128776062688,0.0602753309658,0.0643711957284,0.126225866464,0.0704029919415,0.323579060502,17,15,4,20,4.1422832066e-05,3.35524939735e-07,4.1422832066e-05,0.00377028903915,0.000556052434312,0.000413331536368,4.1422832066e-05,3.35524939735e-07,4.1422832066e-05,0.191511502357,0.681865252946,0.121717209309
559,0.0763863802615,0.00160148432734,0.0890751904359,0.104350589884,0.262150030162,0.0296655921982,0.0157682296693,0.000726639143377,0.118288204884,0.0505449200682,0.181249763429,0.0701929755366,17,15,4,20,1.74661456947e-05,1.41475780127e-07,1.74661456947e-05,0.00231762418108,0.000463208851398,0.000136862373758,1.74661456947e-05,1.41475780127e-07,1.74661456947e-05,0.191841072374,0.683213249557,0.121957835129
560,0.13306075456,0.0931656492982,0.108995270575,0.208419307768,0.00741698030821,0.0675103082993,0.0585956928921,0.11468638832,0.0682323914651,0.0804888216957,0.00202229992955,0.0574061348884,17,15,4,20,0.000645821256199,5.23115217521e-06,0.000645821256199,0.0172933312467,0.00886322451232,0.00621933325862,0.000645821256199,5.23115217521e-06,0.000645821256199,0.185687179649,0.661297455151,0.118045728853
561,0.101828830432,0.0613997027765,0.145876688166,0.0615477745786,0.147413865262,0.0066146364616,0.0310453850253,0.0298917076701,0.100580359426,0.212536711317,0.0407228816178,0.0605414572675,17,15,4,20,0.000170331709588,1.37968684766e-06,0.000170331709588,0.0298121506564,0.00195294844074,0.0030115583291,0.000170331709588,1.37968684766e-06,0.000170331709588,0.185592529345,0.660961048799,0.117985678217
562,0.154118019978,0.0120940443223,0.0240908132456,0.086736092726,0.0382508558895,0.0183716794544,0.0144909275344,0.0517399199908,0.059372402838,0.304267625877,0.148062326098,0.0884052920457,17,15,4,20,4.74311309514e-05,3.84192160706e-07,4.74311309514e-05,0.00683021757119,0.000721738390396,0.000956432587928,4.74311309514e-05,3.84192160706e-07,4.74311309514e-05,0.190637113261,0.679388849471,0.121275155811
563,0.00342152280679,0.0379189859789,0.0807891875509,0.114661236162,0.164295292074,0.0971160262268,0.00134803422286,0.160375215126,0.0559662122018,0.0513954020368,0.168493056808,0.0642198288051,17,15,4,20,0.000188514700208,1.52696907169e-06,0.000188514700208,0.041543890912,0.00352061755963,0.00282200487412,0.000188514700208,1.52696907169e-06,0.000188514700208,0.183055840461,0.651927415281,0.116373118174
564,0.0696988038952,0.0309879488855,0.00998236337158,0.0233105626051,0.0727694550405,0.0174391935454,0.102736803938,0.34276363278,0.141074393461,0.0513670342435,0.068056939912,0.0698128683226,17,15,4,20,0.000262600362547,2.12706293663e-06,0.000262600362547,0.058406000231,0.00399964123542,0.0035155302923,0.000262600362547,2.12706293663e-06,0.000262600362547,0.179550720037,0.639346166071,0.114127286557
565,0.081674748373,0.00411276648889,0.0149754225879,0.0847581760668,0.132627199215,0.137277146531,0.0182488550611,0.121550505215,0.0421381411136,0.309691331702,0.0243470217629,0.0285986858833,17,15,4,20,9.06559632903e-05,7.34313302651e-07,9.06559632903e-05,0.00164763813439,0.00188539350581,0.00052464728943,9.06559632903e-05,7.34313302651e-07,9.06559632903e-05,0.19164128454,0.682166042013,0.121770902037
566,0.0243704849089,0.00662351320767,0.0297184314694,0.0361869367994,0.00603548679805,0.0177698881772,0.0568516038352,0.171417617345,0.201139908014,0.0825364529381,0.189197775614,0.178151900892,17,15,4,20,1.49953007791e-06,1.2146193631e-08,1.49953007791e-06,2.35799693595e-05,1.31622124953e-05,2.34104699473e-06,1.49953007791e-06,1.2146193631e-08,1.49953007791e-06,0.192481515843,0.685166819026,0.122306559489
567,0.0692219501638,0.115235003344,0.0862748683464,0.0293772164765,0.0449458273721,0.0912054674578,0.0669223417038,0.126887705403,0.00920339491722,0.0933632875457,0.0301543761976,0.237208561072,17,15,4,20,1.3092731281e-06,1.06051123376e-08,1.3092731281e-06,1.1729915308e-05,2.11810750076e-05,3.63644919898e-06,1.3092731281e-06,1.06051123376e-08,1.3092731281e-06,0.192482545401,0.685168745483,0.122306903373
568,0.115222252597,0.157873289709,0.0278520676065,0.0947977684733,0.0128967320208,0.0505941833914,0.251065295102,0.0270586704527,0.0213866643288,0.125736000909,0.0458244235719,0.0696926518376,17,15,4,20,1.7211011406e-06,1.39409192389e-08,1.7211011406e-06,3.29506352172e-05,8.08966047263e-05,3.80101741551e-06,1.7211011406e-06,1.39409192389e-08,1.7211011406e-06,0.192327650902,0.685229958309,0.122317830245
569,0.118170340283,0.0810627270614,0.0862662659276,0.00476382320951,0.103201777289,0.17654055168,0.0365490863267,0.0704571056645,0.0576894581984,0.0700348415155,0.156909268659,0.0383547541851,17,15,4,20,0.000217905574606,1.76503515431e-06,0.000217905574606,0.0086739224298,0.00520035452045,0.00169520520871,0.000217905574606,1.76503515431e-06,0.000217905574606,0.189120388247,0.674103321239,0.120331655987
570,0.0480328380188,0.027023394176,0.0628949410041,0.169101520693,0.0521786299802,0.0834881722603,0.169394377355,0.0842816389735,0.127803082316,0.0579678648473,0.0678057347102,0.0500278056655,17,15,4,20,0.000511195118932,4.14068046335e-06,0.000511195118932,0.0381161327242,0.00650681352626,0.00608839149016,0.000511195118932,4.14068046335e-06,0.000511195118932,0.182216798868,0.649142761487,0.115876040068
571,0.0793580974833,0.0024826011806,0.090443314682,0.0503879228322,0.0204645543913,0.119910027954,0.100225715155,0.0919005070057,0.0228174963792,0.162052409157,0.0576676123755,0.202289741404,17,15,4,20,6.57048056563e-08,5.32208925816e-10,6.57048056563e-08,9.58290688896e-07,8.76007288375e-07,4.69559046214e-07,6.57048056563e-08,5.32208925816e-10,6.57048056563e-08,0.192439866668,0.685238254436,0.122319311156
572,0.0242539751781,0.258800091217,0.15944639517,0.11977481908,0.105784707285,0.00791505855861,0.048777278738,0.0154600175485,0.00056692055076,0.0304704544888,0.0513816240647,0.177368658119,17,15,4,20,2.295729397e-06,1.85954081157e-08,2.295729397e-06,2.47642530499e-05,6.39022243466e-05,8.49724054891e-06,2.295729397e-06,1.85954081157e-08,2.295729397e-06,0.192405073597,0.685179686215,0.122308856362
573,0.0295497776913,0.118904843581,0.0433141394962,0.0280255196231,0.10584250204,0.0864651701404,0.0154413341948,0.110077723113,0.176340384833,0.0179020228277,0.261638525215,0.00649805724451,17,15,4,20,1.95632259198e-06,1.5846212995e-08,1.95632259198e-06,2.91646008148e-05,4.33607127152e-05,5.87061833761e-06,1.95632259198e-06,1.5846212995e-08,1.95632259198e-06,0.192237363771,0.685339075049,0.122337308265
574,0.059610594514,0.386804763495,0.0207100866023,0.112043434341,0.0274372874034,0.0917390158932,0.0477716482044,0.012226475957,0.08128182264,0.0949724220948,0.0502670358868,0.0151354129676,17,15,4,20,0.000837993689534,6.78774888522e-06,0.000837993689534,0.0446761244969,0.00620341667338,0.00816327155371,0.000837993689534,6.78774888522e-06,0.000837993689534,0.180407182414,0.642495069166,0.11468938544
575,0.234724209425,0.0493736991826,0.0763667619324,0.108355137406,0.0502854633234,0.0126135941695,0.0514624493847,0.0303198418193,0.0012839157432,0.263918596234,0.106583290019,0.0147130413597,17,15,4,20,4.74692018593e-06,3.84500535061e-08,4.74692018593e-06,4.51142326966e-06,0.000205012852409,2.27624147024e-06,4.74692018593e-06,3.84500535061e-08,4.74692018593e-06,0.192434257019,0.685049296839,0.122285581044
576,0.0390463030374,0.0213936984706,0.174913153437,0.0186770788626,0.0666039970713,0.339847798871,0.0361115719772,0.1523508986,0.0477116343521,0.0788259669428,0.000660829913066,0.0238570684646,17,15,4,20,0.00109635217884,8.88045264862e-06,0.00109635217884,0.0256759376628,0.020463086958,0.00214234734179,0.00109635217884,8.88045264862e-06,0.00109635217884,0.182278521097,0.64915815026,0.11587878706
577,0.0208597525171,0.154626806523,0.0817491235401,0.0369987692594,0.0550510832086,0.0608694840897,0.0449478295825,0.107735555368,0.263249138313,0.102094159697,0.0255700339478,0.0462482639541,17,15,4,20,2.22698890432e-06,1.8038610125e-08,2.22698890432e-06,2.60664182138e-05,6.97932596932e-05,2.71085941851e-06,2.22698890432e-06,1.8038610125e-08,2.22698890432e-06,0.192390623079,0.685190988466,0.122310873885
578,0.249946734841,0.147672082376,0.0287989534438,0.127996225624,0.122240870194,0.049597517148,0.029704557527,0.0202387237199,0.0129329858,0.0514833589316,0.111324101258,0.0480638891383,17,15,4,20,0.000264610720958,2.14334683976e-06,0.000264610720958,0.0480799702208,0.00314851613369,0.00315424321571,0.000264610720958,2.14334683976e-06,0.000264610720958,0.181792343323,0.647227961268,0.115534236261
579,0.00553110588799,0.0110096149699,0.0750636856839,0.0374217292663,0.251055468654,0.223763929795,0.229883204983,0.0791134519258,0.054805085724,0.00209193799891,0.0196810062791,0.0105797788327,17,15,4,20,2.86434178014e-06,2.32011684191e-08,2.86434178014e-06,2.52948229606e-05,7.84035699699e-05,3.90128288962e-06,2.86434178014e-06,2.32011684191e-08,2.86434178014e-06,0.192367843151,0.68520048443,0.122312568974
580,0.0317652647798,0.144510910808,0.0376589139031,0.241115752217,0.134756750253,0.0636350262021,0.0243277335609,0.094268696452,0.022009633795,0.0615360609855,0.0981852222567,0.0462300347872,17,15,4,20,3.08344336811e-06,2.49758912817e-08,3.08344336811e-06,5.41429493347e-05,7.09715025307e-05,1.484797255e-05,3.08344336811e-06,2.49758912817e-08,3.08344336811e-06,0.192332480453,0.685202283312,0.122312890085
581,0.0462636986598,0.11066289917,0.0938570739184,0.113648744356,0.20046307356,0.0523008782769,0.00434249831791,0.0137830300994,0.117751074973,0.160371342309,0.057839896476,0.028715789884,17,15,4,20,1.07221743325e-06,8.68496120932e-09,1.07221743325e-06,1.06427345361e-05,3.44661117033e-05,8.46277825985e-06,1.07221743325e-06,8.68496120932e-09,1.07221743325e-06,0.192342677505,0.685273790132,0.1223256545
582,0.022630930514,0.014819320487,0.105182202469,0.0327685966102,0.117822941407,0.0669628680899,0.0667754622378,0.062622614225,0.140157368673,0.0885204739236,0.0343164856652,0.247420735698,17,15,4,20,8.1025790227e-05,6.56308900839e-07,8.1025790227e-05,0.000857494334107,0.00088338127336,0.000429371583733,8.1025790227e-05,6.56308900839e-07,8.1025790227e-05,0.191876099705,0.683601158097,0.122027079228
583,0.0681198626651,0.0938996869533,0.104463393339,0.0537257364221,0.0288725215858,0.0961979415578,0.0361485443071,0.271002634988,0.133387474262,0.0619028289296,0.00258837443562,0.0496910005534,17,15,4,20,2.40057362364e-06,1.94446463514e-08,2.40057362364e-06,3.03778033838e-05,2.52685557093e-05,1.05313862558e-05,2.40057362364e-06,1.94446463514e-08,2.40057362364e-06,0.192409936942,0.685201494798,0.122312749331
584,0.0808399827452,0.00391449416579,0.0255580166002,0.0947404122019,0.0615483265718,0.00700718099558,0.0353295363855,0.124124274982,0.3399393126,0.0124923883365,0.00359077955437,0.210915294861,17,15,4,20,0.000164505875563,1.33249759206e-06,0.000164505875563,0.0275413475864,0.00333548546604,0.00719587843759,0.000164505875563,1.33249759206e-06,0.000164505875563,0.18496299282,0.658718277644,0.117585329549
585,0.221723093778,0.10814862922,0.164796356669,0.0494670153744,0.0313474068057,0.00141300448641,0.0507778248805,0.130309143363,0.084600534122,0.0373469170959,0.0181887518717,0.101881322333,17,15,4,20,0.000282482070396,2.2881047702e-06,0.000282482070396,0.0115892561431,0.0146800813785,0.000349169194536,0.000282482070396,2.2881047702e-06,0.000282482070396,0.187075989841,0.666242541312,0.11892845764
586,0.128580742767,0.0253454825597,0.0643489257588,0.0226305435947,0.205955453056,0.00825192919624,0.0696511967307,0.020680445063,0.204078185032,0.0301481348866,0.120513884801,0.0998150765529,17,15,4,20,0.000263259487306,2.13240184718e-06,0.000263259487306,0.0165005596392,0.00426525217111,0.00242970791153,0.000263259487306,2.13240184718e-06,0.000263259487306,0.18767827048,0.66870150841,0.119367398636
587,0.24854339942,0.0117876540074,0.0224771193164,0.115961112822,0.334705209085,0.0182766527126,0.0766350952086,0.0778070968967,0.0245884135974,0.0219672287875,0.0153055362118,0.0319454819353,17,15,4,20,0.00162380406349,1.31528129143e-05,0.00162380406349,0.0492763385941,0.0198721655341,0.0248817419543,0.00162380406349,1.31528129143e-05,0.00162380406349,0.173024572858,0.616393556827,0.110030102353
588,4.41213829895e-05,0.116034224845,0.156194457798,0.142249113754,0.18126447505,0.0197246909693,0.037005956656,0.00886889520094,0.26384821761,0.00545732544951,0.0507986612202,0.0185098600637,17,15,4,20,0.00168367656138,1.36377801472e-05,0.00168367656138,0.105680547485,0.0265794082215,0.00636356284406,0.00168367656138,1.36377801472e-05,0.00168367656138,0.164361786103,0.585701360125,0.104551353416
589,0.0797898883637,0.00445105203716,0.0455367350464,0.00463027159173,0.103854150207,0.0385065173369,0.0190502704615,0.0408361093169,0.418994723603,0.10736622944,0.0781051496406,0.0588789029551,17,15,4,20,6.19581775164e-06,5.01861237883e-08,6.19581775164e-06,1.14945486272e-05,7.94168359744e-05,7.68297847682e-06,6.19581775164e-06,5.01861237883e-08,6.19581775164e-06,0.192454929734,0.685122876743,0.122298715517
590,0.00983117543702,0.156902671242,0.16056292717,0.0300776785455,0.148327446639,0.0930856086285,0.0273561595356,0.0441164764196,0.0330584107137,0.0340070811614,0.103040410117,0.159633954391,17,15,4,20,3.08536076809e-06,2.49914222215e-08,3.08536076809e-06,4.50543525132e-05,0.000237358040187,3.52374300798e-05,3.08536076809e-06,2.49914222215e-08,3.08536076809e-06,0.192345958837,0.685040066537,0.122283933377
591,0.232103487241,0.0108604513933,0.0203200082661,0.0170003411768,0.218025561377,0.029817231431,0.00336537564379,0.111849296267,0.00309323230433,0.169329844562,0.04351399864,0.140721171698,17,15,4,20,3.49930232902e-05,2.83443488651e-07,3.49930232902e-05,0.000819536980956,0.00147759470766,0.000404872363223,3.49930232902e-05,2.83443488651e-07,3.49930232902e-05,0.191882146271,0.683301688639,0.121973622058
592,0.0344875920461,0.178412659704,0.0221570034815,0.0185924490866,0.0469911908375,0.00871002083191,0.32939731724,0.185987143916,0.0210092276277,0.0507279766696,0.0952389266739,0.00828849188484,17,15,4,20,3.00070934769e-07,2.43057457163e-09,3.00070934769e-07,8.67951498706e-06,6.1780691887e-06,3.12661312975e-07,3.00070934769e-07,2.43057457163e-09,3.00070934769e-07,0.192238345302,0.685397535488,0.122347743819
593,0.0377404150169,0.0347291225693,0.131111680864,0.106660475559,0.197876387503,0.10808732321,0.0196379350799,0.0271306391582,0.00439838758379,0.292545121471,0.0388565232846,0.00122598870011,17,15,4,20,8.27085300945e-05,6.69939093765e-07,8.27085300945e-05,0.0100542171577,0.00548733757381,0.000341090090245,8.27085300945e-05,6.69939093765e-07,8.27085300945e-05,0.189152382843,0.674271178737,0.120361619599
594,0.0338080359722,0.0424041539126,0.258096391906,0.0720392716567,0.147121826634,0.0235908404892,0.177068747592,0.0523024951693,0.111911105138,0.0604366732593,0.0152279997092,0.00599245856058,17,15,4,20,3.38966993375e-06,2.74563264634e-08,3.38966993375e-06,9.61088574761e-05,1.2876461774e-05,1.71444391913e-05,3.38966993375e-06,2.74563264634e-08,3.38966993375e-06,0.192426785208,0.685132956606,0.122300514835
595,0.00861893161823,0.00962151213151,0.267782018368,0.140485964874,0.229316257636,0.00230831491842,0.0462315485118,0.0132719536746,0.142024128144,0.0370286271899,0.0135528223762,0.0897579205567,17,15,4,20,2.16260243785e-05,1.75170797466e-07,2.16260243785e-05,7.90888655143e-05,0.000372907981354,0.000132529989785,2.16260243785e-05,1.75170797466e-07,2.16260243785e-05,0.192353491853,0.684744036675,0.122231090197
596,0.104899710297,0.030463570274,0.00396952843256,0.0726119297294,0.123909634585,0.00497112349428,0.152965083185,0.0902977934172,0.150589849135,0.145972261666,0.0701448791455,0.0492046366389,17,15,4,20,0.00012243908745,9.91756608343e-07,0.00012243908745,0.0467085288294,0.00116054650673,0.00227733331879,0.00012243908745,9.91756608343e-07,0.00012243908745,0.182600598757,0.650621286671,0.116139966054
597,0.00854489277289,0.0120343188195,0.149272517009,0.131565071715,0.125747189393,0.0271881629713,0.192287701105,0.0927760852313,0.0828564352308,0.126899847628,0.0187291296691,0.0320986484539,17,15,4,20,5.80729041622e-06,4.70390523714e-08,5.80729041622e-06,3.21599268153e-06,6.9381391154e-05,7.61283148847e-05,5.80729041622e-06,4.70390523714e-08,5.80729041622e-06,0.192380543738,0.685144781645,0.122302625679
598,0.280435148871,0.0167672527641,0.0425400964928,0.202685235189,0.00489424970583,0.0297949836338,0.00696876846838,0.0155413645109,0.0412845234029,0.234529188198,0.0515961682696,0.0729630204942,17,15,4,20,7.47411261549e-07,6.05403121855e-09,7.47411261549e-07,1.12956878815e-05,5.67939700149e-06,1.28395058439e-05,7.47411261549e-07,6.05403121855e-09,7.47411261549e-07,0.192335322334,0.685301296724,0.122330564598
599,0.011547693147,0.0363889663795,0.072447940276,0.242194121727,0.0438122952108,0.0782226488333,0.136843831434,0.0129790355529,0.0720886559104,0.222414879864,0.00309110029824,0.0679688313675,17,15,4,20,0.000279947324774,2.26757333067e-06,0.000279947324774,0.0135429021601,0.00381819037762,0.00201610170153,0.000279947324774,2.26757333067e-06,0.000279947324774,0.188203126745,0.671439251654,0.119856102916
600,0.00430445326249,0.110457726996,0.0224239947027,0.0300787865634,0.024235745601,0.111614449785,0.0752624928937,0.111351367892,0.0613665396346,0.0493950379438,0.322817007719,0.076692397006,17,15,4,20,1.14257427208e-06,9.25485160384e-09,1.14257427208e-06,4.10574552365e-06,1.76634084834e-05,1.87151048097e-06,1.14257427208e-06,9.25485160384e-09,1.14257427208e-06,0.192395506887,0.685254120326,0.122322143316
601,0.0918997698751,0.00457816934211,0.00650137334778,0.0219988192652,0.0596248339986,0.0133821323488,0.0665801533845,0.137704662138,0.108154241412,0.305219454655,0.138930569219,0.0454258210134,17,15,4,20,6.28054234729e-06,5.0872393013e-08,6.28054234729e-06,6.28564022371e-06,7.15428927629e-05,4.72401955916e-05,6.28054234729e-06,5.0872393013e-08,6.28054234729e-06,0.192449462245,0.68510476301,0.122295482102
602,0.105209149003,0.00420535595956,0.119995737078,0.122465986611,0.114936192615,0.0987455450884,0.0314346786566,0.0713352293286,0.0976776024753,0.0290493985927,0.202751314766,0.00219380982556,17,15,4,20,0.00022182024766,1.79674400604e-06,0.00022182024766,0.0189338943608,0.00665747105001,0.00208135686561,0.00022182024766,1.79674400604e-06,0.00022182024766,0.187004914967,0.665615043007,0.118816445271
603,0.114480675623,0.0444723193518,0.086605031975,0.0900204250423,0.040963680629,0.0279590699078,0.176668110657,0.00355094970642,0.0888335815328,0.125070459428,0.155787576299,0.0455881198479,17,15,4,20,5.30497037984e-07,4.29702600767e-09,5.30497037984e-07,8.95343726823e-06,1.09595236591e-05,1.70654549557e-06,5.30497037984e-07,4.29702600767e-09,5.30497037984e-07,0.192175943812,0.68544422747,0.12235607863
604,0.00421283159653,0.0226818154523,0.231312887737,0.0528835970251,0.0625860090265,0.0503867970722,0.265040258423,0.0224843459039,0.0351203734592,0.00935120229307,0.157491106284,0.0864487757269,17,15,4,20,8.19004699101e-05,6.63393806272e-07,8.19004699101e-05,0.000157153208374,0.00148235902434,0.000342955000604,8.19004699101e-05,6.63393806272e-07,8.19004699101e-05,0.191956221108,0.683689529005,0.122042853987
605,0.081925810317,0.0934559000445,0.0731753731997,0.0558977702897,0.167918458867,0.0432169163078,0.0427978306058,0.124509703422,0.0010654629502,0.158943465826,0.075606425235,0.0814868829349,17,15,4,20,7.4722987299e-05,6.05256197122e-07,7.4722987299e-05,0.0014285373156,0.00202448850379,0.000950583330945,7.4722987299e-05,6.05256197122e-07,7.4722987299e-05,0.191451368557,0.682087956539,0.121756963292
606,0.0723818510791,0.0863215869422,0.103374058088,0.0551906122166,0.0139401448232,0.107262996296,0.0545694152868,0.119724962051,0.210646360418,0.0294892220193,0.0786311963837,0.0684675943957,17,15,4,20,0.000231062856033,1.87160913387e-06,0.000231062856033,0.0120932793025,0.00963323117972,0.00184229100387,0.000231062856033,1.87160913387e-06,0.000231062856033,0.18774937525,0.668434154355,0.119319674266
607,0.068147580118,0.00813045902147,0.158517335399,0.247501949454,0.015459274641,0.0387045589583,0.0210425022038,0.00328620725238,0.0668496695063,0.199219537871,0.120782489179,0.0523584363967,17,15,4,20,7.08701138905e-05,5.74047922513e-07,7.08701138905e-05,0.00760249541464,0.00204520498624,0.00305098004785,7.08701138905e-05,5.74047922513e-07,7.08701138905e-05,0.189662833135,0.676580084208,0.120773773657
608,0.06997041722,0.0526232622946,0.0197024110402,0.215874796848,0.165222612382,0.0432262437859,0.0346226587956,0.0176937322832,0.200984346403,0.0393552745481,0.125986443133,0.0147378012675,17,15,4,20,0.000370488594377,3.00095761445e-06,0.000370488594377,0.015824094491,0.00741060483656,0.00523085629358,0.000370488594377,3.00095761445e-06,0.000370488594377,0.18671382936,0.664682651217,0.118650007509
609,0.0724334997897,0.12081592275,0.204126477154,0.0967716541361,0.031455262663,0.0229527157786,0.0611862447515,0.029840562726,0.0037643168678,0.0176906105639,0.123999201982,0.214963530838,17,15,4,20,0.00014232659735,1.15284543854e-06,0.00014232659735,0.014196746342,0.00271447950141,0.00190214502747,0.00014232659735,1.15284543854e-06,0.00014232659735,0.188432590467,0.672191960443,0.119990466139
610,0.496223622328,0.0936030276672,0.00996061678649,0.00894122132202,0.122019275971,0.0456577245027,0.0646906389267,0.0153137236894,0.0289052404642,0.0851706876889,0.0171905257082,0.0123236949456,17,15,4,20,2.58322469916e-06,2.09241200632e-08,2.58322469916e-06,2.45699956933e-05,5.09455573409e-05,5.57028198658e-06,2.58322469916e-06,2.09241200632e-08,2.58322469916e-06,0.192248942732,0.685324831061,0.122334765625
611,0.0889229723478,0.0154170952023,0.0212247547206,0.022461966623,0.0311693078789,0.0648271123569,0.105604105711,0.141517508881,0.304254688052,0.0622066044236,0.0556544742605,0.0867394095423,17,15,4,20,0.000223295295342,1.80869189227e-06,0.000223295295342,0.0113188777806,0.00621714037361,0.00473612550095,0.000223295295342,1.80869189227e-06,0.000223295295342,0.188019834249,0.669331387535,0.119479835996
612,0.0153099204245,0.0465616038256,0.0177926057198,0.0179392169808,0.0580780188744,0.135656053667,0.267481105416,0.069109153386,0.103012778961,0.0834243689251,0.16976303993,0.0158721338897,17,15,4,20,0.000198971959351,1.61167287074e-06,0.000198971959351,0.0158740151687,0.00563296349735,0.000870484008769,0.000198971959351,1.61167287074e-06,0.000198971959351,0.187852850553,0.66946660282,0.11950397277
613,0.107796234962,0.0361457035088,0.0242875372502,0.179782832981,0.0951652007117,0.189243425128,0.100014896238,0.0617859334607,0.0182982101126,0.00526728587071,0.057422635659,0.124790104117,17,15,4,20,0.000370158980939,2.99828774561e-06,0.000370158980939,0.0346318723804,0.00516613456872,0.00782290780709,0.000370158980939,2.99828774561e-06,0.000370158980939,0.182828907538,0.651726323222,0.116337221985
614,0.0680787299984,0.177051478296,0.061966673765,0.0185549875509,0.097842239662,0.110584219862,0.0690362654019,0.0163821006099,0.0912359396804,0.0117365640965,0.100622359762,0.176908441314,17,15,4,20,6.29957659429e-07,5.10265704137e-09,6.29957659429e-07,4.72800894822e-05,1.92055683692e-05,5.77394893781e-06,6.29957659429e-07,5.10265704137e-09,6.29957659429e-07,0.192347915702,0.685254995173,0.122322299482
615,0.0474086900121,0.053756329436,0.0221354150799,0.00657406870853,0.11796324941,0.192891228825,0.0867890618644,0.0982787979896,0.107259849263,0.0558898944599,0.0469662188206,0.164087196132,17,15,4,20,6.23293894988e-06,5.0486805494e-08,6.23293894988e-06,2.57428746896e-05,4.13040786432e-05,9.03581164786e-06,6.23293894988e-06,5.0486805494e-08,6.23293894988e-06,0.192454553106,0.685142171626,0.122302159774
616,0.0982326739222,0.0351713866105,0.114424793858,0.18160283638,0.0623554990366,0.0108319535198,0.0193315262311,0.0068543111976,0.0647933089815,0.269360521116,0.137036929896,4.25925060334e-06,17,15,4,20,3.83395620491e-07,3.10550452598e-09,3.83395620491e-07,1.25265017342e-05,5.51669875322e-06,1.41915995671e-05,3.83395620491e-07,3.10550452598e-09,3.83395620491e-07,0.192335036462,0.68530072619,0.122330462754
617,0.209556879891,0.0888662462378,0.000106903563244,0.0326635547178,0.0300549436373,0.0549576213017,0.0102434762833,0.0189254968933,0.0863922275536,0.189067254527,0.195436807454,0.0837285879393,17,15,4,20,2.28001539829e-06,1.84681247261e-08,2.28001539829e-06,7.49954063522e-06,4.27854734574e-05,4.21629321038e-06,2.28001539829e-06,1.84681247261e-08,2.28001539829e-06,0.192342647975,0.6852689103,0.122324783419
618,0.087640102059,0.0243299774967,0.16028249504,0.020061526476,0.0680891411874,0.196359919385,0.0116328151666,0.0528656804098,0.0953647278936,0.070088607915,0.083203771853,0.130081235118,17,15,4,20,0.000147383574505,1.19380695349e-06,0.000147383574505,0.0216439017409,0.00581523052007,0.00105636979994,0.000147383574505,1.19380695349e-06,0.000147383574505,0.186810394632,0.665318645018,0.118763536377
619,0.0964221535516,0.0708042293974,0.02358860835,0.0565906662717,0.11396522046,0.125459605294,0.0377645541174,0.00845909994867,0.0654731892545,0.166302556906,0.127914545574,0.107255570875,17,15,4,20,0.000115218609502,9.33270736969e-07,0.000115218609502,0.0100837154019,0.00211722373676,0.00113420036475,0.000115218609502,9.33270736969e-07,0.000115218609502,0.189713096934,0.675846243992,0.120642778592
620,0.115272407574,0.143585468237,0.0130247847997,0.119089985355,0.0110166629584,0.109520464865,0.0147705288762,0.120778290335,0.203217717522,0.0314420949236,0.0439560947691,0.0743254997848,17,15,4,20,6.2617512867e-07,5.07201854223e-09,6.2617512867e-07,5.11586932808e-06,8.99175882117e-06,1.20683963352e-06,6.2617512867e-07,5.07201854223e-09,6.2617512867e-07,0.192412685091,0.685248368938,0.122321116658
621,0.000120159070731,0.208600035007,0.0381322830808,0.0422145724349,0.0153152882512,0.142106486478,0.115087781722,0.0682835477743,0.130071163727,0.170203235711,0.0260497866171,0.0438156601256,17,15,4,20,1.37344979562e-06,1.11249433445e-08,1.37344979562e-06,2.43110034171e-05,3.58636179474e-05,9.20729696675e-06,1.37344979562e-06,1.11249433445e-08,1.37344979562e-06,0.192349176114,0.685253833756,0.122322092162
622,0.0769607545585,0.113921269219,0.00795363735817,0.0970824654235,0.0287681038226,0.116148805915,0.0522703230774,0.0565241279701,0.105017976147,0.161554375252,0.0549529175438,0.128845243714,17,15,4,20,4.01861008726e-06,3.25507417068e-08,4.01861008726e-06,0.000101509929796,4.96407585106e-05,8.88352137812e-05,4.01861008726e-06,3.25507417068e-08,4.01861008726e-06,0.192201863883,0.685225055593,0.12231695508
623,0.0919105135611,0.0276498806092,0.0352729650074,0.0637119130328,0.0918251918279,0.0135369519633,0.0426733152002,0.0892998744048,0.0777524354424,0.0809162073521,0.291854676665,0.093596074934,17,15,4,20,1.46913050158e-06,1.18999570628e-08,1.46913050158e-06,1.40490468525e-05,2.82637721955e-05,1.31281736305e-06,1.46913050158e-06,1.18999570628e-08,1.46913050158e-06,0.19242927105,0.685207399614,0.122313803377
624,0.0423428669592,0.0696034402761,0.0860843823484,0.0352535054729,0.118581478918,0.0570488592845,0.0950162020786,0.0245626672513,0.215918373153,0.0202339277279,0.126341092147,0.109013204382,17,15,4,20,2.36806945745e-06,1.91813626053e-08,2.36806945745e-06,9.64394687593e-06,5.34852010439e-06,5.97471391744e-05,2.36806945745e-06,1.91813626053e-08,2.36806945745e-06,0.192474435969,0.685139611083,0.122301702701
625,0.02399199005,0.0315501861523,0.0602079148684,0.113918788589,0.0761319151308,0.0161729991688,0.0305579357302,0.00331968459676,0.0333752786429,0.0089175236543,0.434360744508,0.167495038909,17,15,4,20,4.85748771111e-05,3.934565046e-07,4.85748771111e-05,0.00768562978813,0.000805010782842,0.000916280271071,4.85748771111e-05,3.934565046e-07,4.85748771111e-05,0.190655239243,0.678607138056,0.121135615438
626,0.0250597749878,0.00641532704849,0.0684953252374,0.0985369480417,0.108612291158,0.0976028218114,0.192975726705,0.104310823677,0.217815843803,0.00941696455793,0.0219520656495,0.0488060873235,17,15,4,20,0.000882111352837,7.14510195798e-06,0.000882111352837,0.0909933358278,0.0296471040251,0.00913509273386,0.000882111352837,7.14510195798e-06,0.000882111352837,0.166549925067,0.594084084603,0.106047722127
627,0.00644282081519,0.182380735872,0.0381629820381,0.337273414103,0.0624545384082,0.0924495284211,0.0917253433438,0.123931273327,0.00129088824403,0.0089933909395,0.00028870873503,0.0546063757524,17,15,4,20,0.00155398065454,1.25872433018e-05,0.00155398065454,0.129361701966,0.0322569446392,0.0176451634395,0.00155398065454,1.25872433018e-05,0.00155398065454,0.156579987477,0.558261872072,0.0996532333016
628,0.00129927034061,0.0960935203382,0.196416658832,0.0312620014282,0.0226586157828,0.164032629059,0.0310784238032,0.0363058849479,0.249564025254,0.0823688669298,0.0737906036986,0.0151294995853,17,15,4,20,3.64543910075e-05,2.95280567161e-07,3.64543910075e-05,0.000147980069086,0.000801985881665,0.000115599246022,3.64543910075e-05,2.95280567161e-07,3.64543910075e-05,0.191788301251,0.684764909331,0.122234816096
629,0.0551544602574,0.274642990636,0.0636584054523,0.106453772467,0.0137652028636,0.00599225636246,0.00952630701022,0.0158634958033,0.0620464126069,0.180699956086,0.014880762909,0.197315977546,17,15,4,20,0.000106819183776,8.65235388583e-07,0.000106819183776,0.00483151703418,0.000469348096182,0.00250773991581,0.000106819183776,8.65235388583e-07,0.000106819183776,0.190917939998,0.679541960639,0.121302487111
630,0.133098072618,0.102483014351,0.265155146359,0.117100039262,0.0231667080035,0.0133997679992,0.0663135677698,0.149982403401,0.0392664653357,0.00126265451103,0.0404273288751,0.0483448315138,17,15,4,20,0.000495510053646,4.01363143454e-06,0.000495510053646,0.0263241735908,0.0307236477645,0.00473496392292,0.000495510053646,4.01363143454e-06,0.000495510053646,0.180190056619,0.641521494371,0.114515596255
631,0.00686903498203,0.329330079136,0.111715427827,0.0425565599329,0.0278728569883,0.000605512316748,0.00485461556842,0.0145433921785,0.0405469333003,0.373752999932,0.0029592640009,0.0443933238368,17,15,4,20,2.45359256991e-05,1.98740998162e-07,2.45359256991e-05,0.000132234409046,0.00102035873598,4.91520886924e-05,2.45359256991e-05,1.98740998162e-07,2.45359256991e-05,0.191907817355,0.68458855965,0.122203336576
632,0.0442577352854,0.0211688087124,0.0481208682861,0.105845824156,0.0986625472078,0.071767524677,0.00177092249294,0.000632470420779,0.0548726236126,0.353364122251,0.0451167510854,0.154419801813,17,15,4,20,1.09868364265e-06,8.89933750548e-09,1.09868364265e-06,1.35721673642e-05,5.92982638288e-05,2.37842175657e-06,1.09868364265e-06,8.89933750548e-09,1.09868364265e-06,0.192394357233,0.685211454229,0.122314527151
633,0.00274085114783,0.0143645936825,0.0730857287214,0.196518051886,0.0586921393426,0.122532637842,0.154170935983,0.0209946211841,0.00163578550625,0.0303886104996,0.0846124990315,0.240263545174,17,15,4,20,0.000124552603696,1.00887608994e-06,0.000124552603696,0.00519373459283,0.00389639511103,0.000659799972004,0.000124552603696,1.00887608994e-06,0.000124552603696,0.190463028956,0.67822025823,0.121066554971
634,0.27853304655,0.160511934802,0.109180031294,0.0604843464256,0.0544240774341,0.029766440987,0.066764298045,0.043320530238,0.115001653311,0.065725594942,0.0155307699969,0.000757275974861,17,15,4,20,5.75933484589e-06,4.66506122517e-08,5.75933484589e-06,2.97190795452e-05,0.000127890199126,1.61786706158e-05,5.75933484589e-06,4.66506122517e-08,5.75933484589e-06,0.192376380709,0.685127211418,0.122299489283
635,0.197569563712,0.0701803003712,0.00127877342368,0.145236195104,0.00962867718978,0.171721440895,0.00632528396588,0.00314271026756,0.128209738279,0.127425512932,0.0554546008215,0.0838272030393,17,15,4,20,2.26358966357e-06,1.83350762749e-08,2.26358966357e-06,2.08100508627e-05,2.60313096577e-05,2.08824831959e-05,2.26358966357e-06,1.83350762749e-08,2.26358966357e-06,0.192349673101,0.685251785492,0.122321726534
636,0.0412988127072,0.0082164672743,0.0524091762453,0.0662978228705,0.0198782663708,0.26809182038,0.0731699093588,0.0392690827179,0.0413496457129,0.16811985343,0.0949285387932,0.126970604139,17,15,4,20,4.54812792775e-07,3.68398362148e-09,4.54812792775e-07,3.20129447598e-06,1.65942028892e-05,5.48272398972e-07,4.54812792775e-07,3.68398362148e-09,4.54812792775e-07,0.192411666968,0.685245549307,0.122320613336
637,0.00742398427609,0.0325722237468,0.0395012994047,0.0995159274922,0.0365442945929,0.133467845933,0.0747247941588,0.228967004818,0.0193197192077,0.106714710459,0.0718200595504,0.14942813636,17,15,4,20,3.65997138027e-06,2.96457681802e-08,3.65997138027e-06,2.84306141336e-05,0.000200764683297,2.03625711752e-06,3.65997138027e-06,2.96457681802e-08,3.65997138027e-06,0.192366075558,0.685094367307,0.122293626404
638,0.0335350048794,0.000682924937892,0.519784351023,0.0774997997848,0.0169606871013,0.0158087874768,0.029134855628,0.107273288451,0.0891370648045,0.0756731378852,0.0257053448509,0.0088047531774,17,15,4,20,1.31838391322e-05,1.0678909697e-07,1.31838391322e-05,0.000102908649171,0.000629434854025,1.43785506092e-05,1.31838391322e-05,1.0678909697e-07,1.31838391322e-05,0.192251167655,0.68472200411,0.122227157246
639,0.00132375883489,0.0150952857417,0.0420312810197,0.0650410774272,0.00469781800295,0.0424488854553,0.0444563081311,0.035780015309,0.129981234472,0.429247086979,0.0855558358146,0.104341412813,17,15,4,20,1.90094153676e-07,1.53976264477e-09,1.90094153676e-07,2.59482627627e-06,7.95505304876e-06,1.41639222773e-07,1.90094153676e-07,1.53976264477e-09,1.90094153676e-07,0.192437785334,0.685232479413,0.122318280278
640,0.0031047732453,0.0727284327042,0.0846200293447,0.155321690992,0.260867663642,7.44040110594e-05,0.0392464030951,0.0988972848015,0.193541056618,0.00770814496838,0.0121316056966,0.0717585108808,17,15,4,20,0.0011543380823,9.35013846659e-06,0.0011543380823,0.0488625838749,0.0185989783643,0.0126447566144,0.0011543380823,9.35013846659e-06,0.0011543380823,0.175859305482,0.627402971396,0.111995351663
641,0.0285340178909,0.056907987754,0.265983670338,0.133951322163,0.16852176209,0.100973662169,0.0116054436289,0.164498923335,0.0139836524845,0.0104406138757,0.0398976943849,0.00470124988605,17,15,4,20,2.20236326983e-05,1.78391424857e-07,2.20236326983e-05,4.31751429567e-05,0.000464213027736,8.61895415331e-06,2.20236326983e-05,1.78391424857e-07,2.20236326983e-05,0.19230626431,0.6848408969,0.122248380352
642,0.0585277443623,0.0778695054659,0.0827131635741,0.0820451351651,0.309746652001,0.0413113660924,0.0740644650591,0.0438673319054,0.0835393040567,0.0184180398983,0.0257834415141,0.102113850906,17,15,4,20,4.90024574738e-06,3.96919905538e-08,4.90024574738e-06,3.35472423277e-05,0.000269748843362,1.1849382965e-05,4.90024574738e-06,3.96919905538e-08,4.90024574738e-06,0.192364713332,0.685020092878,0.122280367954
643,0.0549948215113,0.0313056848322,0.0287435315697,0.0214261365853,0.0720831914052,0.0926805680036,0.0286222996404,0.0491916115703,0.00495033553702,0.300290564625,0.271144176061,0.0445670786581,17,15,4,20,1.44318355726e-06,1.16897868138e-08,1.44318355726e-06,3.34168976034e-05,3.79051619515e-05,6.07357483008e-06,1.44318355726e-06,1.16897868138e-08,1.44318355726e-06,0.192410436086,0.685194815187,0.122311556978
644,0.0699960301108,0.112335797057,0.0290341600739,0.0872363537533,0.0162620568633,0.0633937895891,0.0627151988789,0.319255635461,0.0266894772564,0.00776180128937,0.100556477419,0.104763222249,17,15,4,20,0.000337858933196,2.73665735888e-06,0.000337858933196,0.0414466965272,0.0067556927645,0.00224190840147,0.000337858933196,2.73665735888e-06,0.000337858933196,0.182401910547,0.649802988072,0.11599389464
645,0.225668249352,0.150561023849,0.0858658255367,0.00545444314827,0.103060680923,0.01298574621,0.169543684134,0.0589793710717,0.0131083523703,0.017410169284,0.113308007303,0.0440544468189,17,15,4,20,0.000635956674133,5.15124906048e-06,0.000635956674133,0.0702823467532,0.0056064191729,0.00600469968074,0.000635956674133,5.15124906048e-06,0.000635956674133,0.176021754264,0.627515255803,0.112015395131
646,0.094239427593,0.128805194754,0.101972504987,0.00764042302688,0.0207603572789,0.059839586361,0.118273623988,0.0812096208742,0.0796580687103,0.0619361305096,0.0969551123705,0.148709949547,17,15,4,20,0.000166299743951,1.347027926e-06,0.000166299743951,0.0297241302327,0.000889158023445,0.00303010939662,0.000166299743951,1.347027926e-06,0.000166299743951,0.18582645764,0.661737900563,0.118124351112
647,0.0407843713442,0.0726579567297,0.00284694155786,0.0677838470016,0.15173056688,0.296318712379,0.0252792852033,0.131902262277,0.0231049624854,0.0203312452237,0.0655824992978,0.10167734962,17,15,4,20,0.000313500513691,2.5393541609e-06,0.000313500513691,0.0140341751703,0.00488923989178,0.00784915985934,0.000313500513691,2.5393541609e-06,0.000313500513691,0.187034940251,0.6660409345,0.118892469564
648,0.0135757724612,0.273669607597,0.0155571565433,0.242200187362,0.062875866908,0.0126526545148,0.0599966040565,0.144946117885,0.0426306142323,0.012929322201,0.110948238979,0.0080178572592,17,15,4,20,1.45332804999e-05,1.17719572049e-07,1.45332804999e-05,7.39360649217e-05,0.000353769386753,4.31754252519e-05,1.45332804999e-05,1.17719572049e-07,1.45332804999e-05,0.192306813721,0.684904247933,0.122259688908
649,0.0883010856191,0.173731545077,0.0976771733187,0.084615110135,0.206058409838,0.0257438173346,0.10158830082,0.074999010029,0.0532821986697,0.0191335019088,0.00121314577934,0.0736567014698,17,15,4,20,0.000214037109411,1.73370058623e-06,0.000214037109411,0.00627023899608,0.00174401957055,0.00114776358491,0.000214037109411,1.73370058623e-06,0.000214037109411,0.190459185527,0.678417425858,0.121101750625
650,0.0292908319784,0.243393131141,0.015752421792,0.227112556995,0.106141937443,0.0836740832794,0.105407346158,0.0554213881752,0.0389336284278,0.0393130006095,0.0540206371377,0.00153903686263,17,15,4,20,0.00134553315902,1.08988185881e-05,0.00134553315902,0.101614822749,0.0123771670155,0.0150582055238,0.00134553315902,1.08988185881e-05,0.00134553315902,0.166555220903,0.593115779857,0.105874873678
651,0.0426230927729,0.110973157153,0.130743429734,0.00297833837648,0.168273033132,0.175502637773,0.0462920294403,0.0795848415032,0.0318922012688,0.171472296135,0.00465166513102,0.035013277581,17,15,4,20,7.81567584562e-06,6.33069743495e-08,7.81567584562e-06,2.65507786524e-05,0.000303387246886,2.14166974365e-05,7.81567584562e-06,6.33069743495e-08,7.81567584562e-06,0.192281002978,0.685050463654,0.122285789328
652,0.263355093877,0.00270913067698,0.0635928101509,0.0129636076546,0.157849350171,0.081266700314,0.00174027269096,0.0583446909183,0.132569348075,0.0981493564614,0.112785974138,0.0146736648727,17,15,4,20,0.000210989037106,1.70901120056e-06,0.000210989037106,0.0048241126648,0.00444075260087,0.000660215678278,0.000210989037106,1.70901120056e-06,0.000210989037106,0.190310527051,0.677906475111,0.121010542723
653,0.0778943203341,0.204553400568,0.0569303290265,0.0236740625314,0.005503582303,0.0491724954311,0.116240029981,0.0637547793553,0.194910991972,0.122040908963,0.0846431629357,0.000681936598325,17,15,4,20,6.88563396016e-05,5.57736350773e-07,6.88563396016e-05,0.0157925226761,0.00355343907894,0.00103089954265,6.88563396016e-05,5.57736350773e-07,6.88563396016e-05,0.188421990251,0.671124661087,0.119799946533
654,0.0266041567937,0.189889082785,0.0376380415481,0.0252884211749,0.0541153411646,0.169270854218,0.0619428619008,0.25129937484,0.0284972472979,0.0647636928663,0.00820665864996,0.0824842667605,17,15,4,20,0.000558483467551,4.52371608717e-06,0.000558483467551,0.0412898035652,0.00819997940446,0.00768657429199,0.000558483467551,4.52371608717e-06,0.000558483467551,0.18083795068,0.644665830798,0.115076879959
655,0.0249626740219,0.37092502257,0.0521435732721,0.0678179712332,0.0668411552771,0.0597054564739,0.0400745949831,0.0807026278861,0.032397864437,0.117172673333,0.050899298488,0.0363570880245,17,15,4,20,0.000292752784083,2.37129755107e-06,0.000292752784083,0.0246382941824,0.00503411221217,0.00642608262498,0.000292752784083,2.37129755107e-06,0.000292752784083,0.185300469059,0.659670059611,0.117755228579
656,0.0354315078207,0.0926005651082,0.137043686523,0.0993139786199,0.0920928513901,0.288586437593,0.0412075722097,0.0261048098384,0.0611485931446,0.0186176464927,0.0809063435467,0.0269460077132,17,15,4,20,0.000618785153956,5.01215974704e-06,0.000618785153956,0.00851323432301,0.00925822076087,0.00235722944587,0.000618785153956,5.01215974704e-06,0.000618785153956,0.187923066516,0.669884511872,0.119578572147
657,0.0316516615798,0.0992065962631,0.350594743257,0.0986871230889,0.143021798629,0.0106820261847,0.044420760575,0.021224303646,0.160867792414,0.0147621256383,0.0194755732937,0.00540549543018,17,15,4,20,0.00213440762221,1.72887017399e-05,0.00213440762221,0.218636100265,0.0478543535297,0.0320543689102,0.00213440762221,1.72887017399e-05,0.00213440762221,0.133308314633,0.47481687498,0.0847577797895
658,0.0865658607148,0.170766409372,0.0977588704696,0.0180435914031,0.0140845708527,0.0943621225295,0.0501565662711,0.0426719836016,0.0445443216713,0.0789565209572,0.265223022837,0.0368661593203,17,15,4,20,0.000106336835655,8.61328368806e-07,0.000106336835655,0.0104263172954,0.00153744906689,0.00160504519528,0.000106336835655,8.61328368806e-07,0.000106336835655,0.189735798239,0.67565897101,0.120609349194
659,0.103859115034,0.0613586204985,0.0762730248944,0.110001874028,0.0320079574885,0.017474733085,0.00660551891113,0.0877016116993,0.00543775906964,0.105154664813,0.287234890217,0.106890230262,17,15,4,20,4.13750888307e-05,3.35138219529e-07,4.13750888307e-05,0.00819637068896,0.00204670367656,0.000405857048038,4.13750888307e-05,3.35138219529e-07,4.13750888307e-05,0.190319981955,0.67786226505,0.121002650951
660,0.0821052308935,0.0690502346875,0.00115877176627,0.103731025501,0.00322891796294,0.0757544572997,0.0659255299273,0.135374234446,0.0814559286251,0.134410964679,0.0386965809065,0.209108123305,17,15,4,20,1.06512956343e-06,8.62754946379e-09,1.06512956343e-06,9.60132443677e-06,4.08957143498e-05,1.52234206434e-06,1.06512956343e-06,8.62754946379e-09,1.06512956343e-06,0.192411761629,0.685216511339,0.122315429877
661,0.0319122922801,0.0534607406978,0.0971511634327,0.0155186567377,0.0302569120905,0.0349675826814,0.0168453655875,0.28498827594,0.163805775001,0.149943798718,0.0659267368899,0.0552226999427,17,15,4,20,0.000173199145089,1.40291307522e-06,0.000173199145089,0.0111099933465,0.00418186291212,0.00116837811119,0.000173199145089,1.40291307522e-06,0.000173199145089,0.188860941997,0.673719991919,0.120263229307
662,0.0472289682642,0.143410728986,0.0128743650923,0.0706583472475,0.021394995719,0.0491489144027,0.118399472203,0.343780902387,0.00584983622312,0.0416045015654,0.114473979051,0.0311749888598,17,15,4,20,8.56728046712e-07,6.93949717836e-09,8.56728046712e-07,3.02837194722e-05,5.36692375855e-05,7.71731904457e-06,8.56728046712e-07,6.93949717836e-09,8.56728046712e-07,0.192332971059,0.685250432803,0.122321485071
663,0.0328212489213,0.279301635283,0.00720352560263,0.0472868409942,0.0240167854847,0.121367499653,0.0801978588126,0.222857508585,0.0164351622842,0.0165620782903,0.140966406916,0.0109834491727,17,15,4,20,0.000315882086256,2.55864489867e-06,0.000315882086256,0.0267113447299,0.0138156016928,0.00227996097808,0.000315882086256,2.55864489867e-06,0.000315882086256,0.183934982357,0.655057590579,0.116931874028
664,0.191249653217,0.0149987998948,0.289727244114,0.0723152141154,0.024280495909,0.00271116248879,0.0263094493791,0.179145520048,0.097858662719,0.0416607141768,0.0319899477057,0.0277531362325,17,15,4,20,1.94816993737e-06,1.57801764927e-08,1.94816993737e-06,1.88385938418e-05,2.3963713809e-05,2.16322069726e-05,1.94816993737e-06,1.57801764927e-08,1.94816993737e-06,0.19248983024,0.685136723717,0.122301187288
665,0.0416606235277,0.0225361363555,0.0233327925119,0.032338070275,0.0334761658509,0.145932091333,0.0109136722468,0.260459519116,0.107188954803,0.0873557475017,0.0286568202293,0.20614940625,17,15,4,20,7.99489239702e-05,6.47586284159e-07,7.99489239702e-05,0.00300082734201,0.00318823951103,0.000487121805978,7.99489239702e-05,6.47586284159e-07,7.99489239702e-05,0.19099723817,0.680527135348,0.121478346954
666,0.24792317976,0.122350031897,0.0198369792485,0.00332345114575,0.0391194217311,0.0119664552076,0.0838638633637,0.131933501885,0.043339693321,0.0724151554744,0.200969663452,0.022958603513,17,15,4,20,0.000111072405962,8.99686488292e-07,0.000111072405962,0.0026910463799,0.00133540539094,0.00246590960483,0.000111072405962,8.99686488292e-07,0.000111072405962,0.191168058338,0.680432107416,0.121461383874
667,0.00981901529279,0.156506206071,0.0885141296674,0.0203401622379,0.160212145535,0.0873985878285,0.0021578182549,0.181476182636,0.0570399757665,0.00773263212281,0.0379305478473,0.190872596741,17,15,4,20,6.66550040346e-06,5.3990553268e-08,6.66550040346e-06,2.11553036997e-05,0.000105452310293,3.74067151543e-05,6.66550040346e-06,5.3990553268e-08,6.66550040346e-06,0.192465810324,0.685056532678,0.122286872686
668,0.0157257625304,0.195051970726,0.136215039836,0.0397173860674,0.0237277454067,0.0476203361892,0.0274175106268,0.0171080441026,0.122936506084,0.256350063576,0.0825042168092,0.0356254180454,17,15,4,20,2.95870957527e-06,2.39655475597e-08,2.95870957527e-06,1.82607624896e-05,7.5072599628e-05,9.11902758652e-06,2.95870957527e-06,2.39655475597e-08,2.95870957527e-06,0.192391379227,0.685184559364,0.12230972625
669,0.221856899877,0.161637576235,0.0729105512606,0.117837816021,0.04355701092,0.0620379088839,0.0559430947277,0.0312283463663,0.0972805242051,0.0223238185464,0.0167969472696,0.0965895056869,17,15,4,20,0.00032436584982,2.62736338354e-06,0.00032436584982,0.0790074799992,0.0131923018474,0.00118982910347,0.00032436584982,2.62736338354e-06,0.00032436584982,0.174150537144,0.62041006043,0.11074707335
670,0.0506389656882,0.156896178585,0.0708119928054,0.0166396887529,0.19833589888,0.00710223532399,0.109770244789,0.184787398924,0.0449253944331,0.0444094519107,0.0505538200057,0.0651287299024,17,15,4,20,0.000736412126803,5.9649382271e-06,0.000736412126803,0.024719935423,0.00913038857509,0.00452089322107,0.000736412126803,5.9649382271e-06,0.000736412126803,0.184547676957,0.656868410702,0.117255116738
671,0.00963812301808,0.00934969213348,0.0283662523598,0.125279385399,0.0356696271198,0.107864666804,0.101656153998,0.0392403774253,0.486463928575,0.0143571415871,0.0122276177266,0.0298870338545,17,15,4,20,0.00132130725613,1.07025887747e-05,0.00132130725613,0.0219944873106,0.0610498544347,0.00371751414755,0.00132130725613,1.07025887747e-05,0.00132130725613,0.174488096461,0.622350041371,0.111093372073
672,0.164039936372,0.0016496559287,0.0290569842463,0.150924354213,0.152308849413,0.0277658811975,0.0226920526974,0.0295577943184,0.154760932042,0.196678765001,0.0213593868774,0.0492054076928,17,15,4,20,0.000290239574275,2.35094055163e-06,0.000290239574275,0.0206960737968,0.0023992570914,0.00452339756087,0.000290239574275,2.35094055163e-06,0.000290239574275,0.186819167329,0.665585306861,0.118811137183
673,0.398277973435,0.0515069365991,0.0234474114418,0.0172199598391,0.084167403402,0.0400233154302,0.0801607411934,0.0600890207365,0.00533788833522,0.0859774959992,0.136773870622,0.0170179829666,17,15,4,20,5.18357067539e-07,4.19869224707e-09,5.18357067539e-07,6.7152078498e-06,3.58719054426e-06,7.1838937549e-06,5.18357067539e-07,4.19869224707e-09,5.18357067539e-07,0.192412350301,0.685247177587,0.122320903994
674,0.00883564184678,0.111082846187,0.0309143839652,0.179647113045,0.097216227631,0.0815124539257,0.0412067204135,0.299090214528,0.0194676720267,0.055496877991,0.0505715255398,0.0249583228992,17,15,4,20,6.91701631985e-08,5.60278321908e-10,6.91701631985e-08,6.87515120382e-06,5.11223229879e-07,9.60035461261e-07,6.91701631985e-08,5.60278321908e-10,6.91701631985e-08,0.192155229792,0.685474638762,0.122361507235
675,0.075064134505,0.387903951857,0.0464455611325,0.00797006049532,0.00675712108576,0.0409202581322,0.0736452771349,0.0113274981844,0.099460609702,0.0829192259786,0.0812604938792,0.0863258079129,17,15,4,20,8.64109907467e-07,6.99929025049e-09,8.64109907467e-07,2.25288925861e-05,7.13272801706e-06,1.10148883087e-05,8.64109907467e-07,6.99929025049e-09,8.64109907467e-07,0.192344377981,0.685283998343,0.122327476729
676,0.061302314648,0.0359636964603,0.148778561778,0.14495297722,0.0640541535654,0.00835573592165,0.00364429526186,0.0791671532918,0.104938902121,0.0614012465755,0.0291905323027,0.258250430853,17,15,4,20,0.000114013526441,9.23509564168e-07,0.000114013526441,0.0160380349825,0.00343428935211,0.00181521161284,0.000114013526441,9.23509564168e-07,0.000114013526441,0.188160453459,0.670419957016,0.119674152452
677,0.0222652822018,0.0682638562503,0.274887984956,0.0150497849703,0.00424385427442,0.121831150054,0.0363225896639,0.04093056738,0.247891385615,0.00838886459908,0.058057754767,0.101866925268,17,15,4,20,1.08114193538e-06,8.75724967662e-09,1.08114193538e-06,6.60832252984e-06,9.62549617388e-06,2.76766719655e-06,1.08114193538e-06,8.75724967662e-09,1.08114193538e-06,0.192351554457,0.685295561203,0.122329540772
678,0.146140536889,0.0613729268728,0.0174542365464,0.110067922077,0.0699722019775,0.183753977598,0.0283532053872,0.173029149816,0.0632231737556,0.00720755777855,0.00180213858616,0.137622972716,17,15,4,20,6.24457115995e-06,5.05810263956e-08,6.24457115995e-06,4.90893338466e-05,0.000118039859725,1.92481891749e-05,6.24457115995e-06,5.05810263956e-08,6.24457115995e-06,0.192319844105,0.685162848365,0.122305850701
679,0.0782543792219,0.0638852312633,0.0276709893327,0.140393745383,0.0198384680277,0.0155122897979,0.0419875597681,0.171764392534,0.110189537272,0.0339872741601,0.144336834092,0.152179299148,17,15,4,20,0.000134734166309,1.0913467471e-06,0.000134734166309,0.0117075505643,0.0019088393611,0.00252470583154,0.000134734166309,1.0913467471e-06,0.000134734166309,0.189218853203,0.673818175917,0.120280755765
680,0.104187736326,0.0504459631324,0.111319935884,0.0820276475945,0.0160687771833,0.0316864852786,0.206972674942,0.116281199842,0.115373459183,0.0907884900832,0.0678035650274,0.00704406552353,17,15,4,20,5.08473064366e-06,4.11863182137e-08,5.08473064366e-06,5.25427255456e-05,0.000149156691269,1.28634257302e-05,5.08473064366e-06,4.11863182137e-08,5.08473064366e-06,0.192303330806,0.685156896755,0.122304788301
681,0.110934235488,0.429140628018,0.0318657343777,0.0280052926593,0.0255396304732,0.1349917008,0.0415673918584,0.00983640712101,0.0405886761832,0.123573130484,0.0237938975048,0.000163275031835,17,15,4,20,0.000248741000688,2.01480210557e-06,0.000248741000688,0.0108401489022,0.0171473048096,0.000375586934332,0.000248741000688,2.01480210557e-06,0.000248741000688,0.18671324963,0.665185030726,0.118739685391
682,0.222028799826,0.0303150340555,0.00544946888496,0.0417354414874,0.000781095374524,0.125954025809,0.0721651248503,0.122397089194,0.00733538795584,0.143929817436,0.13273811143,0.0951706036968,17,15,4,20,0.000157643037828,1.2769086064e-06,0.000157643037828,0.00664160384634,0.00197295822963,0.0010174019855,0.000157643037828,1.2769086064e-06,0.000157643037828,0.190488572475,0.678185913308,0.121060424187
683,0.082697375777,0.0542809413234,0.074443196278,0.0935335551709,0.000964332351805,0.0315632373465,0.129381519031,0.253360389486,0.0896566820449,0.0758169092948,0.0585722564392,0.0557296054563,17,15,4,20,7.65274404961e-06,6.19872268018e-08,7.65274404961e-06,4.4868593265e-05,0.000110225653247,0.000115426362289,7.65274404961e-06,6.19872268018e-08,7.65274404961e-06,0.192438492505,0.684985974352,0.122274277584
684,0.0839872428874,0.117868097378,0.0655610303899,0.0491597117575,0.0468448976697,0.0959816659717,0.105258257663,0.0652744017617,0.0479176282613,0.0574734896656,0.0776498094505,0.187023767143,17,15,4,20,1.03376162757e-06,8.37346918331e-09,1.03376162757e-06,3.14747748299e-05,1.01704609708e-05,3.55675795028e-06,1.03376162757e-06,8.37346918331e-09,1.03376162757e-06,0.192416110909,0.685218712505,0.122315822799
685,0.0849981928455,0.00267671980488,0.0602944179305,0.0231269056895,0.0408320020375,0.327021673768,0.25965494062,0.0167552896693,0.00604729019945,0.043461411153,0.0656759853609,0.0694551709214,17,15,4,20,0.000374313668054,3.03194071124e-06,0.000374313668054,0.0294967671649,0.00869906900661,0.00239835058848,0.000374313668054,3.03194071124e-06,0.000374313668054,0.184300863272,0.656425565341,0.117176066073
686,0.0475546324391,0.00811189514972,0.00956808820438,0.0778485734331,0.186957940733,0.0620600209634,0.123270670311,0.0746673862714,0.153690927831,0.241297301616,0.00786626387456,0.00710629917294,17,15,4,20,3.19786611866e-06,2.59027155612e-08,3.19786611866e-06,3.97802326749e-05,4.9231454354e-05,8.28433411545e-06,3.19786611866e-06,2.59027155612e-08,3.19786611866e-06,0.192231937997,0.685323410641,0.122334512071
687,0.0014573618308,0.021895005042,0.0902478782711,0.0486379103415,0.129876030533,0.0516643503661,0.071467591973,0.32501933424,0.00783995786622,0.00334917806793,0.020593316274,0.227952085195,17,15,4,20,2.45407435933e-07,1.98780023106e-09,2.45407435933e-07,8.14041529274e-06,6.16780428686e-06,3.71504102614e-07,2.45407435933e-07,1.98780023106e-09,2.45407435933e-07,0.192420390722,0.685243666675,0.122320277274
688,0.110467581185,0.454094487793,0.0234494431543,0.0283568806062,0.0241166089324,0.0120098369203,0.0864929294056,0.0145322205739,0.043748947347,0.0393843204035,0.0337234368931,0.129623306785,17,15,4,20,0.00037156366086,3.00966565296e-06,0.00037156366086,0.0120253367661,0.00821810078145,0.000393987566423,0.00037156366086,3.00966565296e-06,0.00037156366086,0.188060620948,0.670178609543,0.11963107042
689,0.000417792186894,0.0314945386554,0.0655563632247,0.278561561968,0.147369062075,0.0140748616668,0.0508012320536,0.0656085689401,0.0974144174933,0.0821308595703,0.0842821499445,0.0822885922215,17,15,4,20,0.00026315701108,2.13157178975e-06,0.00026315701108,0.0143458122175,0.00567431700682,0.00300809345722,0.00026315701108,2.13157178975e-06,0.00026315701108,0.187794352947,0.668745314829,0.119375218355
690,0.0621515940309,0.00747566525026,0.121619873084,0.250948422499,0.0161017681082,0.00859126184882,0.0175646864145,0.0122040678025,0.151368900478,0.224508024806,0.0626976559264,0.0647680797513,17,15,4,20,0.000147360473632,1.19361983642e-06,0.000147360473632,0.0403411814887,0.00132057460565,0.00142959267528,0.000147360473632,1.19361983642e-06,0.000147360473632,0.184056394155,0.655287511578,0.116972916364
691,0.0444100329673,0.0160615462744,0.139278535587,0.0380246240981,0.0705333617051,0.287807172213,0.0922162998043,0.1501310962,0.0279748825759,0.0462992425945,0.0159491997563,0.071314006224,17,15,4,20,0.000468189111851,3.79233180599e-06,0.000468189111851,0.0302065837612,0.0191441950408,0.00379566660969,0.000468189111851,3.79233180599e-06,0.000468189111851,0.181569259222,0.647772512242,0.115631442013
692,0.0160772137082,0.0385616565637,0.171092190304,0.0105080396027,0.0396009458357,0.01900052968,0.151922149024,0.172781099224,0.0149081097105,0.151373393001,0.0249557565966,0.18921891675,17,15,4,20,9.03551157214e-05,7.31876437343e-07,9.03551157214e-05,0.00367926487169,0.00259706488583,0.000400767291157,9.03551157214e-05,7.31876437343e-07,9.03551157214e-05,0.19113729858,0.68037205586,0.121450664296
693,0.109091800601,0.0213503228736,0.155398290789,0.0350162876055,0.192544372569,0.0861853565098,0.0932476931484,0.009203741107,0.0338740428061,0.0547668020395,0.188799498364,0.0205217915874,17,15,4,20,0.000116079021913,9.40240077495e-07,0.000116079021913,0.019683213419,0.00696708581203,0.00166168467535,0.000116079021913,9.40240077495e-07,0.000116079021913,0.186886552908,0.665533395871,0.118801870747
694,0.104590114896,0.147108614934,0.048009043623,0.00310121651252,0.0766049878519,0.0155526730605,0.0259496787972,0.11659952007,0.0217265259029,0.328617311611,0.0707253936664,0.0414149190761,17,15,4,20,5.92623014465e-05,4.80024641717e-07,5.92623014465e-05,0.00378522087291,0.00127180995776,0.00113986020232,5.92623014465e-05,4.80024641717e-07,5.92623014465e-05,0.191207952364,0.680825534314,0.121531613035
695,0.0560051902291,0.112712777455,0.183619147963,0.216003717125,0.0732095532094,0.00888122575703,0.0657438975082,0.0731898445992,0.0729522536585,0.0354075513084,0.060366544386,0.0419082968011,17,15,4,20,3.01292038711e-06,2.44046551356e-08,3.01292038711e-06,2.36525407005e-05,0.000147981842236,5.7894288489e-06,3.01292038711e-06,2.44046551356e-08,3.01292038711e-06,0.192373096117,0.685136272787,0.122301106794
696,0.00682931539664,0.096128858792,0.0247481030682,0.0293927477441,0.266111715351,0.0303661130811,0.15356232726,0.00422220756732,0.1862193653,0.0327230734373,0.0592788335782,0.110417339424,17,15,4,20,8.19773977174e-06,6.64016921511e-08,8.19773977174e-06,2.39075969974e-05,6.44471867418e-05,1.45460386273e-05,8.19773977174e-06,6.64016921511e-08,8.19773977174e-06,0.192080045219,0.685430501701,0.122353628494
697,0.00123735667247,0.13594869643,0.079937458181,0.0511179110992,0.219958128259,0.0702647627139,0.0298231988725,0.0787491261409,0.0599040825032,0.136565195311,0.0876913607526,0.0488027230643,17,15,4,20,0.000121639065752,9.85276432591e-07,0.000121639065752,0.0479088026022,0.00335653651025,0.000558221612591,0.000121639065752,9.85276432591e-07,0.000121639065752,0.182368270126,0.649398034447,0.115921607886
698,0.158463773653,0.0723633618491,0.144914079365,0.140041182927,0.111436030607,0.0636504963062,0.0067404679399,0.0646050922744,0.0480706700963,0.0850698979141,0.0624010276488,0.0422439194186,17,15,4,20,0.000375407712052,3.04080246762e-06,0.000375407712052,0.0498443183989,0.00572903150013,0.00593353365861,0.000375407712052,3.04080246762e-06,0.000375407712052,0.180154693831,0.642194905761,0.114635804397
699,0.0349257165835,0.00793344028365,0.177283095502,0.0279126485416,0.0124988140564,0.00544562225835,0.00537968149877,0.207478862251,0.0745541446647,0.254775612537,0.146361613422,0.045450748401,17,15,4,20,3.28827714351e-07,2.66350448625e-09,3.28827714351e-07,2.03729624624e-06,6.58236962325e-07,1.97237831319e-06,3.28827714351e-07,2.66350448625e-09,3.28827714351e-07,0.192414578489,0.685256809594,0.122322623368
700,0.0405120334895,0.00233801934236,0.0588790280683,0.104220235062,0.00331944180215,0.0238615973063,0.043368812796,0.0680834251857,0.120443985432,0.203824252211,0.116534234044,0.21461493526,17,15,4,20,2.5923446013e-05,2.09979912705e-07,2.5923446013e-05,0.00166040160524,0.00137186867416,0.000219971807717,2.5923446013e-05,2.09979912705e-07,2.5923446013e-05,0.191831369081,0.682908788212,0.121903486876
701,0.0428102411886,0.0101984676341,0.00962884260638,0.0293331443641,0.0824094497102,0.00116302987365,0.0088002112319,0.0385778274311,0.193631946871,0.0551096461791,0.322298740346,0.206038452564,17,15,4,20,3.20357368882e-05,2.59489468794e-07,3.20357368882e-05,0.00207793117428,0.000506421200998,0.000771908352948,3.20357368882e-05,2.59489468794e-07,3.20357368882e-05,0.191588051933,0.683006157509,0.121920867904
702,0.136590037214,0.2721209158,0.0827754464572,0.0348812290751,0.0472768737004,0.0159550276228,0.0320540212856,0.0961549812939,0.0908782060152,0.0152238569175,0.16475995829,0.0113294463291,17,15,4,20,9.0912512969e-08,7.36391355049e-10,9.0912512969e-08,1.4673867578e-06,6.67318822773e-07,3.37902583222e-07,9.0912512969e-08,7.36391355049e-10,9.0912512969e-08,0.192355317963,0.685309767603,0.122332076703
703,0.0460024091873,0.0387572721917,0.136117062591,0.192466878648,0.0351304003127,0.122792549972,0.242422918013,0.0679576743613,0.0110720534439,0.0114456307208,0.0213740142744,0.0744611362832,17,15,4,20,0.000644040611289,5.21672895144e-06,0.000644040611289,0.0145608731086,0.0193409990798,0.00304128007142,0.000644040611289,5.21672895144e-06,0.000644040611289,0.184657990563,0.658301355019,0.117510906254
704,0.0904803819163,0.19692924206,0.0410793408575,0.0129524829192,0.0585859949596,0.193768890548,0.0242488291679,0.118694992792,0.110054650961,0.110865337227,0.011870778364,0.0304690782281,17,15,4,20,0.000669978544137,5.42682620751e-06,0.000669978544137,0.031234644556,0.0128956533254,0.00220322626988,0.000669978544137,5.42682620751e-06,0.000669978544137,0.182913354457,0.651725312074,0.116337041488
705,0.127186722993,0.0434525348102,0.0334363689868,0.155299960118,0.168229485823,0.274675598022,0.0371275828443,0.00416819200069,0.00501972140396,0.00706463609161,0.0780170367782,0.0663221601289,17,15,4,20,3.89074083761e-07,3.15150007846e-09,3.89074083761e-07,3.71523801211e-05,9.02545290175e-06,4.31229278344e-06,3.89074083761e-07,3.15150007846e-09,3.89074083761e-07,0.19242625171,0.685207817578,0.122313877987
706,0.125020495908,0.0289097555284,0.0330717816261,0.137778524176,0.0160082786656,0.0357033085535,0.0692771640327,0.0310435892498,0.0168693961889,0.463501162034,0.0144546080032,0.0283619360349,17,15,4,20,0.000109021822383,8.83076761302e-07,0.000109021822383,0.0064308347152,0.00152532213133,0.000321759351459,0.000109021822383,8.83076761302e-07,0.000109021822383,0.190679580693,0.679338484344,0.121266165321
707,0.0310689272905,0.00937258157326,0.081396017022,0.175563459132,0.274100913772,0.0396101418586,0.0560436323748,0.115504420932,0.0213584008226,0.0250529026705,0.0676497907847,0.103278811766,17,15,4,20,7.4737141494e-07,6.05370846102e-09,7.4737141494e-07,5.65981572565e-05,3.66503609364e-05,3.1911909391e-06,7.4737141494e-07,6.05370846102e-09,7.4737141494e-07,0.192245923332,0.685320621223,0.122334014142
708,0.0487538325675,0.0137669576549,0.0268521397038,0.0403146921873,0.0205698897049,0.130532955024,0.0347964094982,0.316982501743,0.19224697173,0.0561335554155,0.117627052943,0.00142304182866,17,15,4,20,6.54878309951e-05,5.3045143106e-07,6.54878309951e-05,0.00287683193346,0.00112961457794,0.000522843361472,6.54878309951e-05,5.3045143106e-07,6.54878309951e-05,0.191295658498,0.682144909628,0.121767129774
709,0.00469888741386,0.0327975252833,0.0738564886032,0.182836537169,0.121907037089,0.202493631218,0.00805857662584,0.0199042066134,0.05014138017,0.012061142019,0.05140503249,0.239839555306,17,15,4,20,0.00021016404657,1.70232877722e-06,0.00021016404657,0.0148352452138,0.00502702507052,0.00176139861029,0.00021016404657,1.70232877722e-06,0.00021016404657,0.188077947977,0.669877077261,0.119577245023
710,0.024966807684,0.00609516921065,0.153120773696,0.0176966453529,0.000896449093681,0.275255545313,0.133980030957,0.214584818117,0.00920041937924,0.0969655208376,0.00650524990494,0.0607325704545,17,15,4,20,0.000500960386338,4.05777912934e-06,0.000500960386338,0.0678343320476,0.00464726309656,0.00496026139753,0.000500960386338,4.05777912934e-06,0.000500960386338,0.177139035441,0.630804589211,0.112602561703
711,0.0160727811695,0.0329680705802,0.211229896603,0.00192973841916,0.0842958101215,0.0188681321718,0.100884990377,0.151243562859,0.00246855696223,0.279776143625,0.0838225384531,0.0164397786578,17,15,4,20,9.28749376319e-05,7.52286994818e-07,9.28749376319e-05,0.00324183328321,0.00167532817468,0.00072982759348,9.28749376319e-05,7.52286994818e-07,9.28749376319e-05,0.191281785461,0.681114946283,0.12158327488
712,0.0202959250484,0.0994509155411,0.017940980847,0.217160046742,0.0532423273676,0.0322987590279,0.179502928601,0.0654239849991,0.171596062601,0.0921812541622,0.00105677784807,0.0498500372152,17,15,4,20,2.14646689681e-07,1.73863818641e-09,2.14646689681e-07,9.96652212741e-06,2.91834834838e-06,1.65012582739e-06,2.14646689681e-07,1.73863818641e-09,2.14646689681e-07,0.192265802507,0.685375067321,0.122343733111
713,0.0217084656948,0.217887015876,0.129987395054,0.119116406279,0.046858504402,0.0546716783635,0.171053510393,0.0456100085503,0.11607476905,0.0125509438628,0.0044414292446,0.0600398732304,17,15,4,20,3.57185396929e-05,2.89320171512e-07,3.57185396929e-05,0.000230719339877,0.000971261413032,2.83947249906e-05,3.57185396929e-05,2.89320171512e-07,3.57185396929e-05,0.19220673208,0.684272518404,0.122146921238
714,0.173882331102,0.0870486628544,0.00902238415082,0.0503312326055,0.0718990817959,0.0623480799726,0.0179342868717,0.261225943294,0.0411784314684,0.0768151832415,0.0953905300903,0.0529238525525,17,15,4,20,0.000208612567185,1.6897617942e-06,0.000208612567185,0.00570586010293,0.00613897342703,0.00105235939299,0.000208612567185,1.6897617942e-06,0.000208612567185,0.189714099013,0.675898730509,0.120652147763
715,0.205849228641,0.141828846658,0.0386540709222,0.136238483326,0.0518111479081,0.0935782719882,0.0792168863135,0.0275758108152,0.0571235544944,0.0664301539577,0.0442613289052,0.0574322160704,17,15,4,20,0.000226182017627,1.83207434278e-06,0.000226182017627,0.0307344724398,0.0125083234791,0.000589349712352,0.000226182017627,1.83207434278e-06,0.000226182017627,0.183830154195,0.65458227986,0.116847028094
716,0.0577690324535,0.317887333071,0.0857835067088,0.0495281799018,0.0661817059109,0.174521361792,0.0319727194982,0.0062965042671,0.0612672811628,0.0837888703174,0.0227455003186,0.0422580045978,17,15,4,20,0.000255243998921,2.06747639126e-06,0.000255243998921,0.0325721119694,0.0168193241929,0.00450223103404,0.000255243998921,2.06747639126e-06,0.000255243998921,0.181871605074,0.64760761072,0.115602006061
717,0.0342011809947,0.218708149203,0.165782734829,0.0282293089895,0.0233236821378,0.113072806171,0.0374339198734,0.0643573547635,0.178583750127,0.0283801453551,0.0203603801225,0.0875665874334,17,15,4,20,5.98629167834e-06,4.84889625946e-08,5.98629167834e-06,0.00010084396651,0.000185487808415,7.33385615783e-06,5.98629167834e-06,4.84889625946e-08,5.98629167834e-06,0.19236842261,0.685031470656,0.122282398959
718,0.0228740998622,0.0249761759297,0.0653585291349,0.00707130641569,0.0070261710832,0.165637085114,0.211374250364,0.273180439491,0.075063355391,0.0417338295631,0.0172778819104,0.08842687574,17,15,4,20,1.85007827715e-05,1.49856340449e-07,1.85007827715e-05,8.4696667175e-05,0.000415736392211,3.39051992421e-05,1.85007827715e-05,1.49856340449e-07,1.85007827715e-05,0.192295433276,0.684846538253,0.122249387369
719,0.074801251561,0.0313720926963,0.100255354959,0.119940945426,0.106300777506,0.134651643386,0.0536465591704,0.118619212854,0.00791628892372,0.0132535904577,0.152590682005,0.086651601055,17,15,4,20,0.000196834694869,1.59436102844e-06,0.000196834694869,0.0119280375553,0.00495310651833,0.00179819771571,0.000196834694869,1.59436102844e-06,0.000196834694869,0.188580528854,0.671994401264,0.119955200591
720,0.172339693971,0.0427803183481,0.0723581821515,0.0988059123007,0.0109120778532,0.0382424510039,0.0481085584849,0.128957128848,0.0448398796406,0.124349101446,0.118823254679,0.0994834412725,17,15,4,20,4.80262245708e-07,3.89012419024e-09,4.80262245708e-07,3.667780028e-06,8.27651118949e-06,1.26354383443e-06,4.80262245708e-07,3.89012419024e-09,4.80262245708e-07,0.192426007333,0.685239349391,0.122319506612
721,0.0174405116955,0.0565759237668,0.15085569838,0.00493977422378,0.00579166170993,0.0638584264265,0.00786541258141,0.162476541651,0.104686091429,0.076663092897,0.318594747556,0.0302521176835,17,15,4,20,3.53119939252e-07,2.86027150794e-09,3.53119939252e-07,7.94685197555e-06,1.20909344783e-05,1.57401169058e-06,3.53119939252e-07,2.86027150794e-09,3.53119939252e-07,0.192423346334,0.685234909588,0.12231871408
722,0.234522986661,0.0172128538628,0.0566967217277,0.0299251475635,0.104814715259,0.00338412459279,0.133314377342,0.020838038198,0.123385784389,0.104815710379,0.0454113666928,0.125678173332,17,15,4,20,0.00013214666335,1.07038797313e-06,0.00013214666335,0.00145580144207,0.00251106116126,9.17348365483e-05,0.00013214666335,1.07038797313e-06,0.00013214666335,0.191484620554,0.682156801949,0.121769252628
723,0.100740728391,0.0948703514055,0.353163537539,0.119879725037,0.00548662787898,0.0218675357289,0.0246011365024,0.05914483371,0.170415443845,0.00369316658444,0.0358955597353,0.0102413536425,17,15,4,20,0.00212323154576,1.71981755207e-05,0.00212323154576,0.0988945350704,0.051026480703,0.0303995387221,0.00212323154576,1.71981755207e-05,0.00212323154576,0.156065356886,0.555861936315,0.0992248297693
724,0.135956508243,0.167355817927,0.0711818020263,0.0801442340684,0.0575738099827,0.0681335778087,0.0148760187629,0.135864555662,0.0651915391088,0.0114818697977,0.0625175772742,0.129722689338,17,15,4,20,7.75579943733e-06,6.28219754424e-08,7.75579943733e-06,1.28040718502e-05,0.000523025805472,1.51534366408e-06,7.75579943733e-06,6.28219754424e-08,7.75579943733e-06,0.192304501135,0.684872909925,0.122254094877
725,0.00759042748494,0.0290778544708,0.276757086,0.0568477221652,0.0183992390413,0.0271289719832,0.0376565754102,0.0843894689317,0.0269656621136,0.248699106159,0.0465505170449,0.139937369195,17,15,4,20,7.50796104177e-05,6.08144844384e-07,7.50796104177e-05,0.00435938339987,0.0019901711324,0.000467627011504,7.50796104177e-05,6.08144844384e-07,7.50796104177e-05,0.191109171928,0.680329113059,0.121442998738
726,0.223296541637,0.0671108198126,0.164480650634,0.0289997182364,0.00475797054831,0.0317102167858,0.110225846348,0.183844747851,0.0540076863289,0.0945476375115,0.0235354516218,0.0134827126845,17,15,4,20,1.11470902721e-05,9.02914312037e-08,1.11470902721e-05,0.000201369837134,0.000471623776735,4.78264148976e-05,1.11470902721e-05,9.02914312037e-08,1.11470902721e-05,0.19224665498,0.684754752932,0.122233003115
727,0.0296918388661,0.026199308558,0.154454420096,0.0438758241435,0.128713848212,0.0912421254235,0.0195825664848,0.251761548621,0.0449908031248,0.0238160664982,0.0276091827794,0.158062467193,17,15,4,20,3.92031882668e-07,3.17545824961e-09,3.92031882668e-07,8.52667819946e-06,3.00668003795e-06,1.25711324578e-06,3.92031882668e-07,3.17545824961e-09,3.92031882668e-07,0.192284564051,0.685360023334,0.122341047665
728,0.0300667083766,0.205134816444,0.0985684293122,0.212411087663,0.0294947457113,0.0319283780643,0.0268632307318,0.0225697058291,0.11530329446,0.080781195212,0.0589851585827,0.0878932496142,17,15,4,20,0.000222462295644,1.80194459472e-06,0.000222462295644,0.0416298293813,0.00451374549473,0.00305801068507,0.000222462295644,1.80194459472e-06,0.000222462295644,0.182741854567,0.650962272623,0.116200834177
729,0.250359514393,0.0487015080625,0.0718536124244,0.0670587495778,0.058165997455,0.0190272453772,0.0821113575512,0.0622686882954,0.0846340143377,0.151332177262,0.052184118061,0.0523030172022,17,15,4,20,3.88939162225e-06,3.15040721403e-08,3.88939162225e-06,2.33973496768e-05,0.000132348829989,1.31335126112e-05,3.88939162225e-06,3.15040721403e-08,3.88939162225e-06,0.192303214672,0.685199832467,0.122312452594
730,0.195246427811,0.0532028479686,0.203552113124,0.0210803229086,0.0366158482541,0.0527956795474,0.201315430437,0.14576865708,0.0330097291802,0.0129797624305,0.0400374982118,0.00439568304726,17,15,4,20,4.94543846431e-06,4.0058051561e-08,4.94543846431e-06,0.000144304248691,0.000195148897172,6.27008475951e-05,4.94543846431e-06,4.0058051561e-08,4.94543846431e-06,0.191918624345,0.685324630049,0.122334729743
731,0.170553851649,0.087021329801,0.0460205785412,0.1540274971,0.0105737093669,0.122274917249,0.0341316387942,0.0248919580826,0.215509765948,0.0811798696757,0.0425436980818,0.0112711857108,17,15,4,20,9.06484915846e-07,7.34252781835e-09,9.06484915846e-07,7.16981033152e-06,2.68280305788e-06,1.88091528121e-05,9.06484915846e-07,7.34252781835e-09,9.06484915846e-07,0.192302263798,0.685329784048,0.122335649764
732,0.0170717997708,0.0490529719234,0.0286006710603,0.095333458694,0.0278476241721,0.049789741989,0.047085700035,0.120941979011,0.000286509741668,0.0207776070162,0.529822116578,0.0133898200082,17,15,4,20,5.92676874227e-05,4.80068268124e-07,5.92676874227e-05,0.00439821179796,0.000648778152651,0.000708467568797,5.92676874227e-05,4.80068268124e-07,5.92676874227e-05,0.191247722372,0.681166340206,0.121592449016
733,0.0787381635827,0.139402467067,0.00771674975122,0.0803856265626,0.219549241634,0.136117806967,0.0840452931299,0.17503339824,0.00733732929883,0.0600318533881,0.00529705039464,0.00634501998415,17,15,4,20,0.00105177672867,8.51939150221e-06,0.00105177672867,0.174408019545,0.0273737236527,0.00988004970248,0.00105177672867,8.51939150221e-06,0.00105177672867,0.150894194702,0.53730717737,0.0959126893303
734,0.0615822616067,0.288806514166,0.0270424528946,0.145260290463,0.0712770049538,0.0239547830937,0.0830011917312,0.143731884507,0.0326011782036,0.0350926623329,0.0700775506896,0.0175722253585,17,15,4,20,0.000822928671365,6.66572223806e-06,0.000822928671365,0.106805169995,0.00992292636468,0.00300708534363,0.000822928671365,6.66572223806e-06,0.000822928671365,0.168727236204,0.600957810756,0.107274725206
735,0.143276004418,0.0629836399048,0.0794747295144,0.132034366847,0.0263725149018,0.127827391056,0.0288004275404,0.222801961885,0.00344575786872,0.0444327324473,0.0205014148788,0.108049058737,17,15,4,20,3.3782385739e-06,2.73637324486e-08,3.3782385739e-06,5.89855910612e-05,0.000177388622471,1.17165617187e-05,3.3782385739e-06,2.73637324486e-08,3.3782385739e-06,0.192287856067,0.685147393555,0.122303091921
736,0.0811330227991,0.0109912274799,0.216143436879,0.0769322210636,0.0374498955438,0.15019065948,0.105095611159,0.0510290953569,0.135290113099,0.015597768736,0.0408899039787,0.0792570444249,17,15,4,20,2.05610333428e-07,1.66544370077e-09,2.05610333428e-07,1.97160897654e-05,8.78981089069e-06,4.54564061732e-07,2.05610333428e-07,1.66544370077e-09,2.05610333428e-07,0.192432091987,0.685221755741,0.122316366036
737,0.126842825274,0.00273313674073,0.175296931494,0.0482812308616,0.0341154285446,0.251518566771,0.0639059744047,0.00849083742936,0.0677121983094,0.0115696033083,0.0942936993914,0.115239567471,17,15,4,20,7.90918894735e-06,6.40644304735e-08,7.90918894735e-06,1.81837950806e-05,0.000363275945147,1.01725305414e-05,7.90918894735e-06,6.40644304735e-08,7.90918894735e-06,0.192186454485,0.685096195595,0.122293952765
738,0.00988750361344,0.0703731893667,0.017500137403,0.110987314625,0.267550949877,0.0191604030191,0.279474131064,0.0406728261804,0.0167286892568,0.0811763774124,0.0373764089046,0.0491120692761,17,15,4,20,0.000823449587134,6.66994165578e-06,0.000823449587134,0.0457857262567,0.00641106441067,0.00388072717793,0.000823449587134,6.66994165578e-06,0.000823449587134,0.180789103854,0.644736708074,0.115089531996
739,0.187488768728,0.0175506373143,0.134015179366,0.00471023641642,0.0134089342847,0.220617672753,0.0288834515757,0.112165965689,0.0302357370022,0.184795683455,0.0378726712002,0.0282550622158,17,15,4,20,1.700631262e-05,1.37751132222e-07,1.700631262e-05,7.64560914111e-05,0.000456861427374,0.000193655012592,1.700631262e-05,1.37751132222e-07,1.700631262e-05,0.19225489968,0.68472256896,0.122227258075
740,0.0964627982321,0.0803330651369,0.120256173714,0.0215087852967,0.141193423186,0.0150026919737,0.109803942977,0.00846106905684,0.0720222654486,0.0976313440363,0.0711405310151,0.166183909926,17,15,4,20,6.1384862502e-06,4.97217386266e-08,6.1384862502e-06,2.39644252466e-05,6.28355280159e-05,8.66139640768e-05,6.1384862502e-06,4.97217386266e-08,6.1384862502e-06,0.192314417317,0.685178814603,0.122308700774
741,0.239831962687,0.138718500933,0.0540609063585,0.0640596093807,0.084988167215,0.0413956593199,0.0555341542192,0.00645016139081,0.0206860415762,0.0940561243557,0.176533992549,0.023684720015,17,15,4,20,2.35593699695e-06,1.90830896753e-08,2.35593699695e-06,1.06406800689e-05,1.5873402564e-05,7.57732257182e-06,2.35593699695e-06,1.90830896753e-08,2.35593699695e-06,0.192260958796,0.685355285884,0.122340202001
742,0.089106842261,0.216783015188,0.00406812855901,0.0148401043893,0.04126087744,0.0261140765912,0.0351169220817,0.0988904104169,0.109473347184,0.155665978139,0.0992703723977,0.109409925352,17,15,4,20,9.32409259777e-05,7.55251500419e-07,9.32409259777e-05,0.0105951802949,0.000958679699626,0.00241762626332,9.32409259777e-05,7.55251500419e-07,9.32409259777e-05,0.189730847448,0.675366118837,0.120557073251
743,0.0704782400953,0.120056320057,0.20686545981,0.0889426102269,0.0855257768047,0.0270074060014,0.0124808705893,0.105636483993,0.0911485131278,0.139499440916,0.0185939168792,0.0337649614996,17,15,4,20,0.000269098752579,2.17969989589e-06,0.000269098752579,0.00192220692062,0.00317655156223,0.00164350229347,0.000269098752579,2.17969989589e-06,0.000269098752579,0.190908831165,0.679901488557,0.121366665092
744,0.00242719476458,0.0338551233908,0.154630253337,0.0373401512569,0.0875391264157,0.0232982330703,0.1137494717,0.0811031910344,0.0868242223031,0.134300147344,0.175132483737,0.0698004016468,17,15,4,20,0.000102904589269,8.33527173081e-07,0.000102904589269,0.00267371971916,0.00109600354721,0.000998603174923,0.000102904589269,8.33527173081e-07,0.000102904589269,0.191321829458,0.681792361041,0.121704197648
745,0.0200012571417,0.126891222367,0.0803222500359,0.211338949102,0.0826326830792,0.0269141442468,0.0311264387442,0.0301179182288,0.253620802195,0.0997836805213,0.0248184391083,0.0124322152295,17,15,4,20,0.000512995901991,4.15526680613e-06,0.000512995901991,0.0244537977465,0.0112103347568,0.00840544705575,0.000512995901991,4.15526680613e-06,0.000512995901991,0.18358588959,0.653610650524,0.116673586185
746,0.0654853835425,0.0401455156928,0.279287785832,0.00460485110014,0.0707648796453,0.0129756756728,0.0257813626817,0.402521312052,0.0509631054662,0.00167445457832,0.0267225091164,0.0190731646204,17,15,4,20,0.00316593886395,2.5644104798e-05,0.00316593886395,0.147487586576,0.0269581686575,0.0352832196374,0.00316593886395,2.5644104798e-05,0.00316593886395,0.14954685401,0.532885699549,0.0951234279052
747,0.120707713119,0.0351279049803,0.0567079599279,0.0783927697705,0.0479563711159,0.0195842881227,0.0691948875672,0.122335401692,0.01852876594,0.051696688297,0.342113910317,0.0376533391508,17,15,4,20,2.68000269618e-06,2.17080218391e-08,2.68000269618e-06,8.18058357093e-06,7.24179769148e-05,5.60710903622e-06,2.68000269618e-06,2.17080218391e-08,2.68000269618e-06,0.192408996472,0.685184346228,0.122309688204
748,0.0287539244949,0.0869180798644,0.0997236669081,0.138967794068,0.0364255657665,0.0193051758401,0.148107618236,0.10040358947,0.0969578971342,0.114001587457,0.0641573637788,0.0662777369829,17,15,4,20,5.63139214836e-06,4.56142764017e-08,5.63139214836e-06,1.82797262395e-05,0.000110455060508,3.2185685904e-06,5.63139214836e-06,4.56142764017e-08,5.63139214836e-06,0.192302824213,0.685225560437,0.122317045198
749,0.181534221812,0.0448706981031,0.119182933683,0.083106589453,0.069979143349,0.0344301749454,0.197145134093,0.0587766817783,0.0492786867067,0.101715227324,0.0302644678436,0.029716040908,17,15,4,20,0.000238751514036,1.93388726369e-06,0.000238751514036,0.0353613987429,0.0075453070742,0.00203000520033,0.000238751514036,1.93388726369e-06,0.000238751514036,0.183486025314,0.653894190072,0.116724199766
750,0.123441468387,0.126203657326,0.126847864208,0.052755590156,0.0458133271991,0.127182574493,0.0149670551557,0.05684106763,0.0326699939803,0.0687621498259,0.126514281974,0.0980009696653,17,15,4,20,0.000144811252455,1.17297114489e-06,0.000144811252455,0.0024185725976,0.0018672687756,0.000776294052379,0.000144811252455,1.17297114489e-06,0.000144811252455,0.191315054529,0.681405990926,0.121635228168
751,0.1877488749,0.131743314983,0.10197983246,0.0306203639694,0.0489476524835,0.00322048129896,0.107938139545,0.116937300456,0.0982410167715,0.00909230264519,0.138702270387,0.0248284501009,17,15,4,20,0.000247792523795,2.00711944274e-06,0.000247792523795,0.0169594728343,0.00705202500157,0.00701591416926,0.000247792523795,2.00711944274e-06,0.000247792523795,0.186254325677,0.663316870813,0.118406207171
752,0.134741927798,0.128395315723,0.0206225423468,0.0682220730911,0.0635488411127,0.0633549929221,0.0294214582933,0.221808856026,0.0265673811082,0.111499018093,0.123685346925,0.00813224656147,17,15,4,20,0.000197055270482,1.5961476909e-06,0.000197055270482,0.0344740267344,0.00480589627583,0.00390325435144,0.000197055270482,1.5961476909e-06,0.000197055270482,0.183939971996,0.655139026429,0.116946410836
753,0.0155141881708,0.0218074918058,0.101284328593,0.0727354397976,0.0542896593139,0.0457792351904,0.0597044634165,0.0910723855057,0.025513519612,0.0552092808828,0.403601484211,0.0534885235002,17,15,4,20,1.78487617253e-05,1.44574969975e-07,1.78487617253e-05,0.0003236582878,0.00065604959222,0.000221996140586,1.78487617253e-05,1.44574969975e-07,1.78487617253e-05,0.192195389558,0.684367369477,0.122163852748
754,0.0326036891568,0.0293576466428,0.0833896064851,0.0191606717116,0.0215123585437,0.00494242590435,0.211375961289,0.0415257250808,0.199376804968,0.104392964807,0.226444504675,0.025917640737,17,15,4,20,7.33101371946e-05,5.93812111276e-07,7.33101371946e-05,0.00343646442642,0.00159522137487,0.000581647057334,7.33101371946e-05,5.93812111276e-07,7.33101371946e-05,0.191264253529,0.681225055395,0.121602930045
755,0.0286829314513,0.054082635008,0.0370876283566,0.0139484058917,0.0589922501968,0.11403389573,0.220194699074,0.133625932487,0.0287383725042,0.157558820801,0.0609297679495,0.0921246605507,17,15,4,20,0.000166184029446,1.34609063851e-06,0.000166184029446,0.0273208381231,0.00296686662911,0.00192255705954,0.000166184029446,1.34609063851e-06,0.000166184029446,0.18611310432,0.662711127386,0.118298078183
756,0.0154669458244,0.0647785146446,0.0915235060239,0.158867414207,0.0109546919078,0.0249057282836,0.344938542364,0.0127158140787,0.0296966257578,0.0558960735745,0.0942824905888,0.0959736527446,17,15,4,20,0.000124162370114,1.00571519792e-06,0.000124162370114,0.0124491577973,0.00769371634555,0.00198426206575,0.000124162370114,1.00571519792e-06,0.000124162370114,0.188003796908,0.669805871605,0.119564534368
757,0.099303104297,0.0818148455556,0.0835236623106,0.055856022535,0.0322999521561,0.0766052064661,0.191722388325,0.0153086375451,0.20570962657,0.0810631571753,0.0766413268913,0.00015207017358,17,15,4,20,0.000331072793225,2.68168962512e-06,0.000331072793225,0.00774027978393,0.0086121637129,0.00353050441385,0.000331072793225,2.68168962512e-06,0.000331072793225,0.188342453609,0.670717651203,0.119727292725
758,0.0580169977588,0.00105685470135,0.0297400868871,0.0261799555053,0.050452528975,0.142461927185,0.0225205581439,0.0517356521514,0.0190167336052,0.233831843256,0.0198814532097,0.345105408622,17,15,4,20,3.49402994014e-05,2.83016425152e-07,3.49402994014e-05,0.00237714235154,0.00130851316818,0.000251378745305,3.49402994014e-05,2.83016425152e-07,3.49402994014e-05,0.191341200345,0.682712915743,0.121868522416
759,0.0191150904075,0.0152235140462,0.0422465403998,0.126240431143,0.0219050334296,0.0412644554516,0.00536940793662,0.156947588503,0.0663603797394,0.0710350049886,0.188155334008,0.246137219947,17,15,4,20,4.99262543996e-05,4.04402660637e-07,4.99262543996e-05,0.00329837678123,0.00194374354635,0.000199152255982,4.99262543996e-05,4.04402660637e-07,4.99262543996e-05,0.19119758368,0.681507314801,0.121653315113
760,0.111046187884,0.0780933397257,0.102008830061,0.0390606803451,0.135920355539,0.0107439181056,0.0049074601117,0.201181096072,0.0386522186387,0.1960051948,0.0183176868012,0.0640630319167,17,15,4,20,2.79427346312e-06,2.26336150513e-08,2.79427346312e-06,1.68858969661e-05,1.26944051156e-05,0.000138997944387,2.79427346312e-06,2.26336150513e-08,2.79427346312e-06,0.19211855111,0.685360513177,0.122341135105
761,0.105605710128,0.207431031757,0.0833580618037,0.0409397144534,0.150643571931,0.00492976958006,0.0549137184804,0.0337746885233,0.0474398553204,0.0466254870454,0.205579593112,0.0187587978656,17,15,4,20,8.67906385239e-05,7.03004172044e-07,8.67906385239e-05,0.0064227929841,0.00441525334783,0.000592929340579,8.67906385239e-05,7.03004172044e-07,8.67906385239e-05,0.190236134009,0.677115052852,0.120869268903
762,0.00812805594283,0.0362117196187,0.145266339109,0.21702949694,0.116672245321,0.0529286570595,0.0455318473301,0.0308878321681,0.0269582113792,0.00787646134475,0.0603544089895,0.252154724797,17,15,4,20,1.18364762023e-06,9.58754572384e-09,1.18364762023e-06,8.43337832179e-06,8.5862895066e-05,1.11490660015e-06,1.18364762023e-06,9.58754572384e-09,1.18364762023e-06,0.192348201839,0.685233220626,0.122318412589
763,0.0423347870577,0.128482903425,0.105486520234,0.153612309026,0.0434010841027,0.116609556924,0.110003026078,0.076759073982,0.0536956229921,0.0158763309948,0.137254244441,0.0164845407424,17,15,4,20,0.000414362267726,3.35633436858e-06,0.000414362267726,0.0186573158376,0.005586143344,0.00819631274742,0.000414362267726,3.35633436858e-06,0.000414362267726,0.18585382568,0.661890626928,0.118151613723
764,0.126504938815,0.29809324406,0.00221562446652,0.154312253303,0.113193179955,0.0472979989636,0.0462007728552,0.0177327062525,0.0183284375737,0.0263623558972,5.67690633413e-05,0.149701718796,17,15,4,20,0.000172858349044,1.40015262725e-06,0.000172858349044,0.0133602615522,0.0128562890029,0.00186507677377,0.000172858349044,1.40015262725e-06,0.000172858349044,0.186886076945,0.665535767863,0.118802294162
765,0.0135291337474,0.0464782597962,0.098472396128,0.291428353388,0.0310459103544,0.0867800829887,0.00487777224807,0.159928434765,0.148429974474,0.0114544960398,0.0697476381611,0.0378275479093,17,15,4,20,0.000644115807951,5.2173380444e-06,0.000644115807951,0.0431557367802,0.0176007166845,0.00783848747234,0.000644115807951,5.2173380444e-06,0.000644115807951,0.178705481523,0.636494443396,0.113618236236
766,0.0914837317406,0.105256207055,0.101469984868,0.117490132672,0.0311260434363,0.00689247913101,0.209425702978,0.118140858002,0.0161725422391,0.0216402669705,0.0110164951482,0.16988555576,17,15,4,20,0.000453956802459,3.67705009992e-06,0.000453956802459,0.0297986467813,0.00499361702303,0.00388912036681,0.000453956802459,3.67705009992e-06,0.000453956802459,0.184397439592,0.657695277328,0.117402717599
767,0.0691208037251,0.0704498411048,0.152666150071,0.0103603669568,0.397963181485,0.0183349997119,0.12653504284,0.0618673741301,0.0425227887258,0.00370863210717,0.0293800055303,0.0170908136121,17,15,4,20,3.64528372248e-07,2.95267981521e-09,3.64528372248e-07,4.87886126571e-06,2.07085374831e-06,7.05756825813e-07,3.64528372248e-07,2.95267981521e-09,3.64528372248e-07,0.192426457045,0.685244073559,0.122320349906
768,0.0152636962298,0.193037243774,0.0394953723959,0.0971993825851,0.11121074059,0.097989246443,0.00573599470325,0.0938885660265,0.0240708327799,0.0270635865005,0.268676432543,0.0263689054285,17,15,4,20,9.32086272524e-06,7.54989880745e-08,9.32086272524e-06,2.00375141027e-05,0.000245692024366,3.72082690167e-05,9.32086272524e-06,7.54989880745e-08,9.32086272524e-06,0.192347581504,0.685029923464,0.122282122775
769,0.101073897426,0.16499563726,0.0473284483803,0.14677980841,0.104038632197,0.0263526462036,0.00233911756535,0.0502830957365,0.213941502853,0.0778375838025,0.0033125294928,0.0617171006728,17,15,4,20,0.000548844629106,4.44564149576e-06,0.000548844629106,0.0415964312253,0.0102836665998,0.00640462565413,0.000548844629106,4.44564149576e-06,0.000548844629106,0.180628272639,0.643936113264,0.114946620818
770,0.0930934325999,0.0583689076597,0.0228658070317,0.0133013147448,0.425589683065,0.0504669215536,0.0145246673199,0.0538455591718,0.0206238037172,0.0059488336977,0.021216590014,0.220154479425,17,15,4,20,0.000176227808756,1.42744525093e-06,0.000176227808756,0.00546411012027,0.00279212800519,0.00372335715774,0.000176227808756,1.42744525093e-06,0.000176227808756,0.189878369226,0.676648315921,0.120785953444
771,0.0369022020374,0.118111613691,0.0996108731091,0.203658302788,0.268283093094,0.027315912006,0.0293902160841,0.0111925912876,0.0410500035736,0.0582948562225,0.094035666282,0.0121546698251,17,15,4,20,9.16700674945e-07,7.42527546705e-09,9.16700674945e-07,8.04403068625e-06,1.70962404311e-05,2.02531385077e-06,9.16700674945e-07,7.42527546705e-09,9.16700674945e-07,0.192335743099,0.68530261054,0.122330799123
772,0.0601386107454,0.00234433518315,0.120338498159,0.152040801798,0.0502966486828,0.0691907028558,0.00379449505479,0.136357673764,0.152907611633,0.00648340181718,0.00648797584304,0.239619244463,17,15,4,20,9.0680741944e-05,7.34514009746e-07,9.0680741944e-05,0.000587081603466,0.00344660399841,0.000161799863578,9.0680741944e-05,7.34514009746e-07,9.0680741944e-05,0.191467787513,0.682196242087,0.121776292939
773,0.0946912198327,0.0670646004726,0.055679931526,0.0502073741898,0.183120451455,0.0378447093439,0.129571421297,0.0943632569176,0.156316335676,0.0739949010522,0.0047107326013,0.0524350656361,17,15,4,20,9.40096171421e-06,7.61477898851e-08,9.40096171421e-06,7.89978461801e-05,0.000334893379646,8.18922812467e-05,9.40096171421e-06,7.61477898851e-08,9.40096171421e-06,0.192227280048,0.684968094401,0.122271085901
774,0.215227411529,0.0680991457786,0.0637100036161,0.0183971460133,0.0435554207736,0.0492828243567,0.207421064449,0.139825087113,0.125346791224,0.00766123359519,0.0375196883068,0.0239541832442,17,15,4,20,1.38830225589e-06,1.12452482727e-08,1.38830225589e-06,3.61403739378e-05,5.22448453473e-06,5.91817924074e-06,1.38830225589e-06,1.12452482727e-08,1.38830225589e-06,0.192329576453,0.685289165679,0.122328399131
775,0.0197759101505,0.189383360377,0.00711396773526,0.231626834899,0.066987465152,0.0111497406646,0.153907495391,0.0283053609398,0.064575919978,0.12817482929,0.0156687407953,0.0833303746275,17,15,4,20,0.000256865960992,2.08061428403e-06,0.000256865960992,0.0147791942367,0.00211487837676,0.00793372175051,0.000256865960992,2.08061428403e-06,0.000256865960992,0.187369148141,0.667600559965,0.119170872457
776,0.0117555679858,0.00236884797184,0.0451825371875,0.0183058431122,0.00416935194169,0.0716858541282,0.170613487474,0.170580032017,0.115205462615,0.233102672361,0.0234864433427,0.133543899863,17,15,4,20,8.4937955639e-05,6.87997440676e-07,8.4937955639e-05,0.00390641183392,0.00249534333373,0.000415498271405,8.4937955639e-05,6.87997440676e-07,8.4937955639e-05,0.1910386807,0.680355270109,0.121447667935
777,0.0410832059657,0.00438268645299,0.0450068158936,0.275423345915,0.0608894001574,0.0250988942524,0.0357580248283,0.21165313754,0.173327218528,0.035538363087,0.0369678716352,0.0548710357447,17,15,4,20,2.39138698324e-06,1.93702345642e-08,2.39138698324e-06,1.38121348884e-05,2.97504206233e-05,4.75428903216e-06,2.39138698324e-06,1.93702345642e-08,2.39138698324e-06,0.192342652347,0.685273774764,0.122325651756
778,0.034080057574,0.154300320513,0.233672556372,0.132986587611,0.0450632858468,0.0654205446051,0.202865880552,0.0271737655189,0.0180498588281,0.0276666249965,0.0329427726673,0.0257777449156,17,15,4,20,0.00107124018393,8.67704548981e-06,0.00107124018393,0.141962654684,0.0264716778153,0.00254368177188,0.00107124018393,8.67704548981e-06,0.00107124018393,0.158628123194,0.565199843199,0.10089170451
779,0.160352864125,0.0271996194971,0.0504628438118,0.118809986424,0.017475527942,0.05371152685,0.269775126395,0.00893526171274,0.100054995676,0.0302189816277,0.0588733187648,0.104129947174,17,15,4,20,0.000386258437854,3.12869334662e-06,0.000386258437854,0.0240839065832,0.00749685655953,0.000505408463744,0.000386258437854,3.12869334662e-06,0.000386258437854,0.18595595581,0.662199781669,0.118206799777
780,0.158438989486,0.0646408608286,0.203605036429,0.026485721137,0.035285451623,0.0232125565121,0.00917284911824,0.111372974037,0.0195148034289,0.161069075606,0.103954038169,0.0832476436253,17,15,4,20,0.00013056218584,1.0575537053e-06,0.00013056218584,0.00756743138107,0.00244947743974,0.000798583149696,0.00013056218584,1.0575537053e-06,0.00013056218584,0.190090715383,0.677611534768,0.120957894028
781,0.0644841144982,0.16230532073,0.0969269427741,0.106467726512,0.0124325237796,0.113034758364,0.185934360856,0.0455538821635,0.033371823806,0.00397402241638,0.161955214017,0.0135593100819,17,15,4,20,0.000165881541304,1.34364048456e-06,0.000165881541304,0.00421990473007,0.00856315432014,0.00121661845175,0.000165881541304,1.34364048456e-06,0.000165881541304,0.189511071377,0.675281134635,0.12054190304
782,0.0853904654091,0.0524660292799,0.0100574112375,0.0936662903738,0.248808320575,0.00195363834757,0.195264155653,0.0359924417178,0.0932430722063,0.0518117120343,0.0436820301423,0.0876644330234,17,15,4,20,0.000238600501029,1.93266405833e-06,0.000238600501029,0.0401485221002,0.0105522593897,0.00288712821825,0.000238600501029,1.93266405833e-06,0.000238600501029,0.181836761468,0.647953340504,0.115663720988
783,0.0369174332514,0.00896411974481,0.0564279073717,0.062531974003,0.0963270511261,0.192643810438,0.0216453272207,0.0547911362322,0.218992980025,0.0209517562449,0.0816335274301,0.148172976912,17,15,4,20,5.33721350933e-06,4.32314294256e-08,5.33721350933e-06,5.19963345227e-05,0.000308015809864,7.63494211328e-05,5.33721350933e-06,4.32314294256e-08,5.33721350933e-06,0.192320420632,0.684953331801,0.122268450685
784,0.0654823333106,0.13326257708,0.296003411713,0.0310791245285,0.0847477302636,0.0231482630527,0.0079032132195,0.128850391687,0.00881254826199,0.169367961444,0.02781747354,0.0235249718985,17,15,4,20,3.80368628096e-06,3.08098588758e-08,3.80368628096e-06,7.09384362166e-05,0.000114678278275,1.02185927475e-05,3.80368628096e-06,3.08098588758e-08,3.80368628096e-06,0.192380072646,0.685112035411,0.122296780271
785,0.00808296081368,0.0360513335111,0.0309662926918,0.177508087528,0.0298856004331,0.0423308045482,0.0355816722129,0.0759641970479,0.00298715725436,0.402319439974,0.0820698924163,0.0762525615693,17,15,4,20,1.66845480532e-06,1.35144839231e-08,1.66845480532e-06,3.97705998586e-06,4.51198745436e-05,3.00691046548e-06,1.66845480532e-06,1.35144839231e-08,1.66845480532e-06,0.192244213601,0.685356553439,0.122340428267
786,0.416764569314,0.0121052546601,0.00430438025693,0.0172331756537,0.0931286178524,0.00309859382518,0.0666944166718,0.0998916562264,0.1234079762,0.041271005257,0.0230522097152,0.0990481443679,17,15,4,20,0.000637131001414,5.16076111146e-06,0.000637131001414,0.00882537100355,0.00674621408058,0.00179333366439,0.000637131001414,5.16076111146e-06,0.000637131001414,0.188523634292,0.671657533791,0.119895067641
787,0.22708036711,0.158356568572,0.0840471483569,0.037161264381,0.0195533751987,0.119744765484,0.0478559486912,0.0185917074673,0.186677530685,0.0430624134337,0.0245062865456,0.0333626240749,17,15,4,20,3.6093325365e-06,2.92355935456e-08,3.6093325365e-06,1.57357703515e-05,4.8128323416e-05,1.35947207691e-06,3.6093325365e-06,2.92355935456e-08,3.6093325365e-06,0.192269724893,0.685317159531,0.122333396209
788,0.0137629340169,0.0074529547588,0.137276627645,0.0579113073673,0.00477548826557,0.103675953658,0.204469991209,0.0677552241858,0.128535071096,0.0665407774011,0.170041941324,0.0378017290719,17,15,4,20,8.29077873823e-05,6.71553077796e-07,8.29077873823e-05,0.00132262907044,0.00178521197454,0.00117143100835,8.29077873823e-05,6.71553077796e-07,8.29077873823e-05,0.191540745031,0.682089728977,0.121757279683
789,0.12370946597,0.0759862600499,0.0331166386597,0.0984424808594,0.0957696190241,0.0404934677443,0.0617125404326,0.0308383658263,0.264984803733,0.0496836589124,0.041668347383,0.0835943514051,17,15,4,20,4.12846252038e-06,3.34405464151e-08,4.12846252038e-06,0.000109009856213,0.000227231491385,6.60511915682e-06,4.12846252038e-06,3.34405464151e-08,4.12846252038e-06,0.192347794753,0.685013573792,0.122279204257
790,0.0286380539235,0.0784764705603,0.209670670011,0.14239845537,0.0378933916444,0.0465519436739,0.00495170746178,0.134775269679,0.010691926435,0.164953987185,0.072367527268,0.0686305967887,17,15,4,20,8.96927135533e-07,7.26510979781e-09,8.96927135533e-07,1.9510155955e-05,2.1163874909e-05,1.11098012415e-06,8.96927135533e-07,7.26510979781e-09,8.96927135533e-07,0.192213841905,0.685393709915,0.12234706093
791,0.0260620090174,0.0418254971636,0.153346938458,0.0767651191298,0.113945389688,0.00562245169285,0.19273996706,0.0054692718961,0.0103967490237,0.02093460636,0.0714442234716,0.281447777039,17,15,4,20,2.90184767554e-07,2.35049661719e-09,2.90184767554e-07,9.26135456396e-06,2.13255432482e-06,3.72621642973e-06,2.90184767554e-07,2.35049661719e-09,2.90184767554e-07,0.192338787553,0.685312383266,0.122332543615
792,0.194150215469,0.0580329046071,0.171564614518,0.0116649956576,0.0079078181794,0.00723116479556,0.0419488110371,0.0827032579488,0.339810951257,0.0369139077338,0.00611262133636,0.0419587374607,17,15,4,20,0.00114927017984,9.3090884567e-06,0.00114927017984,0.107926400013,0.0245969946914,0.0105535236591,0.00114927017984,9.3090884567e-06,0.00114927017984,0.163934090976,0.584106611029,0.104266680735
793,0.122706561238,0.0732328968315,0.0534160211581,0.176735322651,0.0141974487145,0.0935942777317,0.0714708334646,0.132221115012,0.0858179267345,0.0415478083025,0.0404495372384,0.0946102509222,17,15,4,20,0.000369846892347,2.99575982801e-06,0.000369846892347,0.0286902778449,0.0103586876574,0.00588313873136,0.000369846892347,2.99575982801e-06,0.000369846892347,0.183507568576,0.65343306249,0.116641885611
794,0.0304662689351,0.00847915020345,0.00736705914777,0.0493876764992,0.112770013175,0.052316379169,0.242632601635,0.0420549293928,0.102528169402,0.0133880830869,0.207547622719,0.131062046636,17,15,4,20,3.6009394397e-06,2.91676094616e-08,3.6009394397e-06,1.55208780429e-05,5.39665368595e-05,6.54282357957e-06,3.6009394397e-06,2.91676094616e-08,3.6009394397e-06,0.192471654523,0.685136674622,0.122301178524
795,0.00286423538657,0.0111584977763,0.245301919124,0.0539557567173,0.10149538246,0.176813284066,0.0421070850541,0.0734381556818,0.00103847858003,0.0521093959,0.0377871572759,0.201930651978,17,15,4,20,0.000188591852789,1.52759400759e-06,0.000188591852789,0.0116319483689,0.00310563995485,0.00312167116119,0.000188591852789,1.52759400759e-06,0.000188591852789,0.188775028083,0.672553318943,0.12005497089
796,0.0194954290979,0.0653477357858,0.0239503816774,0.0533233609344,0.0185229262171,0.378552947511,0.10847653197,0.0020664576825,0.0340864420517,0.240882914737,0.0209531352605,0.0343417370752,17,15,4,20,0.000239829805137,1.94262142161e-06,0.000239829805137,0.0257807134216,0.00342248056492,0.00360598521466,0.000239829805137,1.94262142161e-06,0.000239829805137,0.185762928586,0.662249086714,0.118215601035
797,0.0298651935731,0.0144697393182,0.169668670706,0.0497212849765,0.0195901786953,0.129916050491,0.117838426657,0.0644286650162,0.0864648359609,0.040423282482,0.176078793908,0.101534878216,17,15,4,20,0.000148371818866,1.20181173282e-06,0.000148371818866,0.0168610992206,0.00504775206673,0.000445916077774,0.000148371818866,1.20181173282e-06,0.000148371818866,0.188023692465,0.669513334589,0.119512314682
798,0.0935735398607,0.0334563579161,0.0812977467771,0.0360322995217,0.0367995502255,0.38175366737,0.0561869632974,0.00916087914367,0.0209946700115,0.0179013983469,0.0822864306825,0.150556496847,17,15,4,20,0.000342067977604,2.77075061859e-06,0.000342067977604,0.0437648448081,0.00570546621928,0.00241813252366,0.000342067977604,2.77075061859e-06,0.000342067977604,0.182239251355,0.648701262027,0.115797229655
799,0.00274803657285,0.256361760764,0.148576314675,0.0144792544258,0.0136003513113,0.0838730998176,0.0200965476421,0.0933657210689,0.107677883614,0.0554760339398,0.194449571331,0.00929542483764,17,15,4,20,2.42050176144e-06,1.96060642676e-08,2.42050176144e-06,2.81253562087e-05,1.10585842182e-05,1.84005021171e-05,2.42050176144e-06,1.96060642676e-08,2.42050176144e-06,0.192475751666,0.685152872691,0.122304069981
800,0.154602260348,0.0415703107406,0.0439499443392,0.16045617245,0.00805997934964,0.0558764940678,0.0332893126835,0.071062182741,0.0549316113573,0.000785155044607,0.297309329053,0.0781072478255,17,15,4,20,7.97553120325e-05,6.46018027463e-07,7.97553120325e-05,0.00586532203911,0.00319931085256,0.00130295876141,7.97553120325e-05,6.46018027463e-07,7.97553120325e-05,0.190435061073,0.677872547549,0.121004486441
801,0.222163375232,0.0183550884556,0.0412620670333,0.0352097658338,0.0235973756918,0.0700625034216,0.114889688139,0.0366684832376,0.0732594484214,0.124710675727,0.104015959317,0.135805569489,17,15,4,20,0.000109973157544,8.90782576108e-07,0.000109973157544,0.00502741224607,0.0027017691546,0.000666009412124,0.000109973157544,8.90782576108e-07,0.000109973157544,0.190643424953,0.679266410372,0.121253299666
802,0.0265996731745,0.163330865742,0.0833359151518,0.105243049513,0.00557236466752,0.0186901201047,0.0396025351716,0.156026697473,0.0844449591747,0.06911184908,0.160802017246,0.0872399535019,17,15,4,20,0.000131389308913,1.0642534022e-06,0.000131389308913,0.00698361361183,0.00185061347673,0.00335537614477,0.000131389308913,1.0642534022e-06,0.000131389308913,0.189969050625,0.676545975382,0.120767685018
803,0.0199763317316,0.623182675444,0.002078149625,0.00635572082292,0.0531292261755,0.0167031169295,0.00128536930242,0.0491729419713,0.126624167385,0.0243418508918,0.0667828801257,0.010367569596,17,15,4,20,0.00157646220954,1.27693438973e-05,0.00157646220954,0.103065817126,0.0166671568938,0.00876224784785,0.00157646220954,1.27693438973e-05,0.00157646220954,0.166347130469,0.592976286835,0.105849973302
804,0.0176882050514,0.0600508556869,0.185936329566,0.0555992888957,0.209653329361,0.0632335328876,0.014341595331,0.195034635319,0.00435016013034,0.0961928782515,0.0172908350973,0.080628354422,17,15,4,20,6.4988645749e-07,5.26408030567e-09,6.4988645749e-07,8.59511437074e-06,1.44032602828e-05,1.80997666174e-06,6.4988645749e-07,5.26408030567e-09,6.4988645749e-07,0.192349245283,0.685294062965,0.122329273327
805,0.0717261811413,0.0612235616916,0.086392286657,0.0224127259274,0.0296301511733,0.182602751766,0.136116396175,0.0444910161203,0.0535339801476,0.111516803496,0.111178065027,0.0891760806779,17,15,4,20,2.74876974714e-06,2.22650349519e-08,2.74876974714e-06,3.8014544168e-05,2.95851599605e-05,1.82020031081e-05,2.74876974714e-06,2.22650349519e-08,2.74876974714e-06,0.192332885925,0.685249036871,0.122321235888
806,0.0166191434886,0.0363897435878,0.0635333888263,0.051262320651,0.249668284165,0.135377802838,0.101039910882,0.0550088349653,0.010755281675,0.152667886205,0.0765541425785,0.0511232601375,17,15,4,20,0.000210304822597,1.70346906304e-06,0.000210304822597,0.00849085684776,0.00563813213187,0.00109314815091,0.000210304822597,1.70346906304e-06,0.000210304822597,0.189237865609,0.674324273657,0.120371097375
807,0.0575520046797,0.0278850486062,0.14362320906,7.08592459675e-05,0.0268566594624,0.0725739039568,0.0598036989695,0.0588649615361,0.129089301504,0.222842185239,0.116118377436,0.0847197903038,17,15,4,20,2.49456322348e-06,2.02059621102e-08,2.49456322348e-06,2.20917935732e-05,6.63792840479e-05,7.59057944865e-06,2.49456322348e-06,2.02059621102e-08,2.49456322348e-06,0.192412220708,0.685173879197,0.122307819773
808,0.0192264843261,0.0636594478407,0.0169299479051,0.0605592748378,0.102781872512,0.041010024903,0.196629612495,0.131617070447,0.0217860773725,0.0455814557025,0.0381129781723,0.262105753486,17,15,4,20,7.88136633368e-05,6.38390673028e-07,7.88136633368e-05,0.0118209989375,0.00452637594496,0.000526046078705,7.88136633368e-05,6.38390673028e-07,7.88136633368e-05,0.189132323274,0.673460768096,0.120216956235
809,0.119605061296,0.0102784733402,0.0726281335084,0.0550942775336,0.121839547875,0.192611231247,0.0247365896356,0.00409909170542,0.0197355713624,0.114453042317,0.103971709807,0.160947270372,17,15,4,20,7.21474127338e-05,5.84394043144e-07,7.21474127338e-05,0.00467317351462,0.00193453593315,0.000889177150455,7.21474127338e-05,5.84394043144e-07,7.21474127338e-05,0.190646294062,0.680155120858,0.121411940043
810,0.0692748895211,0.0107085924149,0.0402581617059,0.0114389005776,0.070563130683,0.215494517882,0.119876210567,0.0652484170702,0.194510032548,0.0428998273313,0.0905101793659,0.0692171403331,17,15,4,20,1.9500258189e-07,1.57952091331e-09,1.9500258189e-07,2.55174914009e-06,1.92652135124e-06,2.10750890173e-06,1.9500258189e-07,1.57952091331e-09,1.9500258189e-07,0.192439023146,0.685234896214,0.122318711692
811,0.0345630644351,0.00241504357812,0.143639918043,0.138241427187,0.0247280207921,0.0676748182764,0.0617670245855,0.0843456810362,0.237025544292,0.0399134917392,0.0142100126579,0.151475953377,17,15,4,20,0.000213657085696,1.73062239414e-06,0.000213657085696,0.0565203595252,0.0057122475997,0.00546842656164,0.000213657085696,1.73062239414e-06,0.000213657085696,0.179025578822,0.638448288165,0.113967009739
812,0.00430628742166,0.0395602518813,0.00255567619955,0.353293587599,0.15651064695,0.0699828156827,0.00151235169031,0.124938292789,0.0279859738948,0.190962249591,0.0256979780191,0.00269388828162,17,15,4,20,0.0002515361873,2.03744311713e-06,0.0002515361873,0.0284378755771,0.00207636049081,0.00392579267567,0.0002515361873,2.03744311713e-06,0.0002515361873,0.185273081577,0.661241015942,0.118035654102
813,0.155614132009,0.0947307665205,0.00440928855597,0.0760187536431,0.0021828008389,0.108642002424,0.03013919458,0.0835582965469,0.230546315432,0.0849740285017,0.0813719579551,0.047812462993,17,15,4,20,0.00021773826124,1.76367991604e-06,0.00021773826124,0.00288862627567,0.00302325255473,0.00241798864354,0.00021773826124,1.76367991604e-06,0.00021773826124,0.190652272247,0.67894708227,0.121196297605
814,0.221328302884,0.127203435424,0.0746007300417,0.0774204609729,0.00276720451582,0.127524952702,0.0295012684795,0.0184230535775,0.157036701306,0.0523994817225,0.0895730943887,0.0222213139856,17,15,4,20,0.000159858735888,1.29485576069e-06,0.000159858735888,0.00135295196208,0.007581063393,0.0009879005541,0.000159858735888,1.29485576069e-06,0.000159858735888,0.190278483594,0.678110596225,0.121046979617
815,0.201340884825,0.231319420021,0.179434158025,0.018139626555,0.0413178766288,0.140502439622,0.0639220310606,0.0066320158205,0.0465393481957,0.0356855083778,0.0103932878269,0.024773403041,17,15,4,20,3.1875136005e-05,2.58188601641e-07,3.1875136005e-05,0.000456910807098,0.00032053219068,0.000528295167278,3.1875136005e-05,2.58188601641e-07,3.1875136005e-05,0.19209519575,0.684316310723,0.122154738441
816,0.0531718899488,0.151075490923,0.0543498790394,0.384354019578,0.0550198289502,0.132397991566,0.0311156849164,0.0799888030147,0.00757419576808,0.0163433919479,0.00240247404054,0.0322063503075,17,15,4,20,1.06372605861e-06,8.61618107478e-09,1.06372605861e-06,1.90604878489e-05,2.15972896864e-05,3.79679509205e-06,1.06372605861e-06,8.61618107478e-09,1.06372605861e-06,0.192403997389,0.685229523307,0.122317752595
817,0.121738695043,0.125075497619,0.0604024717031,0.00747360718856,0.00579222957008,0.0189236027574,0.0475124411145,0.0319083859274,0.0995535396165,0.14438142889,0.306555356093,0.0306827444778,17,15,4,20,8.44094287828e-07,6.83716373141e-09,8.44094287828e-07,8.36325146658e-06,3.82851939622e-06,8.93825606327e-06,8.44094287828e-07,6.83716373141e-09,8.44094287828e-07,0.192304156535,0.685334781539,0.122336541847
818,0.0640094565374,0.0804466757728,0.0696953462418,0.00773734495215,0.0234337058151,0.0219340730219,0.013543417578,0.074582598297,0.279505124647,0.202266378117,0.127438308032,0.0354075709874,17,15,4,20,3.16885288151e-07,2.56677083402e-09,3.16885288151e-07,4.75635963627e-06,3.09468435889e-06,2.91207102178e-06,3.16885288151e-07,2.56677083402e-09,3.16885288151e-07,0.192397743263,0.685265963543,0.122324257405
819,0.0282284334504,0.014900396883,0.0708248162492,0.139094751908,0.0848299648853,0.00198494768595,0.0782392162624,0.193381526175,0.0467123236805,0.209768875103,0.115456485054,0.0165782626638,17,15,4,20,3.18408536011e-06,2.57910914169e-08,3.18408536011e-06,5.0302012686e-05,0.000127994383365,6.52201166831e-06,3.18408536011e-06,2.57910914169e-08,3.18408536011e-06,0.192312567759,0.685180775163,0.122309050746
820,0.0647036545912,0.156812875656,0.0931707235922,0.0406451732929,0.0696802431186,0.00555776518241,0.093911073329,0.0816355470638,0.0559941426085,0.134898274554,0.14051879015,0.0624717368614,17,15,4,20,5.38717945758e-05,4.36361536064e-07,5.38717945758e-05,0.0094138586913,0.00185614835844,0.000771761472479,5.38717945758e-05,4.36361536064e-07,5.38717945758e-05,0.190037570479,0.676877446427,0.120826854671
821,0.123801987534,0.182578167775,0.0714865206514,0.0408825202874,0.250825664976,0.105081443312,0.0190600243812,0.038844990898,0.00926611411358,0.0319563232526,0.00376251432706,0.122453728491,17,15,4,20,0.000552576388803,4.4758687493e-06,0.000552576388803,0.0218188200283,0.0113730676738,0.00146108149269,0.000552576388803,4.4758687493e-06,0.000552576388803,0.185319163427,0.65999532042,0.117813289666
822,0.0387870738998,0.0543204382311,0.0446867202172,0.19986506901,0.0684688378353,0.193382195513,0.0436027652566,0.0213765457992,0.0646121143045,0.0443729757249,0.0381749777544,0.188350286454,17,15,4,20,0.000213882526111,1.7324484615e-06,0.000213882526111,0.00240299834896,0.002909561277,0.00103836774561,0.000213882526111,1.7324484615e-06,0.000213882526111,0.190796395992,0.680517122107,0.121476559528
823,0.111704993847,0.161023863156,0.105906388146,0.0209357798811,0.282769540511,0.0079532018815,0.0836509666393,0.12359171587,0.0242255261932,0.0665942038151,0.00422047886909,0.00742334119071,17,15,4,20,0.00147721487782,1.19654405104e-05,0.00147721487782,0.122332708891,0.013773409348,0.0230770331409,0.00147721487782,1.19654405104e-05,0.00147721487782,0.160684010797,0.572080162859,0.102119884571
824,0.0430473231836,0.105291295892,0.126192369544,0.276007044846,0.251112017001,0.0299511475132,0.117053670024,0.00774520859697,0.00559651315803,0.0274809156279,0.0104350035018,8.74911115162e-05,17,15,4,20,0.00358326684074,2.902446141e-05,0.00358326684074,0.0707530983116,0.0510089230119,0.0367912396665,0.00358326684074,2.902446141e-05,0.00358326684074,0.159088528506,0.566791304007,0.101175790211
825,0.0503532862085,0.0443304969311,0.0332670034651,0.0222092856265,0.292906506682,0.124878760497,0.116071369831,0.00770176135631,0.0271700397894,0.127928625928,0.0458330342372,0.107349829448,17,15,4,20,4.58117258786e-07,3.71074979617e-09,4.58117258786e-07,8.9357603633e-06,5.74658573006e-06,2.65273403147e-06,4.58117258786e-07,3.71074979617e-09,4.58117258786e-07,0.19226591129,0.685371769339,0.122343144401
826,0.0432199256961,0.0630402289395,0.0220963180715,0.240384088206,0.027151108876,0.00111804380413,0.00594208878457,0.110306747976,0.118433356203,0.174187548439,0.0756756890452,0.118444855958,17,15,4,20,4.22019856035e-07,3.41836083389e-09,4.22019856035e-07,1.53648938954e-06,1.04427787845e-06,1.62995506155e-06,4.22019856035e-07,3.41836083389e-09,4.22019856035e-07,0.192414695565,0.685256780603,0.122322618193
827,0.043166304364,0.0813924867039,0.148036825422,0.087397639871,0.0480791418429,0.182521587856,0.249940221875,6.39951011988e-06,0.00455492635772,0.0401241737293,0.0178259996035,0.0969542928646,17,15,4,20,0.000657445031749,5.32530475717e-06,0.000657445031749,0.00831439347559,0.00515506753674,0.00430541175974,0.000657445031749,5.32530475717e-06,0.000657445031749,0.188247483945,0.671474769477,0.119862443069
828,0.133512755895,0.00117846703296,0.0128795482083,0.28819802133,0.0338987896105,0.041197475928,0.157378644926,0.143048217464,0.120415567722,0.0640467263016,0.00140106816787,0.0028447174137,17,15,4,20,0.00092183890442,7.4668951258e-06,0.00092183890442,0.146834736815,0.0430877020693,0.00271655363476,0.00092183890442,7.4668951258e-06,0.00092183890442,0.154527732405,0.550808267388,0.0983227182805
829,0.00211576083835,0.0862467294214,0.164730208737,0.025509376864,0.0332695888356,0.0210512749312,0.0413389085454,0.136059320862,0.208827662472,0.119163142772,0.0772092775034,0.084478748218,17,15,4,20,0.000112543695574,9.11603934153e-07,0.000112543695574,0.00395399843889,0.00163887137368,0.00283080703339,0.000112543695574,9.11603934153e-07,0.000112543695574,0.190564526356,0.679300426966,0.121259371841
830,0.103124984608,0.261215335422,0.0202705983283,0.232941469386,0.0250361852986,0.146909592953,0.0698258742329,0.0744111787556,0.00882527482911,0.0401890273788,0.00912239811011,0.00812808069808,17,15,4,20,2.78593038696e-05,2.25660361344e-07,2.78593038696e-05,2.20586471825e-05,0.000700968376814,0.000135038902788,2.78593038696e-05,2.25660361344e-07,2.78593038696e-05,0.192165573072,0.684650142895,0.12221432957
831,0.00778779641293,0.0190845297373,0.082234117887,0.0488388783207,0.0617050810242,0.160739052353,0.0301811042804,0.214161585024,0.000826044748086,0.290511789156,0.0415927089688,0.042337312087,17,15,4,20,2.93210123081e-05,2.37500199696e-07,2.93210123081e-05,0.000167742544323,0.000954720788961,0.000102635724983,2.93210123081e-05,2.37500199696e-07,2.93210123081e-05,0.192170736056,0.684329341348,0.122157064489
832,0.091470318213,0.167555047135,0.0446613773501,0.239977682434,0.103608160946,0.081177528719,0.0328005592042,0.00642876163725,0.0270528931078,0.0583710386956,0.0228760133615,0.124020619197,17,15,4,20,2.83151703428e-06,2.29352879777e-08,2.83151703428e-06,2.04966723939e-05,3.53240465502e-05,8.14610751696e-06,2.83151703428e-06,2.29352879777e-08,2.83151703428e-06,0.192411867733,0.685200263895,0.122312529607
833,0.178090356996,0.0227692873863,0.0457840735062,0.00109617005265,0.0179079972915,0.0855340263181,0.0164884436651,0.178810993432,0.103047878441,0.0950012917096,0.216971935943,0.0384975452586,17,15,4,20,5.41213192068e-05,4.38382685575e-07,5.41213192068e-05,0.00123864160881,0.00192334014863,0.000544674678068,5.41213192068e-05,4.38382685575e-07,5.41213192068e-05,0.19174835214,0.682497550931,0.121830078451
834,0.000558912068914,0.0751690618227,0.0651155566026,0.0281866226973,0.0308409945345,0.214758375929,0.0253264545678,0.0447098646774,0.151062243554,0.0748532633781,0.227823072482,0.0615955776851,17,15,4,20,2.87064997077e-07,2.32522647633e-09,2.87064997077e-07,4.75509892945e-06,1.50338252481e-06,4.11812817827e-06,2.87064997077e-07,2.32522647633e-09,2.87064997077e-07,0.192364438126,0.685294653596,0.122329378758
835,0.188428731694,0.216453795891,0.0413822654826,0.0768832612401,0.0292406263601,0.14608802678,0.00372525991467,0.0318353249359,0.0808086888413,0.103419758356,0.0157384724194,0.0659957880853,17,15,4,20,0.000263705646691,2.1360157382e-06,0.000263705646691,0.00524521911684,0.00700193196141,0.00101093324573,0.000263705646691,2.1360157382e-06,0.000263705646691,0.18966125848,0.675449589323,0.120571973254
836,0.169723984469,0.054156178895,0.0191913636762,0.206855370957,0.0552120439125,0.0322698775749,0.0994164413871,0.0449286092586,0.0639303488415,0.117567464195,0.135133294928,0.00161502190438,17,15,4,20,0.000367173345252,2.97410409654e-06,0.000367173345252,0.0135349123511,0.00309676274471,0.00330603179357,0.000367173345252,2.97410409654e-06,0.000367173345252,0.188355862055,0.670536782869,0.119695006597
837,0.0432264358926,0.0632198743837,0.0241733395837,0.068563048843,0.163493163832,0.0766734644842,0.174779563569,0.0134145447823,0.0713652093958,0.00174344507202,0.080286636452,0.21906127371,17,15,4,20,1.66241364549e-06,1.34655505285e-08,1.66241364549e-06,3.66405773213e-05,1.68095193803e-05,1.9613426456e-05,1.66241364549e-06,1.34655505285e-08,1.66241364549e-06,0.192308325611,0.685284387995,0.122327546285
838,0.0581806272164,0.0108358727692,0.0319955174904,0.0642406903633,0.00604597082726,0.321984874504,0.150750779086,0.110899106913,0.103126645343,0.0698844937333,0.0214531654668,0.0506022562872,17,15,4,20,1.54915503002e-05,1.25481557432e-07,1.54915503002e-05,5.56857497276e-05,0.000155811789462,6.25758856154e-05,1.54915503002e-05,1.25481557432e-07,1.54915503002e-05,0.192391243129,0.684996338613,0.122276127669
839,0.0333245067882,0.0169153017025,0.286688818534,0.105505943586,0.0323502690093,0.219881297361,0.000666233267692,0.0237077722529,0.0202025794935,0.132014603608,0.0453251543984,0.083417519999,17,15,4,20,4.46865630788e-05,3.61961160939e-07,4.46865630788e-05,0.00643880571372,0.00433572215897,0.000485175435952,4.46865630788e-05,3.61961160939e-07,4.46865630788e-05,0.190181008087,0.677450644347,0.120929174082
840,0.0221215159583,0.0483830821971,0.0121315057229,0.278583684021,0.0363724690804,0.0128653108982,0.0326817228339,0.0738055472214,0.313753030889,0.0484880775334,0.0515403065421,0.0692737471019,17,15,4,20,0.000375378354644,3.04056467261e-06,0.000375378354644,0.0141292444303,0.0070609536511,0.00728975688104,0.000375378354644,3.04056467261e-06,0.000375378354644,0.186707431692,0.66465919786,0.118645820938
841,0.0309803208257,0.0042066177151,0.0814657462753,0.0107466941814,0.173130928246,0.0977820403523,0.150365739408,0.106413203348,0.038557821091,0.124477923472,0.168260180092,0.0136127849927,17,15,4,20,0.000130545893226,1.05742173513e-06,0.000130545893226,0.0185850813145,0.00293095508826,0.00285254143919,0.000130545893226,1.05742173513e-06,0.000130545893226,0.18763890127,0.668191808462,0.119276414009
842,0.0035419307148,0.104392715341,0.0568435847164,0.123634268865,0.124080275773,0.0617980256904,0.0775182149982,0.0353929039934,0.0406681652892,0.0453284492665,0.0560194673278,0.270781998024,17,15,4,20,0.000109050823597,8.83311671132e-07,0.000109050823597,0.00722698628737,0.00325368205775,0.000663521382251,0.000109050823597,8.83311671132e-07,0.000109050823597,0.190200344695,0.677312908319,0.120904587341
843,0.0993541654444,0.174134063645,0.0404962130245,0.153691160857,0.00511501850117,0.0888046421158,0.0436435278699,0.0135119366892,0.0711955194946,0.0425747018459,0.230512947907,0.0369661026056,17,15,4,20,4.07189009251e-06,3.29823097493e-08,4.07189009251e-06,1.14672319516e-05,0.000166401845007,3.92383469044e-06,4.07189009251e-06,3.29823097493e-08,4.07189009251e-06,0.192316683176,0.685176824805,0.122308345583
844,0.0377049358041,0.031261337417,0.00958037199023,0.184971211047,0.0837691768363,0.057704060413,0.137801408023,0.241355960774,0.0106370057118,0.0646327587074,0.106919415528,0.0336623577486,17,15,4,20,0.000203423913374,1.64773369833e-06,0.000203423913374,0.0336571759674,0.00857437749974,0.00373082945624,0.000203423913374,1.64773369833e-06,0.000203423913374,0.183437751955,0.653185228335,0.116597645666
845,0.170839311508,0.108473264379,0.084329328269,0.0459701659091,0.0446054553932,0.0385854807373,0.0914831716693,0.114899526122,0.12573591567,0.000590597472845,0.0837447488803,0.0907430339901,17,15,4,20,1.17263392241e-05,9.49833477155e-08,1.17263392241e-05,2.95094138113e-05,6.45759660155e-05,0.000295174054536,1.17263392241e-05,9.49833477155e-08,1.17263392241e-05,0.19240664135,0.684898365105,0.122258638786
846,0.0401131228958,0.23355572367,0.103369196936,0.0204202080604,0.163334051629,0.0164209559568,0.056822382744,0.0594598019156,0.078207871207,0.106853966872,0.0387211460725,0.0827215720414,17,15,4,20,5.4384069522e-06,4.40510963128e-08,5.4384069522e-06,2.4876207093e-05,0.00045563687501,1.3339141015e-05,5.4384069522e-06,4.40510963128e-08,5.4384069522e-06,0.192182824295,0.685020959161,0.122280522591
847,0.237938420347,0.0442787678724,0.0963426661044,0.0158436988809,0.0143578887303,0.039160150743,0.389517437128,0.0192091534388,0.0190260910086,0.0549393405923,0.0124899126624,0.0568964724914,17,15,4,20,2.80138421328e-06,2.26912121276e-08,2.80138421328e-06,5.87227051953e-05,3.72922907349e-05,6.76137734335e-05,2.80138421328e-06,2.26912121276e-08,2.80138421328e-06,0.19238641947,0.685137393918,0.122301306923
848,0.0291506021704,0.0224721896099,0.131319355166,0.00112222881547,0.121952682286,0.189668720935,0.0173308562569,0.0147366707304,0.0623279048688,0.106179015752,0.166625619157,0.137114154253,17,15,4,20,3.24075705044e-06,2.62501321086e-08,3.24075705044e-06,2.80351975144e-05,8.15572739574e-05,1.826424803e-05,3.24075705044e-06,2.62501321086e-08,3.24075705044e-06,0.192370207457,0.68518000672,0.122308913575
849,0.0548112059189,0.0145979699988,0.124430220262,0.0877084645423,0.0460981070725,0.163531014821,0.0873997065805,0.114007779811,0.0493986456393,0.0142476457171,0.0624608063459,0.181308433291,17,15,4,20,0.000270391240454,2.19016904768e-06,0.000270391240454,0.0114772389846,0.00685169386045,0.000824993533761,0.000270391240454,2.19016904768e-06,0.000270391240454,0.188448022333,0.671453465765,0.119858640223
850,0.0367277289516,0.132077346998,0.0153899850112,0.00570960628707,0.158339574895,0.249227879591,0.012061113573,0.0659267442394,0.0477815390205,0.100659296817,0.0524750366279,0.123624147988,17,15,4,20,1.42949364994e-06,1.15788985645e-08,1.42949364994e-06,1.51729206896e-05,4.99706604773e-06,2.89726219389e-05,1.42949364994e-06,1.15788985645e-08,1.42949364994e-06,0.192451411462,0.685184066522,0.122309638275
851,0.0506275323806,0.0528497972029,0.0507662879563,0.241259898982,0.0292831732528,0.0118380588063,0.0356086244251,0.0633681199667,0.045367653902,0.235477871272,0.0149669931982,0.168585988656,17,15,4,20,1.56749583668e-06,1.26967162771e-08,1.56749583668e-06,9.49676405226e-06,9.81271271525e-05,1.10368465756e-05,1.56749583668e-06,1.26967162771e-08,1.56749583668e-06,0.192375640283,0.68518890214,0.122310501463
852,0.166305677651,0.0157057490408,0.116538100711,0.0363494351049,0.141588345645,0.0593315641129,0.038153572476,0.118770638713,0.0231806867064,0.0328441445934,0.170258562799,0.0809735224459,17,15,4,20,2.92581213445e-05,2.3699078289e-07,2.92581213445e-05,0.00325504341962,0.00031464979984,0.000228235023025,2.92581213445e-05,2.3699078289e-07,2.92581213445e-05,0.191526890522,0.682692751751,0.121864923017
853,0.0800049851899,0.0340188549644,0.090161905754,0.0700250793029,0.190702663168,0.058924439612,0.0970680978897,0.140966079322,0.0100666419208,0.0279396598306,0.0353752902497,0.164746302796,17,15,4,20,0.000381006284599,3.08615090525e-06,0.000381006284599,0.0230892167177,0.00589316508148,0.00102710863651,0.000381006284599,3.08615090525e-06,0.000381006284599,0.186370793343,0.663627807473,0.118461711308
854,0.0150629558052,0.0463803621204,0.010647186999,0.00292919354008,0.238374351552,0.0739260279424,0.0113709161875,0.123073544328,0.200947978441,0.100909092456,0.150736192335,0.025642198293,17,15,4,20,0.000244401415482,1.9796514654e-06,0.000244401415482,0.0290192413184,0.00272751064081,0.00244096103181,0.000244401415482,1.9796514654e-06,0.000244401415482,0.185496320109,0.661290003286,0.118044398649
855,0.117349190387,0.0337018622953,0.0887115239842,0.0504544680828,0.0326226191362,0.234654332064,0.0163940371734,0.106079103581,0.000766264413773,0.0960963618729,0.195395306857,0.0277749301522,17,15,4,20,1.60293999191e-06,1.29838139344e-08,1.60293999191e-06,2.08674100636e-05,6.2208681147e-06,3.7170040401e-05,1.60293999191e-06,1.29838139344e-08,1.60293999191e-06,0.192412607136,0.685203575983,0.122313120835
856,0.0975815958953,0.0842289080094,0.216627243604,0.077436829938,0.218241486789,0.00889130604031,0.00282256440944,0.049432755621,0.0125254795457,0.0420910581121,0.0922250719518,0.0978957000838,17,15,4,20,0.000264449538497,2.14204126183e-06,0.000264449538497,0.0221261709272,0.00290496511274,0.002969839167,0.000264449538497,2.14204126183e-06,0.000264449538497,0.186847239124,0.665325027706,0.118764675727
857,0.0245060532671,0.0181182562589,0.0344210021982,0.0319140987569,0.12775928376,0.11851483079,0.0110520097064,0.307999831978,0.10956414971,0.0024003637888,0.0695689314225,0.144181188363,17,15,4,20,0.000336804531987,2.7281167091e-06,0.000336804531987,0.0143604313973,0.00438850514186,0.00500329727724,0.000336804531987,2.7281167091e-06,0.000336804531987,0.187514378118,0.668117554493,0.119263159212
858,0.016888278265,0.0232747158862,0.180664348965,0.141055555522,0.0814345211376,0.00384523459653,0.082894195692,0.0319752918548,0.0907431063373,0.235086307023,0.0905891964696,0.0215492482509,17,15,4,20,1.90284466146e-06,1.54130417578e-08,1.90284466146e-06,1.34624911123e-05,8.4006880977e-06,4.56389162513e-05,1.90284466146e-06,1.54130417578e-08,1.90284466146e-06,0.192254997824,0.685333538007,0.122336319869
859,0.0141481677963,0.252234866247,0.0899246403264,0.0537923341124,0.109115386451,0.113584672681,0.0295532591112,0.0571006377142,0.0413850411413,0.0432899057961,0.173283658724,0.0225874298992,17,15,4,20,0.000229677667844,1.86038910954e-06,0.000229677667844,0.0171118974982,0.00794919612044,0.00173630139327,0.000229677667844,1.86038910954e-06,0.000229677667844,0.187082179525,0.66626544748,0.118932546534
860,0.160385634171,0.0998323442102,0.139208859207,0.0304424954865,0.152008741563,0.0930158017379,0.181328060654,0.0614584362335,0.00126991518745,0.0338003009021,0.0295003041531,0.0177491064948,17,15,4,20,0.0016335320934,1.32316099566e-05,0.0016335320934,0.135142501082,0.0113170826568,0.0189635053378,0.0016335320934,1.32316099566e-05,0.0016335320934,0.159334415853,0.567397842377,0.101284061101
861,0.0745372707524,0.153017663894,0.0117709424428,0.233409537409,0.00699134921593,0.00540598277559,0.140324564526,0.0801362030745,0.0124893434595,0.0517207864562,0.172879045,0.0573173109947,17,15,4,20,7.92056740109e-07,6.41565959488e-09,7.92056740109e-07,4.88131405427e-05,2.98746251678e-05,2.36952734885e-06,7.92056740109e-07,6.41565959488e-09,7.92056740109e-07,0.192379942127,0.685219802204,0.122316017317
862,0.0544053865697,0.0714526856205,0.0575745020003,0.0614087094312,0.067959700653,0.0248730505437,0.0804549562747,0.0548910997175,0.0242250261462,0.0950503446782,0.346315937201,0.0613886011638,17,15,4,20,6.06035905829e-05,4.90889083721e-07,6.06035905829e-05,0.00257108586562,0.00135154311162,0.000317331744511,6.06035905829e-05,4.90889083721e-07,6.06035905829e-05,0.191616440561,0.682134865705,0.121765336871
863,0.173364793976,0.0607085648727,0.041353052067,0.101948387679,0.0150262127413,0.0822370072965,0.0247385605964,0.0599023976142,0.0280668735751,0.235734417185,0.156246779634,0.0206729527631,17,15,4,20,4.00703492243e-06,3.24569828717e-08,4.00703492243e-06,4.74232492871e-05,7.99034161497e-05,3.96517220894e-05,4.00703492243e-06,3.24569828717e-08,4.00703492243e-06,0.192270523972,0.685228783968,0.122317620618
864,0.0203688853822,0.0522438502187,0.202495962583,0.0300787982966,0.00441214539191,0.0173905420568,0.00764878097097,0.121321410403,0.0742819734033,0.138729620998,0.134473998109,0.196554032187,17,15,4,20,4.07758158207e-05,3.30284108148e-07,4.07758158207e-05,0.000546954298779,0.000301854253216,0.000634906310362,4.07758158207e-05,3.30284108148e-07,4.07758158207e-05,0.192112866602,0.684119965172,0.122119689533
865,0.185269593437,0.0151600861831,0.0242606800713,0.0391980255478,0.00345428373342,0.0339861394602,0.0852739911266,0.0159408231232,0.327120858781,0.00358104615308,0.131694676788,0.135059795595,17,15,4,20,5.96612102678e-06,4.83255803169e-08,5.96612102678e-06,2.20643778475e-05,8.55703592534e-05,0.000172693947457,5.96612102678e-06,4.83255803169e-08,5.96612102678e-06,0.192219443725,0.685169269535,0.12230699692
866,0.0774565537964,0.0540442221855,0.10766282014,0.0107531517372,0.0332984993616,0.144204710672,0.326087042094,0.0889925251623,0.0209771771449,0.027378063084,0.00389370849375,0.105251526128,17,15,4,20,1.34435040962e-07,1.08892383179e-09,1.34435040962e-07,1.46648825365e-06,6.45232379584e-07,3.57733565127e-07,1.34435040962e-07,1.08892383179e-09,1.34435040962e-07,0.192342301129,0.685320667157,0.122334022342
867,0.0133819190169,0.0186643039581,0.0701747643939,0.143146761586,0.0777136969498,0.152866306699,0.0760132937039,0.0712479868784,0.325060295568,0.0276762420152,0.00282229314664,0.0212321360845,17,15,4,20,0.00277094442775,2.24446498647e-05,0.00277094442775,0.12317640556,0.0420945178544,0.0173633670597,0.00277094442775,2.24446498647e-05,0.00277094442775,0.155046324419,0.5525560158,0.0986347022954
868,0.143421008314,0.0722282269961,0.00381268362873,0.017618190777,0.0868887259574,0.0081615337916,0.0261912010232,0.0475113287699,0.143655136353,0.35136727773,0.0395125040763,0.0596321825826,17,15,4,20,6.82935734994e-07,5.53177945345e-09,6.82935734994e-07,3.80573761668e-05,1.26183420323e-05,3.83663177591e-06,6.82935734994e-07,5.53177945345e-09,6.82935734994e-07,0.192301823778,0.685308984204,0.122331936862
869,0.0488728920262,0.0419080260783,0.171767858048,0.0414861713826,0.0149964571169,0.163685474877,0.351861942188,0.0153967100495,0.0469293777108,0.00224696886506,0.00532761044575,0.0955205112117,17,15,4,20,0.00091801359775,7.43591014177e-06,0.00091801359775,0.105707134025,0.0133814860726,0.00760465974929,0.00091801359775,7.43591014177e-06,0.00091801359775,0.167403491423,0.595852845514,0.106363457005
870,0.147028111682,0.0914767192672,0.0284340264991,0.0678566757301,0.076845380866,0.118515787194,0.023682079293,0.0166829459427,0.133865347346,0.0989264938289,0.031185023759,0.165501408593,17,15,4,20,0.000159703712887,1.29360007438e-06,0.000159703712887,0.0111208147522,0.00609556074498,0.000355260263705,0.000159703712887,1.29360007438e-06,0.000159703712887,0.188670554034,0.672984473483,0.12013193467
871,0.130952996906,0.0366647899986,0.00281185748063,0.239134935223,0.0266646995835,0.0782584274904,0.0356055065585,0.00706019092269,0.0151244055404,0.0220945990452,0.333511661862,0.0721159293896,17,15,4,20,5.67989128297e-05,4.60071193921e-07,5.67989128297e-05,0.011165807699,0.0033197180197,0.00115052283876,5.67989128297e-05,4.60071193921e-07,5.67989128297e-05,0.189425767051,0.674336745009,0.120373323589
872,0.16189662274,0.0588775671288,0.157192481731,0.0747962284459,0.15548102456,0.0998636545635,0.0292585852962,0.0867633266382,0.0649939643089,0.011531504937,0.092257557679,0.00708748197056,17,15,4,20,2.26163032292e-07,1.83192056156e-09,2.26163032292e-07,1.44898328709e-06,3.14171290802e-07,1.34151601491e-06,2.26163032292e-07,1.83192056156e-09,2.26163032292e-07,0.192415302295,0.685257871749,0.122322812969
873,0.042352685349,0.14751845946,0.0398299231006,0.342062809206,0.0964452548073,0.0242508298639,0.0136898001781,0.0380594425109,0.000375579656306,0.119681628211,0.0481520516379,0.0875815360193,17,15,4,20,0.000278120743044,2.25277801866e-06,0.000278120743044,0.025884000874,0.00801409991987,0.00164574675943,0.000278120743044,2.25277801866e-06,0.000278120743044,0.185314947635,0.660178269129,0.117845947154
874,0.10626098482,0.10357821622,0.0976558215156,0.00685227583572,0.303144532628,0.00808386166025,0.191193839824,0.0684403200254,0.0114983736827,0.0585003465405,0.00382261198426,0.0409688152643,17,15,4,20,0.000622896064203,5.04545812004e-06,0.000622896064203,0.0598998778294,0.0334997271457,0.000842932990555,0.000622896064203,5.04545812004e-06,0.000622896064203,0.173756506296,0.619003319299,0.110495961266
875,0.0452791762533,0.0639211378726,0.0415236528663,0.190230306477,0.113722643036,0.045951504682,0.0794669001311,0.18613218642,0.0955876367584,0.0127678947319,0.113266814266,0.0121501465041,17,15,4,20,5.05469814015e-06,4.09430549352e-08,5.05469814015e-06,0.000109014619047,3.96420622476e-05,1.61023786075e-05,5.05469814015e-06,4.09430549352e-08,5.05469814015e-06,0.192382722295,0.685131892993,0.122300324974
876,0.0679522138711,0.0797938273431,0.0113289904837,0.0819537237568,0.0811295849596,0.0518948005751,0.0523646839774,0.0292134517711,0.301682712844,0.177288840782,0.00509644153014,0.0603007281062,17,15,4,20,0.000348519008733,2.82300397074e-06,0.000348519008733,0.0271071742218,0.00280162235432,0.00308585236321,0.000348519008733,2.82300397074e-06,0.000348519008733,0.185684471514,0.66178788403,0.118133273474
877,0.319810660832,0.0221137890104,0.0305418829553,0.197170874991,0.0775732595467,0.0839347089902,0.0457176582203,0.0387771625222,0.0721507652919,0.0444724413822,0.0451445328426,0.022592263415,17,15,4,20,0.000604781623323,4.89873114891e-06,0.000604781623323,0.0949713062733,0.0164015553817,0.00584367569372,0.000604781623323,4.89873114891e-06,0.000604781623323,0.169328933163,0.603327819036,0.107697786497
878,0.0854109724451,0.310029680356,0.0164817890759,0.0671056955841,0.0247087062739,0.0898032964259,0.0773421419219,0.226187503277,0.0136980595225,0.0705218300036,0.0168548344068,0.00185549070705,17,15,4,20,7.73079324133e-06,6.26194252548e-08,7.73079324133e-06,0.000256054430658,0.000171937596377,6.60728088393e-05,7.73079324133e-06,6.26194252548e-08,7.73079324133e-06,0.1921576288,0.685034345768,0.122282912184
879,0.018667511614,0.10010661113,0.00412753434235,0.182222326105,0.0543699134425,0.107699548408,0.122555467494,0.0281001682728,0.0846148538124,0.122024596367,0.161768244148,0.0137432248632,17,15,4,20,0.000169093260357,1.36965540889e-06,0.000169093260357,0.0201439197479,0.00727721418653,0.000754411359275,0.000169093260357,1.36965540889e-06,0.000169093260357,0.186887470016,0.665467724366,0.118790147973
880,0.0736448018568,0.0692240488011,0.133590461835,0.0209911294532,0.00680194302795,0.208810540712,0.0916662997478,0.0285526120624,0.133850653435,0.0941625094461,0.0836470925614,0.0550579070608,17,15,4,20,0.000215948708436,1.74918453833e-06,0.000215948708436,0.00826715933529,0.00215040797241,0.00379301627232,0.000215948708436,1.74918453833e-06,0.000215948708436,0.189371996673,0.675049560869,0.120500565675
881,0.0820034531056,0.057364336652,0.0867561001669,0.0604390786483,0.240790387822,0.118497809516,0.0571089082987,0.0414221315154,0.020391495983,0.168714071237,0.063719511314,0.00279271574087,17,15,4,20,8.03534598429e-07,6.50863024728e-09,8.03534598429e-07,1.05210708194e-05,2.8358512825e-05,1.01603831987e-06,8.03534598429e-07,6.50863024728e-09,8.03534598429e-07,0.192493470157,0.685158357934,0.122305049131
882,0.170676228171,0.0053094332298,0.123664334136,0.053383476756,0.00358316609558,0.0184864824842,0.0317591155533,0.117248033451,0.160585720626,0.270028598367,0.0398348960593,0.00544051507016,17,15,4,20,7.42580208468e-06,6.01489968859e-08,7.42580208468e-06,4.89264468483e-05,0.000195691117361,0.000146426332665,7.42580208468e-06,6.01489968859e-08,7.42580208468e-06,0.192377331842,0.684936376667,0.122265424087
883,0.0958603135155,0.0405565449674,0.171778796258,0.0622744046273,0.112305294999,0.137712213684,0.0185203942983,0.00761414444839,0.136912648361,0.0460059297947,0.133571158916,0.0368881561291,17,15,4,20,1.01446330614e-05,8.21715277973e-08,1.01446330614e-05,1.53193380022e-05,3.46845552494e-05,0.000215182894277,1.01446330614e-05,8.21715277973e-08,1.01446330614e-05,0.192296403052,0.685102575642,0.122295091643
884,0.0252751919037,0.162911021902,0.00242202575021,0.00496292973217,0.0231641704728,0.153841620153,0.079689491475,0.0689292535791,0.296563508913,0.118825667875,0.0315925697718,0.0318225484727,17,15,4,20,4.62695586932e-06,3.74783425415e-08,4.62695586932e-06,4.7394350201e-05,0.000188954805919,6.71622151772e-06,4.62695586932e-06,3.74783425415e-08,4.62695586932e-06,0.192298344406,0.685138502605,0.122301504831
885,0.0261192274556,0.0586378802235,0.052262884716,0.0557576205912,0.29016324129,0.0613437583248,0.126184552691,0.00403457967089,0.179597049401,0.0100020792369,0.0855780598122,0.0503190665872,17,15,4,20,0.000645735584901,5.2304582377e-06,0.000645735584901,0.0438892245588,0.00579412835161,0.00772907486257,0.000645735584901,5.2304582377e-06,0.000645735584901,0.18080082964,0.644199671687,0.114993667644
886,0.320135407457,0.0188392751151,0.0151069674528,0.118160271339,0.0503653742189,0.0816168525877,0.0500292091123,0.169321863604,0.0343947960293,0.00279396681577,0.0277281082881,0.111507907981,17,15,4,20,1.43277361953e-05,1.16054663182e-07,1.43277361953e-05,7.42589476295e-05,0.000271436862996,1.99685604975e-05,1.43277361953e-05,1.16054663182e-07,1.43277361953e-05,0.192304869293,0.68499587786,0.122276045422
887,0.226431008235,0.0161886327901,0.00265960761906,0.261694651578,0.0221209986428,0.0529555992527,0.0704317342389,0.0124906456151,0.0935258291315,0.0685404784166,0.112087946909,0.0608728675717,17,15,4,20,0.000361964648635,2.93191365394e-06,0.000361964648635,0.0323272468446,0.00633611945609,0.0022729767322,0.000361964648635,2.93191365394e-06,0.000361964648635,0.184257226829,0.656214345674,0.117138362042
888,0.0961130527702,0.084340064991,0.0743574270329,0.0269903731024,0.129027778849,0.00587617099276,0.0704995678538,0.0102968602207,0.131881141809,0.0370575833771,0.151256945869,0.182303033133,17,15,4,20,9.27232694794e-05,7.51058482783e-07,9.27232694794e-05,0.00648328047037,0.00209597970998,0.000789058789796,9.27232694794e-05,7.51058482783e-07,9.27232694794e-05,0.190469533493,0.678647018073,0.12114273427
889,0.187769948354,0.0317098542842,0.183646339441,0.020033879323,0.0829275432456,0.00899216708517,0.0440555246287,0.173080476898,0.0311315162027,0.127284841009,0.0162733466147,0.0930945629141,17,15,4,20,0.000219049822491,1.77430356218e-06,0.000219049822491,0.0135989821758,0.00473507787481,0.00336326816348,0.000219049822491,1.77430356218e-06,0.000219049822491,0.187831930138,0.669993047344,0.119597946407
890,0.162758105264,0.0538045309216,0.110841981259,0.0247589921734,0.011983039205,0.0793869894779,0.0339421029931,0.143844254054,0.0858556616572,0.158622543788,0.0322427052807,0.101959093926,17,15,4,20,0.000101037080302,8.18400350447e-07,0.000101037080302,0.00210376062041,0.00279895468847,0.000857420355273,0.000101037080302,8.18400350447e-07,0.000101037080302,0.191085563173,0.681157623085,0.121590892956
891,0.249379078305,0.0399897220581,0.0656131865533,0.0379546697251,0.0388459707707,0.0418565715795,0.00161679328071,0.0400931170329,0.00370995560763,0.292195436504,0.135447438842,0.0532980597418,17,15,4,20,5.30801014706e-05,4.29948821912e-07,5.30801014706e-05,0.00205158249002,0.000806203084085,0.000884199190328,5.30801014706e-05,4.29948821912e-07,5.30801014706e-05,0.191655057266,0.682550285725,0.121839491941
892,0.0683223287693,0.0176768648685,0.0364377838089,0.0130829459692,0.139103192132,0.33489405483,0.00122349858353,0.279721773542,0.0111223827224,0.0593842832313,0.0337572425112,0.00527364903212,17,15,4,20,5.26822346196e-06,4.26726100419e-08,5.26822346196e-06,0.000159361849164,0.000175661905441,7.52729362676e-05,5.26822346196e-06,4.26726100419e-08,5.26822346196e-06,0.192338932349,0.684959976004,0.122269636717
893,0.151938920723,0.026483337292,0.0649223864542,0.0253687538805,0.152676647988,0.0632995616273,0.0497996807982,0.120607999358,0.0381434564847,0.0376505859293,0.116174497466,0.152934171999,17,15,4,20,4.42513912768e-05,3.58436269342e-07,4.42513912768e-05,0.00253477395322,0.000529174796231,0.000519110192517,4.42513912768e-05,3.58436269342e-07,4.42513912768e-05,0.191730804548,0.682650952485,0.121857461587
894,0.222113668987,0.0263257278747,0.0659735401718,0.0752233029446,0.0362205733386,0.0400269016208,0.0191492316658,0.187520452427,0.00158753729886,0.16307419107,0.0865773495325,0.0762075230697,17,15,4,20,2.97054301509e-05,2.40613984222e-07,2.97054301509e-05,0.000921575053971,0.00317249483167,0.000130217753837,2.97054301509e-05,2.40613984222e-07,2.97054301509e-05,0.191435955595,0.682406609059,0.121813844758
895,0.00246637724849,0.0786822284263,0.0286311826431,0.391797286393,0.095029914402,0.0405984792611,0.0727402726988,0.0226370563543,0.0320347263781,0.121780647933,0.0129359788597,0.100665849402,17,15,4,20,1.28231910782e-06,1.03867847733e-08,1.28231910782e-06,5.36083503001e-06,5.9591251309e-06,5.76661565528e-06,1.28231910782e-06,1.03867847733e-08,1.28231910782e-06,0.192424019345,0.685235011719,0.122318732311
896,0.15538476223,0.00977674838247,0.141825203728,0.256091228079,0.0237434993048,0.0257180860919,0.030463961394,0.14925322928,0.02132412685,0.0938207694116,0.089562631191,0.00303575405721,17,15,4,20,4.04110292009e-08,3.27329336527e-10,4.04110292009e-08,7.57145284204e-07,1.10322480643e-07,2.35332934249e-07,4.04110292009e-08,3.27329336527e-10,4.04110292009e-08,0.192428897211,0.685248667701,0.122321169989
897,0.0276188430356,0.164928762911,0.0246450262404,0.102057399969,0.235302944651,0.0893711682561,0.0936071126891,0.223480485871,0.0101641381537,0.00814078828517,0.00879882762368,0.0118845023146,17,15,4,20,2.99035305062e-05,2.422185971e-07,2.99035305062e-05,0.000369764373257,0.000463198196278,0.000157539306338,2.99035305062e-05,2.422185971e-07,2.99035305062e-05,0.191932142973,0.684728873175,0.122228383417
898,0.0561750978603,0.152789157018,0.276101574421,0.104883971309,0.00694203604796,0.167264771793,0.0280607241919,0.0258391476317,0.0683223202291,0.0085723633828,0.0325484913266,0.0725003447892,17,15,4,20,8.69769403426e-07,7.04513216775e-09,8.69769403426e-07,1.15127243765e-05,2.09588062672e-05,1.65987236218e-06,8.69769403426e-07,7.04513216775e-09,8.69769403426e-07,0.192482888328,0.685172002355,0.122307484745
899,0.0987735151786,0.00446553075923,0.105860699826,0.0467671421016,0.001985719684,0.164624929563,0.015298396416,0.299026970325,0.0580731592649,0.0788326146437,0.0258146618235,0.100476660415,17,15,4,20,0.000234944176327,1.90304782825e-06,0.000234944176327,0.017948994817,0.00897240330179,0.00124767406648,0.000234944176327,1.90304782825e-06,0.000234944176327,0.186875830947,0.665258681544,0.118752832522
900,0.191305370734,0.0317484682737,0.217406643997,0.28869137642,0.00709052166988,0.109131361956,0.0013342801856,0.0687102400859,0.00659151988044,0.0483803511505,0.0209812026903,0.00862866295657,17,15,4,20,6.96041435641e-06,5.6379356287e-08,6.96041435641e-06,7.40477596267e-05,1.83650273519e-05,0.000175671255546,6.96041435641e-06,5.6379356287e-08,6.96041435641e-06,0.192375915751,0.685043499591,0.122284546199
901,0.0912702940418,0.269120799931,0.0307231223333,0.040861514915,0.000958619748424,0.0292602043196,0.0849882180141,0.09268078563,0.0412414377611,0.00344051288419,0.156663537541,0.15879095288,17,15,4,20,6.56124288646e-05,5.31460673803e-07,6.56124288646e-05,0.00147770301517,0.00225016464749,0.000500216636935,6.56124288646e-05,5.31460673803e-07,6.56124288646e-05,0.191564826755,0.682171669695,0.121771906614
902,0.00826848813709,0.07716401033,0.0145969437975,0.130147679731,0.0448448345779,0.0484935629409,0.0253783140839,0.0497174386003,0.107746145494,0.430822173481,0.0467353337072,0.0160850751189,17,15,4,20,9.64290166325e-07,7.81075034723e-09,9.64290166325e-07,9.85090942388e-06,2.16183847438e-05,1.03687754135e-06,9.64290166325e-07,7.81075034723e-09,9.64290166325e-07,0.19247121767,0.685182962225,0.122309441151
903,0.0272204335571,0.0204470508227,0.0791696630746,0.222700180973,0.230089259244,0.0238385365428,0.0100663040583,0.210711651462,0.05161837252,0.0225692350443,0.0359610257253,0.0656082869745,17,15,4,20,1.52221848084e-05,1.23299696948e-07,1.52221848084e-05,1.16720882995e-05,0.000295513351621,1.02647157645e-05,1.52221848084e-05,1.23299696948e-07,1.52221848084e-05,0.19240428448,0.684949384041,0.122267745985
904,0.0207474767057,0.0451838042265,0.290116575324,0.0514950304616,0.119793728276,0.113344182965,0.160328643966,0.0482496428178,0.083605063553,0.0186825437673,0.043978024203,0.00447528373405,17,15,4,20,4.07757002537e-07,3.30283172055e-09,4.07757002537e-07,5.09398254074e-06,2.51827608879e-06,2.10497192475e-06,4.07757002537e-07,3.30283172055e-09,4.07757002537e-07,0.192279951885,0.685366491057,0.122342202194
905,0.000439071754611,0.0739603200553,0.0106581821453,0.0699245205672,0.0514672583118,0.0454561077487,0.262078899773,0.138765030294,0.0191618791792,0.0872764443559,0.102755734798,0.138056551017,17,15,4,20,2.14910847475e-06,1.74077786455e-08,2.14910847475e-06,1.63347200105e-05,4.92798976561e-05,2.93431429155e-06,2.14910847475e-06,1.74077786455e-08,2.14910847475e-06,0.192240981373,0.685343703901,0.122338134545
906,0.0235780879341,0.000735228913352,0.0834737756173,0.0114615495541,0.097577497775,0.184751902742,0.0276734368433,0.170467873445,0.0399164782656,0.280745205212,0.0638753503448,0.0157436133529,17,15,4,20,8.74559615294e-08,7.08393288388e-10,8.74559615294e-08,6.2943338616e-06,2.44326402745e-06,7.66477262671e-07,8.74559615294e-08,7.08393288388e-10,8.74559615294e-08,0.192353396283,0.685305443566,0.122331304836
907,0.0369180043035,0.0289862960587,0.135134180314,0.00243913713255,0.340799505819,0.0311414762757,0.00929566894766,0.202114123738,0.0257975480282,0.0430077276983,0.130058178067,0.0143081536167,17,15,4,20,9.55593223474e-06,7.74030511014e-08,9.55593223474e-06,0.000265027654859,0.000118335841865,0.000236814449077,9.55593223474e-06,7.74030511014e-08,9.55593223474e-06,0.192234314424,0.684856044756,0.122251084339
908,0.0707960667167,0.0843709191545,0.0457074137353,0.0549812041419,0.0043502555591,0.0179478805325,0.310343005561,0.237464517287,0.151628990061,0.012248657247,0.00935646184383,0.000804628159671,17,15,4,20,3.92593278303e-05,3.18000555425e-07,3.92593278303e-05,0.000178494325558,0.00137412985609,0.000893566536341,3.92593278303e-05,3.18000555425e-07,3.92593278303e-05,0.191748137502,0.683617926054,0.122030072413
909,0.0602147418165,0.0907388294428,0.083480054129,0.0261754420894,0.0128943041739,0.101950666525,0.208713437819,0.0486562215527,0.00516251962769,0.0520306232972,0.0762758640597,0.233707295467,17,15,4,20,6.59474227779e-06,5.34174124501e-08,6.59474227779e-06,9.78504047246e-06,2.78902249838e-05,2.30689606512e-05,6.59474227779e-06,5.34174124501e-08,6.59474227779e-06,0.192474005267,0.685137448107,0.122301316596
910,0.0159404763079,0.110061080063,0.0519571076061,0.0343814296739,0.170535115272,0.07640116213,0.0658814764776,0.0127319585497,0.0631038236393,0.00193221783374,0.0365547700602,0.360519382386,17,15,4,20,0.000129209156092,1.04659416435e-06,0.000129209156092,0.0148770715536,0.00285494389257,0.0015437752422,0.000129209156092,1.04659416435e-06,0.000129209156092,0.18866921283,0.671643503519,0.11989256315
911,0.0428611031824,0.178997668268,0.00891952061438,0.0156953878505,0.34365147541,0.0262970375842,6.0243045433e-05,0.0837119094011,0.0829643852568,0.0395670372087,0.0385143689538,0.138759863224,17,15,4,20,6.90867187493e-06,5.59602421869e-08,6.90867187493e-06,3.19911620925e-05,0.000173804904507,3.8640340774e-05,6.90867187493e-06,5.59602421869e-08,6.90867187493e-06,0.192444712298,0.685005365637,0.12227773905
912,0.100075640415,0.0766308391756,0.0181041692815,0.106950426269,0.209034764837,0.0855531007692,0.1969739626,0.0541000443955,0.0887895031473,0.0240805809729,0.0390213054717,0.000685662664944,17,15,4,20,1.02328061298e-05,8.28857296515e-08,1.02328061298e-05,2.63156363412e-05,0.000175185967658,2.09327357489e-05,1.02328061298e-05,8.28857296515e-08,1.02328061298e-05,0.192453009589,0.685005666347,0.122277792728
913,0.119645504155,0.223213987441,0.00435884092859,0.106169737698,0.124082108072,0.107898391667,0.0582248123346,0.0047769812954,0.0389791278727,0.100602350163,0.0732873378875,0.0387608204868,17,15,4,20,2.91316304116e-07,2.35966206334e-09,2.91316304116e-07,2.15784617745e-05,7.59439120002e-06,1.55448442439e-06,2.91316304116e-07,2.35966206334e-09,2.91316304116e-07,0.192407240834,0.685241051411,0.122319810433
914,0.0714912386185,0.0235406445287,0.096785326273,0.0361849906426,0.339863001749,0.0160929747236,0.0318325276495,0.0291299747389,0.0531498941799,0.199502350877,0.00444356375946,0.0979835122593,17,15,4,20,0.00011044486974,8.94603444894e-07,0.00011044486974,0.013687028296,0.00628904825685,0.000328274044658,0.00011044486974,8.94603444894e-07,0.00011044486974,0.188268981422,0.671174293131,0.119808806163
915,0.0541894171406,0.0213634827007,0.117021614251,0.0337251116912,0.137006350781,0.000435258299754,0.0166473109026,0.120589696741,0.0324121591003,0.0460371426667,0.311787445468,0.108785010258,17,15,4,20,2.91761042319e-05,2.36326444279e-07,2.91761042319e-05,0.00178738259635,0.00127273037308,0.000170717732472,2.91761042319e-05,2.36326444279e-07,2.91761042319e-05,0.191771892435,0.68296633963,0.121913760164
916,0.0776164957844,0.00358475719253,0.00386691774393,0.0201982096639,0.168512685833,0.255635015975,0.00411043332205,0.203662489845,0.033137750488,0.0360604592583,0.158907395342,0.034707389552,17,15,4,20,1.16101700923e-06,9.40423777476e-09,1.16101700923e-06,5.65759024862e-05,4.77651228457e-05,1.91770378025e-06,1.16101700923e-06,9.40423777476e-09,1.16101700923e-06,0.192304064706,0.685261545018,0.12232346867
917,0.0486370011323,0.0184764607193,0.0396854919413,0.00958565981303,0.150322416997,0.110819556161,0.00675280794377,0.0319761840188,0.0834747334908,0.0950388760138,0.316925949345,0.0883048624235,17,15,4,20,4.12892800426e-05,3.34443168345e-07,4.12892800426e-05,0.00302258085245,0.000907350553218,0.000198726428519,4.12892800426e-05,3.34443168345e-07,4.12892800426e-05,0.190893951516,0.682908185377,0.121903379266
918,0.016299907591,0.122822542911,0.0298189659826,0.0625630376998,0.0247055453216,0.135579060228,0.00417106860948,0.452741264677,0.0334262351374,0.00363883341465,0.0940067580722,0.0202267803553,17,15,4,20,6.96252274216e-07,5.63964342115e-09,6.96252274216e-07,7.38889820133e-06,9.78264180912e-06,2.28096906767e-06,6.96252274216e-07,5.63964342115e-09,6.96252274216e-07,0.192137762567,0.685477899362,0.122362089273
919,0.0193601902845,0.00098029361924,0.0705207667837,0.0684767634756,0.134417342336,0.0661935229619,0.0363806094914,0.140988052222,0.0408935659305,0.165447318333,0.176990482142,0.0793510924202,17,15,4,20,6.58245953057e-06,5.33179221976e-08,6.58245953057e-06,1.26450548632e-05,0.000149015782988,3.77877663171e-05,6.58245953057e-06,5.33179221976e-08,6.58245953057e-06,0.192383755251,0.685096374899,0.122293984772
920,0.108230509447,0.0103406474483,0.184658667245,0.134084106138,0.0296343691385,0.0169467586039,0.12132790664,0.23442046271,0.092674794952,0.00586126148056,0.0106541067441,0.0511664094534,17,15,4,20,0.00123311784908,9.98825457754e-06,0.00123311784908,0.0765669949892,0.0506485811729,0.00711237735252,0.00123311784908,9.98825457754e-06,0.00123311784908,0.1656024672,0.589828973228,0.105288158152
921,0.0971919203441,0.138462417274,0.119136551766,0.222450113371,0.155961676482,0.0159509436263,0.0691014211443,0.00152271287201,0.0607818667677,0.0340031856431,0.0294474803542,0.0559897103553,17,15,4,20,4.57738279589e-06,3.70768006467e-08,4.57738279589e-06,5.52214534403e-05,0.000248758419655,2.53136990619e-05,4.57738279589e-06,3.70768006467e-08,4.57738279589e-06,0.192354443111,0.685017902647,0.122279976984
922,0.0185073636281,0.0389559858745,0.0326103233701,0.179456000881,0.101662582402,0.347102700057,0.00195976834667,0.0595680200873,0.0504636222002,0.0687060887868,0.0705558514468,0.0304516929197,17,15,4,20,3.05513497007e-06,2.47465932575e-08,3.05513497007e-06,0.000153306426126,5.11839231729e-05,8.11657886652e-05,3.05513497007e-06,2.47465932575e-08,3.05513497007e-06,0.192278204427,0.685124808971,0.122299060431
923,0.00237366792475,0.109897709711,0.101390456745,0.0401077793309,0.256050092865,0.109837175162,0.0290139818851,0.0281640422217,0.0461562594347,0.204851363549,0.0289852069719,0.0431722642002,17,15,4,20,4.26064094774e-06,3.45111916767e-08,4.26064094774e-06,9.86001601424e-05,0.000189832108716,8.33425741343e-06,4.26064094774e-06,3.45111916767e-08,4.26064094774e-06,0.192409505015,0.684999860521,0.122276756352
924,0.0278210918674,0.131505828938,0.34481734213,0.0277863101705,0.0250271657571,0.0527372765235,0.0774280387285,0.0382752611602,0.00616842513215,0.0921819736494,0.0312934112169,0.144957874726,17,15,4,20,9.8799116578e-05,8.00272844282e-07,9.8799116578e-05,0.00424615750714,0.00251735485988,0.00240662867789,9.8799116578e-05,8.00272844282e-07,9.8799116578e-05,0.190527099317,0.678745626191,0.121160336435
925,0.0459124363097,0.0579901147637,0.0729506509444,0.0255635119316,0.0231623197626,0.137271965731,0.0122860668625,0.0170612900799,0.340776870059,0.0637924062437,0.0131446392439,0.190087728069,17,15,4,20,5.6562766908e-06,4.58158411955e-08,5.6562766908e-06,6.31329839497e-05,0.000160610499887,6.31854262908e-06,5.6562766908e-06,4.58158411955e-08,5.6562766908e-06,0.192342100259,0.685108900335,0.122296220641
926,0.00691069381242,0.302593813602,0.179314489921,0.0146471515821,0.00458864950791,0.033229925527,0.00917931370868,0.0139019504442,0.117143780257,0.206489023978,0.00889226064569,0.103108947014,17,15,4,20,5.59849741457e-05,4.5347829058e-07,5.59849741457e-05,0.00243279285361,0.00313951482569,0.000203958516738,5.59849741457e-05,4.5347829058e-07,5.59849741457e-05,0.191201792205,0.68119884366,0.121598251086
927,0.00195450111011,0.0782113004973,0.0731638792536,0.0158961841758,0.019151163756,0.0567666471301,0.289489545862,0.0293823995806,0.109615853956,0.0870347165951,0.107766964449,0.131566843635,17,15,4,20,0.00019219180968,1.55675365841e-06,0.00019219180968,0.00625182905249,0.00337830342698,0.000267272883771,0.00019219180968,1.55675365841e-06,0.00019219180968,0.190272392587,0.678026375595,0.121031945709
928,0.0497906934688,0.0816195641898,0.145863531211,0.0169872071095,0.0131827297751,0.00683476495419,0.00794225748298,0.236889240659,0.0368336062287,0.0681596414305,0.172042200094,0.163854563396,17,15,4,20,5.25758341462e-05,4.25864256584e-07,5.25758341462e-05,0.00222717218584,0.00178476122473,0.000340285285938,5.25758341462e-05,4.25864256584e-07,5.25758341462e-05,0.19117398507,0.682442406367,0.121820234802
929,0.0640111730087,0.055027784176,0.084504246199,0.0780399290998,0.132647213319,0.0540448281568,0.0670100356103,0.14797431646,0.00856778056299,0.0784330363292,0.161689454841,0.0680502022374,17,15,4,20,0.000126823285188,1.02726861002e-06,0.000126823285188,0.00981366457823,0.00548150335431,0.000750623754696,0.000126823285188,1.02726861002e-06,0.000126823285188,0.189292894305,0.673863177501,0.120288788829
930,0.0441972082233,0.190115342987,0.0369772883172,0.0126436358587,0.00352139803704,0.0753742499333,0.17665068027,0.125835828497,0.0171644918538,0.0569191795745,0.101491914753,0.159108781695,17,15,4,20,0.000204477842821,1.65627052685e-06,0.000204477842821,0.0147751361304,0.0023023810862,0.00246649274858,0.000204477842821,1.65627052685e-06,0.000204477842821,0.188268023448,0.671499826729,0.119866915945
931,0.00261563425246,0.19546313162,0.0410033601828,0.00290524192077,0.0537735206452,0.290940790465,0.113502121693,0.0960210855711,0.00452351300998,0.0111533899775,0.0865708528029,0.10152735786,17,15,4,20,0.000232689279,1.8847831599e-06,0.000232689279,0.00151650515268,0.00549150925765,0.000366546983777,0.000232689279,1.8847831599e-06,0.000232689279,0.190742927995,0.679629814376,0.121318169552
932,0.126718734478,0.0517735663269,0.0506186810214,0.232313638593,0.012262785495,0.027584968732,0.016498946986,0.192314969353,0.00651936353252,0.196814785737,0.0753280427036,0.0112515170415,17,15,4,20,1.04578009408e-06,8.47081876208e-09,1.04578009408e-06,5.09336570436e-06,7.74717889462e-06,1.34356512434e-05,1.04578009408e-06,8.47081876208e-09,1.04578009408e-06,0.192433561237,0.68521992353,0.122316038975
933,0.0512208585051,0.0209020267683,0.200828112657,0.0745225693517,0.037930670111,0.0210680029403,0.00937253015646,0.0423364613433,0.32336973243,0.0212675213826,0.148330377221,0.0488511371332,17,15,4,20,0.000119527336778,9.68171427905e-07,0.000119527336778,0.000916043272298,0.00456717405505,0.000155082557654,0.000119527336778,9.68171427905e-07,0.000119527336778,0.191094781289,0.681190170299,0.121596702837
934,0.0273940451245,0.0415734330773,0.0523346873609,0.116124020809,0.0769490535685,0.0717650911784,0.190604831967,0.00702854307161,0.0870844755806,0.0144968633709,0.219315293636,0.0953296612547,17,15,4,20,0.000101785910475,8.24465874849e-07,0.000101785910475,0.00517023132964,0.00357078127484,0.00148845894057,0.000101785910475,8.24465874849e-07,0.000101785910475,0.190382023268,0.677959673624,0.12102003899
935,0.126242211009,0.0449571195355,0.065061770654,0.0194867698124,0.272605360417,0.0677275558145,0.0424752178734,0.239440033115,0.0100089883599,0.0109585180474,0.0819559212466,0.0190805341152,17,15,4,20,3.74502123353e-08,3.03346719916e-10,3.74502123353e-08,1.62757775358e-06,5.45985445339e-07,1.067154235e-07,3.74502123353e-08,3.03346719916e-10,3.74502123353e-08,0.192342589042,0.685320913887,0.122334066385
936,0.0295572364862,0.0101928817815,0.0281654444071,0.246519417708,0.215141735546,0.00149575876961,0.0854410038509,0.0930369478306,0.101263020829,0.0508225875312,0.0181619083087,0.120202056951,17,15,4,20,9.88519539798e-07,8.00700827236e-09,9.88519539798e-07,1.13754223141e-05,1.4151060511e-05,2.28052320822e-06,9.88519539798e-07,8.00700827236e-09,9.88519539798e-07,0.192421246891,0.68522926884,0.122317707171
937,0.0606899617901,0.00323201887333,0.0613514277187,0.0213797125682,0.0161517759436,0.0850630024539,0.00652678793298,0.15727184433,0.0822494873424,0.0241383585461,0.157856761396,0.324088861104,17,15,4,20,6.92099832832e-05,5.60600864594e-07,6.92099832832e-05,0.00544173390462,0.00081010848323,0.00094553035504,6.92099832832e-05,5.60600864594e-07,6.92099832832e-05,0.191001839288,0.680117586847,0.121405239987
938,0.205845696684,0.00252269824187,0.111060610653,0.0298522384449,0.080599057303,0.105704316915,0.0908140351582,0.140485180589,0.0359481158305,0.0645752323403,0.03174546552,0.10084735232,17,15,4,20,8.92775921483e-05,7.23148496401e-07,8.92775921483e-05,0.010711121542,0.00370339361793,0.000382267344655,8.92775921483e-05,7.23148496401e-07,8.92775921483e-05,0.18935276759,0.67500014806,0.12049174518
939,0.221226235375,0.23547482381,0.0295321939767,0.0544052028312,0.133934643073,0.0169522451205,0.0760012239405,0.00321487134223,0.070494810859,0.0470187092434,0.0790788015339,0.0326662388957,17,15,4,20,1.29681692117e-08,1.05042170614e-10,1.29681692117e-08,3.31346654614e-06,5.13218543691e-08,1.21283667589e-07,1.29681692117e-08,1.05042170614e-10,1.29681692117e-08,0.192491754196,0.685193402792,0.122311304857
940,0.0955525364669,0.0599496676264,0.199346145793,0.486107111301,0.0327319694683,0.00373692038365,0.0246226028659,0.0125911559238,0.0483000354624,0.0175172347707,9.34698755428e-06,0.0195352729499,17,15,4,20,0.00293490023928,2.37726919381e-05,0.00293490023928,0.121019186965,0.0608302057223,0.0317453098189,0.00293490023928,2.37726919381e-05,0.00293490023928,0.149097494873,0.530774152686,0.094746503593
941,0.035532084789,0.0655054468382,0.0624294982822,0.0607930263997,0.0061333233761,0.297400644964,0.0860773162823,0.0548867293114,0.0815765746922,0.109260809096,0.101508332491,0.0388962134772,17,15,4,20,0.000459044841155,3.71826321336e-06,0.000459044841155,0.0164221218967,0.00391777977274,0.00158232876934,0.000459044841155,3.71826321336e-06,0.000459044841155,0.187838229609,0.668978992738,0.119416931322
942,0.130386584067,0.0019243062337,0.23640322196,0.0110585648246,0.0950841401822,0.0892686683932,0.130562092423,0.0208361429329,0.0052056633989,0.000724989615915,0.140432296137,0.138113329832,17,15,4,20,8.74751203177e-07,7.08548474573e-09,8.74751203177e-07,4.47064679262e-05,3.14157897519e-05,4.75290659007e-06,8.74751203177e-07,7.08548474573e-09,8.74751203177e-07,0.19240767686,0.685196141132,0.122311793668
943,0.141741353721,0.427215502324,0.0020102418889,0.0255586418152,0.0186656411032,0.00713559295245,0.0742085991098,0.0563515828564,0.0519214414171,0.138097045387,0.0134506027961,0.0436437546292,17,15,4,20,2.7979741911e-06,2.26635909479e-08,2.7979741911e-06,6.51835650318e-05,2.58077090793e-05,3.1162599148e-05,2.7979741911e-06,2.26635909479e-08,2.7979741911e-06,0.192294474811,0.685250616271,0.122321517821
944,0.0169833006217,0.0762872065063,0.0520803351466,0.0374568017787,0.143830776953,0.0534899071185,0.144889804864,0.108380495087,0.264048052644,0.00746556096277,0.0523147313877,0.0427730269291,17,15,4,20,0.000865763420623,7.01268370705e-06,0.000865763420623,0.0844930693455,0.0164145250088,0.0157094339847,0.000865763420623,7.01268370705e-06,0.000865763420623,0.169361308601,0.60291965699,0.107624927021
945,0.209070622004,0.0311301331554,0.169939390604,0.0719488582859,0.101154912464,0.0543794976549,0.0656765202986,0.0576877391965,0.00421763297509,0.0388679675326,0.193901377428,0.00202534840058,17,15,4,20,0.000254933421457,2.0649607138e-06,0.000254933421457,0.0118356314296,0.00593652450314,0.00265644946576,0.000254933421457,2.0649607138e-06,0.000254933421457,0.188301055935,0.670549244061,0.119697230998
946,0.064542349309,0.0329725304875,0.019298424638,0.0254923452401,0.010380121638,0.152465398238,0.0226736049674,0.218001583204,0.298227345559,0.0833218027545,0.0315381270786,0.041086366886,17,15,4,20,0.000489498760413,3.96493995935e-06,0.000489498760413,0.0173147271912,0.00996980871729,0.00305568969284,0.000489498760413,3.96493995935e-06,0.000489498760413,0.186114338588,0.663195049572,0.118384461318
947,0.0710077730301,0.0396299837792,0.0850315057522,0.146099667563,0.0162436115985,0.143926507231,0.209845031969,0.018916747422,0.241152437794,0.00232282647978,0.00396427740338,0.021859629978,17,15,4,20,9.6604894372e-06,7.82499644413e-08,9.6604894372e-06,2.73978064659e-05,0.00010771062939,1.01830084054e-05,9.6604894372e-06,7.82499644413e-08,9.6604894372e-06,0.192230343919,0.685262013824,0.122323552355
948,0.348863957689,0.00740824285029,0.0866988064559,0.0306460850463,0.0163548438432,0.00607834365123,0.127946240402,0.0385194905937,0.0331398988857,0.206811657782,0.0494640232519,0.0480684095484,17,15,4,20,0.000153531190116,1.24360263994e-06,0.000153531190116,0.0128972951741,0.00454887358851,0.00077656657981,0.000153531190116,1.24360263994e-06,0.000153531190116,0.18871737292,0.672413302664,0.120029977109
949,0.0359418195329,0.0533217107285,0.0176063708692,0.0205603227602,0.133951653671,0.0779463966263,0.0754597250317,0.0618716716928,0.123902777978,0.244879615204,0.00761445606357,0.146943479842,17,15,4,20,9.61997398061e-05,7.7921789243e-07,9.61997398061e-05,0.002728209513,0.00167974532071,0.000463959217238,9.61997398061e-05,7.7921789243e-07,9.61997398061e-05,0.191344702885,0.681707904111,0.121689121558
950,0.0221186836058,0.0671879690359,0.229110334469,0.0561714947636,0.205463661548,0.0805926291476,0.017588021181,0.0966572706216,0.00427380578058,0.0420041276719,0.00132715658609,0.177504845588,17,15,4,20,0.000263764775617,2.1364946825e-06,0.000263764775617,0.0628079076792,0.00472494914556,0.00259455577722,0.000263764775617,2.1364946825e-06,0.000263764775617,0.178729187363,0.636470165469,0.113613902475
951,0.0535955270854,0.0103989214973,0.00507614537803,0.150367930144,0.145116753359,0.0354775060484,0.011265473868,0.14092547511,0.00631353820209,0.0490166509397,0.15261022529,0.239835853078,17,15,4,20,5.69981002776e-06,4.61684612249e-08,5.69981002776e-06,0.000302076918462,0.000225259096598,0.000104432946416,5.69981002776e-06,4.61684612249e-08,5.69981002776e-06,0.192262529789,0.684835408953,0.122247400719
952,0.0492974431104,0.117334137913,0.108798470737,0.0650595066843,0.178459972986,0.122548723601,0.00244107943808,0.0067174870621,0.137619335437,0.108644314615,0.0973647295847,0.00571479883106,17,15,4,20,5.59552027311e-06,4.53237142122e-08,5.59552027311e-06,2.61293692055e-05,0.00033377174188,3.23693871628e-05,5.59552027311e-06,4.53237142122e-08,5.59552027311e-06,0.19242228792,0.684903426565,0.122259542288
953,0.0110415598147,0.151533342591,0.0378773484965,0.103218204658,0.215858462536,0.0328495641406,0.0215130527351,0.20897432042,0.0266427584194,0.0297589864531,0.158395464946,0.00233693478953,17,15,4,20,4.30139917251e-06,3.48413332973e-08,4.30139917251e-06,5.70747688112e-05,7.9504029318e-05,3.89620951728e-05,4.30139917251e-06,3.48413332973e-08,4.30139917251e-06,0.192283565821,0.685209448831,0.122314169175
954,0.0737864635225,0.239013605843,0.00994084589067,0.127722369161,0.0606916461204,0.0654774701022,0.122474392893,0.0694841079345,0.0173130080644,0.173045175394,0.0359957558381,0.00505515923597,17,15,4,20,0.000193818181212,1.56992726782e-06,0.000193818181212,0.0156711816535,0.00825194381019,0.00109554870222,0.000193818181212,1.56992726782e-06,0.000193818181212,0.18731002298,0.667703620812,0.119189269463
955,0.00312789195834,0.0341523261958,0.0300205948638,0.0392708489357,0.110285514054,0.266130340295,0.109613530456,0.122152407201,0.026338952819,0.065137134294,0.128118987807,0.0656514711187,17,15,4,20,0.000138699344593,1.1234646912e-06,0.000138699344593,0.00353969149144,0.00167851553722,0.00313060237262,0.000138699344593,1.1234646912e-06,0.000138699344593,0.190530779909,0.679303454166,0.121259912215
956,0.053251865955,0.0304767943701,0.00705601083935,0.0786278087598,0.0126145953353,0.0147959021706,0.117645767057,0.152096045163,0.0569492158112,0.237243289162,0.0595328958278,0.179709809548,17,15,4,20,2.11218954117e-06,1.71087352834e-08,2.11218954117e-06,6.62915320161e-06,7.19618000284e-05,2.62598566378e-06,2.11218954117e-06,1.71087352834e-08,2.11218954117e-06,0.192421963466,0.685179511453,0.122308825166
957,0.0265410245993,0.0586105321797,0.236983173218,0.00217104267383,0.00556819725628,0.051133669333,0.101142891376,0.214901075225,0.0495665572677,0.136595127181,0.0425100615786,0.0742766481118,17,15,4,20,0.000133788435261,1.08368632562e-06,0.000133788435261,0.021828508251,0.00539951746328,0.00101505187322,0.000133788435261,1.08368632562e-06,0.000133788435261,0.18693954074,0.665486551776,0.118793508783
958,0.0171980029122,0.0525875930079,0.0789824324013,0.049709288069,0.0200765436936,0.0838626641331,0.167880784769,0.188165525301,0.0918121175952,0.146782560955,0.00466311179663,0.0982793753657,17,15,4,20,0.000263095461069,2.13107323466e-06,0.000263095461069,0.0204289122918,0.0049629565221,0.00194514385416,0.000263095461069,2.13107323466e-06,0.000263095461069,0.187014078362,0.665751467147,0.118840797832
959,0.0408043918851,0.0143247342135,0.119956947125,0.100570846866,0.06615293791,0.215074642452,0.00698420863538,0.0934252782809,0.225887412386,0.00689772960225,0.060307967122,0.0496129035217,17,15,4,20,0.000803967149205,6.51213390856e-06,0.000803967149205,0.0269427788395,0.0134289110496,0.00689994929639,0.000803967149205,6.51213390856e-06,0.000803967149205,0.182652565302,0.650693963352,0.116152939296
960,0.00757582032154,0.0120002184929,0.0559772249861,0.0535687998356,0.0595909071013,0.303959600217,0.0831197054798,0.245385821092,0.00705604653713,0.00644042709358,0.122464107622,0.0428613212206,17,15,4,20,0.000298514734687,2.41796935096e-06,0.000298514734687,0.0924808021139,0.00584332039422,0.00417042817225,0.000298514734687,2.41796935096e-06,0.000298514734687,0.172462992251,0.61420426255,0.109639299642
961,0.0214721029701,0.0439455369354,0.0886580528001,0.0982039114839,0.10152828721,0.0199373249796,0.0228724079302,0.0125178555433,0.130167438385,0.0726571022351,0.384608160381,0.0034318191455,17,15,4,20,1.25528736745e-06,1.01678276763e-08,1.25528736745e-06,1.04925550242e-05,4.16397437318e-05,2.68034627506e-06,1.25528736745e-06,1.01678276763e-08,1.25528736745e-06,0.192229805929,0.685367888326,0.122342451615
962,0.23072435505,0.224104987962,0.0193292936507,0.183852014104,0.000977635940431,0.0445941790023,0.0811242263652,0.00724450156715,0.0306984638186,0.0965460478973,0.0440315064288,0.0367727882135,17,15,4,20,0.000316926482977,2.56710451212e-06,0.000316926482977,0.0244141339335,0.0119423566284,0.00306820466365,0.000316926482977,2.56710451212e-06,0.000316926482977,0.184608403342,0.657352526804,0.117341534488
963,0.0595866904173,0.0891171231602,0.0529491669134,0.210765219126,0.0682554908401,0.0409613845601,0.00193211740454,0.0431920041638,0.140770662184,0.115370341455,0.0943731964724,0.0827266033032,17,15,4,20,0.000201408897386,1.63141206882e-06,0.000201408897386,0.0326000751453,0.00429792967238,0.00087692610088,0.000201408897386,1.63141206882e-06,0.000201408897386,0.184743054786,0.659031817507,0.117641298374
964,0.187087500248,0.324770273226,0.00458268561241,0.21388387204,0.0199966847148,0.0433131837676,0.133189880613,0.0128350598338,0.0192841984496,0.00142443174359,0.0374110575695,0.00222117218122,17,15,4,20,0.00261730324339,2.12001562714e-05,0.00261730324339,0.247236275819,0.0436536135991,0.0144698128547,0.00261730324339,2.12001562714e-05,0.00261730324339,0.131687428773,0.46876395918,0.0836772964884
965,0.0416194985711,0.109166831674,0.0459356219808,0.1079495831,0.150126645855,0.028681722296,0.153428136811,0.0152236429436,0.0198693855195,0.0989143301653,0.183138084399,0.0459465166847,17,15,4,20,0.000165478571247,1.3403764271e-06,0.000165478571247,0.014251296921,0.00352182831774,0.000697437765115,0.000165478571247,1.3403764271e-06,0.000165478571247,0.188630026781,0.672236413831,0.119998401346
966,0.0882145441327,0.0121501126411,0.252297442099,0.0605375261332,0.0256823267913,0.274906917715,0.0377639810565,0.0192149631262,0.03851726485,0.0376686864512,0.0360955439327,0.116950691071,17,15,4,20,0.00027370140962,2.21698141792e-06,0.00027370140962,0.0154884152919,0.0112694918453,0.00147127722083,0.00027370140962,2.21698141792e-06,0.00027370140962,0.186725630135,0.665203044876,0.118742901029
967,0.0341031669737,0.314273209931,0.0491082435776,0.0156618026095,0.0885159383072,0.0508547089034,0.0909672367954,0.0980173336833,0.139219002082,0.0226658707845,0.0371464850341,0.0594670013185,17,15,4,20,3.96220512857e-06,3.20938615414e-08,3.96220512857e-06,3.98666147148e-05,0.000124164019172,9.30295377764e-06,3.96220512857e-06,3.20938615414e-08,3.96220512857e-06,0.19239064894,0.685121614301,0.122298490163
968,0.178895896542,0.0248379839511,0.0604421165626,0.00532914585135,0.0295662075267,0.002394537398,0.0493232517504,0.305802932078,0.0139179758867,0.198529731343,0.0845392475072,0.0464209736026,17,15,4,20,3.98117993999e-06,3.22475575139e-08,3.98117993999e-06,2.21724616202e-05,3.30055616677e-05,2.70396074802e-05,3.98117993999e-06,3.22475575139e-08,3.98117993999e-06,0.192406885479,0.685185087203,0.122309820473
969,0.274754876088,0.0591842796449,0.00724904873825,0.138665431472,0.0483216780849,0.0703417013084,0.00990147849633,0.0570558542792,0.237171367546,0.0476246781189,0.0286121261443,0.0211174800787,17,15,4,20,0.00121389194349,9.83252474227e-06,0.00121389194349,0.0204724643353,0.0170097691146,0.00835930251862,0.00121389194349,9.83252474227e-06,0.00121389194349,0.182556689202,0.650591833523,0.116134708483
970,0.0361097562849,0.0342062285652,0.016783184299,0.0806550132178,0.148854700139,0.100115790492,0.0666747024125,0.0436194285145,0.0313846843133,0.0819207364432,0.0520473037733,0.307628471545,17,15,4,20,4.61282709468e-07,3.73638994669e-09,4.61282709468e-07,7.78610330488e-06,6.7239028387e-06,3.70378962213e-06,4.61282709468e-07,3.73638994669e-09,4.61282709468e-07,0.192498723135,0.685173464685,0.12230774578
971,0.02633423677,0.0431672632286,0.100058669753,0.0607676351051,0.0821075942201,0.0356409827413,0.0297081290585,0.296318647283,0.0400333666271,0.0787501999571,0.189018394732,0.0180948805238,17,15,4,20,7.35403749558e-06,5.95677037142e-08,7.35403749558e-06,1.65086059128e-05,0.000126927279236,1.50189115102e-05,7.35403749558e-06,5.95677037142e-08,7.35403749558e-06,0.192221940631,0.685265834854,0.122324234433
972,0.153500172735,0.10943651602,0.0258783652163,0.0969691057148,0.0843470495752,0.00320691721563,0.0593926931149,0.087053053865,0.11372538893,0.0596458056575,0.0336338410814,0.173211090874,17,15,4,20,1.30899693704e-05,1.060287519e-07,1.30899693704e-05,1.43281353861e-05,0.000365339381361,2.00523687832e-05,1.30899693704e-05,1.060287519e-07,1.30899693704e-05,0.192340002105,0.684941387519,0.122266318556
973,0.0412261741167,0.0171599154249,0.0017010736638,0.124371589355,0.114913212123,0.0994102622405,0.121324926109,0.0758900033977,0.0763939886933,0.0800011975439,0.0677794600587,0.179828197273,17,15,4,20,0.000136218854574,1.10337272205e-06,0.000136218854574,0.0147360839106,0.0021299098205,0.00372392511059,0.000136218854574,1.10337272205e-06,0.000136218854574,0.187978172796,0.671090905287,0.119793920912
974,0.0168841939669,0.0386559067731,0.146528578474,0.0536449876919,0.0704490013758,0.00808346868866,0.0388812675801,0.100392326012,0.149597835208,0.175694310356,0.019797513664,0.18139061021,17,15,4,20,0.000106920606917,8.66056916029e-07,0.000106920606917,0.00606737653385,0.00312901879974,0.00040969837859,0.000106920606917,8.66056916029e-07,0.000106920606917,0.190497966494,0.678372749617,0.121093775636
975,0.00554199932546,0.022477203043,0.0906238016712,0.0208537765875,0.25575345454,0.01561955176,0.0119880283394,0.0217490381748,0.0390417154785,0.320133407503,0.08498942644,0.111228597137,17,15,4,20,6.31651835987e-05,5.1163798715e-07,6.31651835987e-05,0.00251944048483,0.00136383745989,0.000323564922527,6.31651835987e-05,5.1163798715e-07,6.31651835987e-05,0.19162084148,0.682150503353,0.121768128289
976,0.0100685604836,0.00446191009844,0.011060040699,0.0412280706413,0.204194542378,0.135542728163,0.100915920506,0.117771619469,0.223693248429,0.00104893597758,0.0395409317317,0.110473491425,17,15,4,20,0.000423354020825,3.42916756869e-06,0.000423354020825,0.0500243218448,0.00926300600881,0.00710734678078,0.000423354020825,3.42916756869e-06,0.000423354020825,0.179312903903,0.63859835028,0.113993796765
977,0.163455406933,0.0516675798037,0.0837793031728,0.06696174605,0.058039313544,0.259913544235,0.00373910305827,0.0715719949014,0.0927950540154,0.00349701565949,0.0457329983614,0.0988469402654,17,15,4,20,0.000387167209572,3.13605439753e-06,0.000387167209572,0.0213474675531,0.0120895228793,0.00452165506298,0.000387167209572,3.13605439753e-06,0.000387167209572,0.184841882833,0.658159030319,0.117485500406
978,0.0392294635982,0.0982449018025,0.059344052725,0.0153100129694,0.00255650650997,0.181366373226,0.0128616985445,0.175675420169,0.0237905069589,0.166981174174,0.121970079481,0.102669809842,17,15,4,20,5.38929259323e-06,4.36532700052e-08,5.38929259323e-06,1.37619287011e-05,0.000116121002511,0.000149834898189,5.38929259323e-06,4.36532700052e-08,5.38929259323e-06,0.192358129156,0.685054074629,0.122286433909
979,0.0174197153693,0.0542778280687,0.0701357591279,0.035497386426,0.0572124314741,0.0178750063798,0.319232010866,0.095086836531,0.175525973485,0.0169173801092,0.136454871177,0.00436480098688,17,15,4,20,3.6047798528e-06,2.91987168077e-08,3.6047798528e-06,0.000104843498633,6.73560646536e-05,3.16245150416e-05,3.6047798528e-06,2.91987168077e-08,3.6047798528e-06,0.192449661538,0.685046886146,0.12228515072
980,0.122048384885,0.017889666396,0.0403343967162,0.0680571167578,0.0144657687928,0.0450926119547,0.019655187391,0.000149050785636,0.248437739578,0.101319180187,0.0269544081785,0.295596488377,17,15,4,20,5.66627405595e-07,4.58968198532e-09,5.66627405595e-07,2.37576906606e-05,4.0035064776e-06,4.20238906659e-06,5.66627405595e-07,4.58968198532e-09,5.66627405595e-07,0.192262103603,0.685362217741,0.122341439381
981,0.0677920947323,0.0106570974946,0.322665869066,0.0360535263125,0.112191065107,0.0588791725584,0.0381281752549,0.152034547789,0.0979927724236,0.0106438423974,0.0149930407993,0.0779687960652,17,15,4,20,0.000217035003185,1.7579835258e-06,0.000217035003185,0.01109634515,0.00710467458843,0.000511407972211,0.000217035003185,1.7579835258e-06,0.000217035003185,0.18857727249,0.671900249845,0.119938393974
982,0.241736948707,0.0750718281105,0.0871656552258,0.128449315552,0.00120183985063,0.0527524580441,0.00525147823113,0.0499929557844,0.0816480153103,0.137833995327,0.10489883496,0.0339966748971,17,15,4,20,0.000157125212786,1.27271422357e-06,0.000157125212786,0.00407824072767,0.0036675229764,0.00125388539994,0.000157125212786,1.27271422357e-06,0.000157125212786,0.190575925326,0.678650095653,0.121143283637
983,0.0363882687248,0.0044081585622,0.0510247227629,0.186599170749,0.00930820856963,0.000751823044096,0.0455631861606,0.332218422331,0.0649231156279,0.0534535523478,0.127772490327,0.0875888807941,17,15,4,20,0.000235937200375,1.91109132304e-06,0.000235937200375,0.0280478594228,0.00358186394982,0.00328022992311,0.000235937200375,1.91109132304e-06,0.000235937200375,0.185457745741,0.660738735988,0.117945993991
984,0.0343225477099,0.0290360954994,0.0160860455581,0.0330438564945,0.0491441916532,0.0241089008066,0.116539181016,0.233090874854,0.0484471995112,0.0784764194187,0.336297695837,0.00140699164109,17,15,4,20,8.86592703678e-05,7.18140089979e-07,8.86592703678e-05,0.00620964560968,0.00228289051274,0.000397353031601,8.86592703678e-05,7.18140089979e-07,8.86592703678e-05,0.190699694139,0.678871531946,0.121182811399
985,0.242969151054,0.0545703356068,0.0278259573311,0.0706620009503,0.0143692012074,0.118723784808,0.0646001844631,0.028882930382,0.0796563031476,0.00629401449056,0.206727365489,0.0847187710705,17,15,4,20,0.000168133302129,1.36187974725e-06,0.000168133302129,0.0150863519271,0.00514143786851,0.00131566595905,0.000168133302129,1.36187974725e-06,0.000168133302129,0.188069358656,0.670095664424,0.119616264198
986,0.00606809441792,0.178775381333,0.0502232783972,0.0468793445266,0.0794789658697,0.150810170689,0.0430837764038,0.0150926576992,0.403834970346,0.00121899962366,0.00276861837933,0.0217657423151,17,15,4,20,0.00524616573347,4.24939424411e-05,0.00524616573347,0.208626612688,0.0731532244197,0.0584913089418,0.00524616573347,4.24939424411e-05,0.00524616573347,0.122878619771,0.43765621384,0.0781243695217
987,0.193242755855,0.0223591826087,0.129660040722,0.0872660435727,0.117689646781,0.0268742469567,0.0336540688734,0.147941130264,0.0654825371895,0.0148460896696,0.0762302776189,0.0847539798887,17,15,4,20,1.25719420108e-05,1.01832730288e-07,1.25719420108e-05,3.15674022411e-05,3.38906763777e-05,0.000149121772376,1.25719420108e-05,1.01832730288e-07,1.25719420108e-05,0.192344772212,0.685096202505,0.122293953998
988,0.254058224586,0.029793537686,0.057797811817,0.161014832181,0.0256583358118,0.0121632599477,0.00550473722889,0.0488016375111,0.219868859024,0.0973931479877,0.0744632304419,0.0134823857769,17,15,4,20,0.000448785726982,3.63516438855e-06,0.000448785726982,0.0462907832829,0.00617775680759,0.00460309282643,0.000448785726982,3.63516438855e-06,0.000448785726982,0.181030562909,0.644965091137,0.1151302998
989,0.0393652198055,0.153102794056,0.00483842634056,0.098725294261,0.21551167324,0.130502660877,0.0111745011397,0.026362898261,0.089120984247,0.115582930007,0.0627223527706,0.052990264995,17,15,4,20,0.000323687749594,2.62187077171e-06,0.000323687749594,0.0165475383681,0.00514285966574,0.00158408199354,0.000323687749594,2.62187077171e-06,0.000323687749594,0.187628919836,0.668470451808,0.119326153588
990,0.000227318304196,0.246057631109,0.0843304899379,0.00509287722562,0.0465082366315,0.091571445016,0.0868788015689,0.082721607012,0.0294746317102,0.00621214238096,0.197652264013,0.123272555091,17,15,4,20,0.000125912012881,1.01988730433e-06,0.000125912012881,0.00993196878528,0.00359425493885,0.000961663757726,0.000125912012881,1.01988730433e-06,0.000125912012881,0.189483115468,0.675026805521,0.120496503703
991,0.00934940925972,0.0474936060262,0.0658646846167,0.00996140927501,0.157454571357,0.335661082478,0.188149046634,0.0182510028471,0.0463782386594,0.0665955576916,0.0433446079967,0.0114967831578,17,15,4,20,0.000724576813869,5.86907219234e-06,0.000724576813869,0.0331817431261,0.0162259686602,0.00795958956053,0.000724576813869,5.86907219234e-06,0.000724576813869,0.180830009536,0.643944521904,0.114948121813
992,0.00270240600862,0.0161898576318,0.0647824436257,0.253266034661,0.125123459954,0.0261735085988,0.0340310179305,0.141411306175,0.238748550961,0.075524249741,0.00959395925609,0.0124532054568,17,15,4,20,0.000436373879227,3.53462842174e-06,0.000436373879227,0.043542751948,0.0342005656182,0.00268621972361,0.000436373879227,3.53462842174e-06,0.000436373879227,0.17648547179,0.629044119322,0.112288306825
993,0.0331536938565,0.236924215183,0.0540765592788,0.196510120406,0.110110132332,0.0676770473274,0.00347787222897,0.0198967995985,0.109210566905,0.0335014243684,0.0850190120166,0.050442556499,17,15,4,20,0.00026188857935,2.12129749273e-06,0.00026188857935,0.00389671569608,0.00832668199265,0.00123819962494,0.00026188857935,2.12129749273e-06,0.00026188857935,0.189636340126,0.675304238436,0.120546027212
994,0.0660356781034,0.0900782071725,0.00188181062318,0.233575558469,0.00960846969193,0.0624899029827,0.141477561165,0.0494052746714,0.00966891867981,0.0276987647833,0.19192144373,0.116158409928,17,15,4,20,0.00011049844937,8.95037439897e-07,0.00011049844937,0.0177622066936,0.00178987304803,0.00068431797904,0.00011049844937,8.95037439897e-07,0.00011049844937,0.18831196722,0.671195295898,0.119812555288
995,0.0116942330823,0.10427228937,0.0949980492693,0.0143237627362,0.119322229344,0.0152877944222,0.0400465519023,0.064297202589,0.121535218983,0.144483611567,0.212261463537,0.0574775931981,17,15,4,20,7.9525651017e-05,6.44157773238e-07,7.9525651017e-05,0.00309334736878,0.00114463274013,0.00148440892825,7.9525651017e-05,6.44157773238e-07,7.9525651017e-05,0.191165951012,0.681194748888,0.121597520144
996,0.301920381791,0.0652560544858,0.0147303898587,0.0808816548385,0.0592464339434,0.0463876703128,0.0314864303192,0.1718244928,0.034319130138,0.0106522254798,0.0607727182531,0.12252241778,17,15,4,20,0.000317376332134,2.57074829029e-06,0.000317376332134,0.0178899916655,0.00982610132505,0.000932420330951,0.000317376332134,2.57074829029e-06,0.000317376332134,0.186504833189,0.664885745548,0.118686261116
997,0.0267029955145,0.114930158167,0.00308017531619,0.250805845535,0.0212920160744,0.0668724420686,0.140148691462,0.0455593000707,0.018661719819,0.0550237629481,0.022332707639,0.234590185385,17,15,4,20,0.000215749399307,1.74757013439e-06,0.000215749399307,0.0114908002104,0.00616032813389,0.000292491888621,0.000215749399307,1.74757013439e-06,0.000215749399307,0.188713896482,0.672441058796,0.120034931752
998,0.0324615569052,0.0402176848858,0.0759109118363,0.0301932108997,0.0134434110363,0.22101776439,0.041048342022,0.0406811135416,0.190046577796,0.264246600973,0.0063404347565,0.0443923909577,17,15,4,20,4.24496512471e-06,3.43842175101e-08,4.24496512471e-06,1.96670639848e-05,0.000117497547961,3.80001100634e-06,4.24496512471e-06,3.43842175101e-08,4.24496512471e-06,0.192238034142,0.685277615292,0.122326337315
999,0.118665136019,0.0163124627396,0.25980471371,0.0709176491432,0.114225796008,0.083789324938,0.0325913240768,0.00204288429158,0.0203107026048,0.19197324598,0.0677818594633,0.0215849010263,17,15,4,20,8.61288527197e-05,6.9764370703e-07,8.61288527197e-05,0.000235701993722,0.00107632343079,0.000261226440695,8.61288527197e-05,6.9764370703e-07,8.61288527197e-05,0.191902113847,0.684068263184,0.122110460405
