run_ID,t1_initial,t2_initial,t3_initial,t4_initial,t5_initial,t6_initial,t7_initial,t8_initial,t9_initial,t10_initial,t11_initial,t12_initial,alpha,prior_cost_c,lambda,k,sample_amount,learning_parameter,generations,t1_final,t2_final,t3_final,t4_final,t5_final,t6_final,t7_final,t8_final,t9_final,t10_final,t11_final,t12_final
0,0.0742203865957,0.0256002547605,0.111162172327,0.0930178134802,0.0833012237323,0.083708232432,0.151053443037,0.00456264461606,0.0171785633199,0.270925515008,0.0600416008126,0.0252281498788,17,1,8,20,2.00071871799e-07,7.81530749214e-10,2.00071871799e-07,3.11347808911e-09,0.00102296893422,2.18346019551e-07,2.00071871799e-07,7.81530749214e-10,2.00071871799e-07,0.183769942397,0.741020357288,0.0741857080714
1,0.0549700406562,0.0389157477693,0.0768269658919,0.0126956262674,0.221774562192,0.118706386423,0.0508439799575,0.187800603831,0.0299233462291,0.0556768092733,0.0328528225822,0.119013108928,17,1,8,20,1.40652394018e-05,5.49423414133e-08,1.40652394018e-05,1.3296894302e-05,0.00363621708035,6.6466008461e-05,1.40652394018e-05,5.49423414133e-08,1.40652394018e-05,0.183264358985,0.73898168004,0.0739816101493
2,0.036260173401,0.0781893011945,0.0256704248044,0.00136351684398,0.263770034513,0.203013904871,0.106855582666,0.119031835225,0.0136505995288,0.140586442178,0.00128551228466,0.0103226724895,17,1,8,20,5.74043433366e-05,2.24235716159e-07,5.74043433366e-05,3.27746124395e-12,0.00444242382992,6.08752966452e-10,5.74043433366e-05,2.24235716159e-07,5.74043433366e-05,0.183098770847,0.73831397465,0.0739147642163
3,0.00744605914585,0.0485770522692,0.0684343617447,0.131256411222,0.0100105857667,0.0563102546621,0.0614910990219,0.0880679849668,0.0497327134288,0.0947073788587,0.189336151377,0.194629947537,17,1,8,20,2.99097540616e-08,1.16834976803e-10,2.99097540616e-08,0.000145363807719,0.00155555382558,0.000114277886533,2.99097540616e-08,1.16834976803e-10,2.99097540616e-08,0.0200919522015,0.889083946779,0.0890087856265
4,0.0958064714246,0.138374480549,0.0130617059817,0.0396994374754,0.007782243986,0.0707494626409,0.0114320428714,0.0954734343742,0.115722562814,0.171303145712,0.00816792954375,0.232427082627,17,1,8,20,2.80613228878e-06,1.0961454253e-08,2.80613228878e-06,0.00990017720543,2.81634645188e-06,4.84687871809e-05,2.80613228878e-06,1.0961454253e-08,2.80613228878e-06,0.182125591165,0.73438979672,0.0735219033245
5,0.0283316640152,0.00261004717016,0.0274312253129,0.0187587512891,0.0348632234834,0.117720570693,0.195418110398,0.0720007020309,0.128829299576,0.0394845304886,0.227861443867,0.106690431676,17,1,8,20,3.83247728338e-05,1.49706143882e-07,3.83247728338e-05,4.4714195847e-05,1.99370789297e-05,0.000156721741689,3.83247728338e-05,1.49706143882e-07,3.83247728338e-05,0.183889335155,0.741501787838,0.0742339054871
6,0.120612322947,0.0550211741515,0.139233625797,0.0975067616091,0.109564410084,0.0462383077118,0.250091841868,0.00938762611167,0.0401988007851,0.0209865454686,0.0173127219369,0.09384586153,17,1,8,20,2.51615863636e-06,9.82874467327e-09,2.51615863636e-06,0.147255041421,1.80772395931e-06,0.000638278098143,2.51615863636e-06,9.82874467327e-09,2.51615863636e-06,0.156749920835,0.632066816164,0.0632780514657
7,0.0316583989538,0.101603919457,0.0376256765292,0.142212437377,0.039500319988,0.120413134407,0.0467519825336,0.00145528829098,0.0518359642337,0.122560567976,0.00230379935282,0.302078510901,17,1,8,20,2.62514352159e-07,1.02544668812e-09,2.62514352159e-07,0.0217506468969,7.49494032807e-07,0.00152064865693,2.62514352159e-07,1.02544668812e-09,2.62514352159e-07,0.179677034563,0.72451641771,0.0725334505706
8,0.00128873583856,0.0498787098557,0.0404428980356,0.0353060633091,0.011151983512,0.405054563992,0.0173898776128,0.0812599255729,0.106240132373,0.124377182987,0.0494236603204,0.0781862665909,17,1,8,20,1.70247383675e-06,6.65028842479e-09,1.70247383675e-06,8.0820029782e-10,0.00251210122404,1.04763021505e-09,1.70247383675e-06,6.65028842479e-09,1.70247383675e-06,0.183494936852,0.73991144522,0.0740746916518
9,0.0561712434569,0.00857200541286,0.113766344489,0.0866465658175,0.11542076328,0.089537571561,0.115022714962,0.111794086793,0.0662570509193,0.0187931568369,0.166189315895,0.0518291805769,17,1,8,20,1.46419492334e-05,5.71951141928e-08,1.46419492334e-05,8.97939413759e-09,2.83681030142e-06,1.0527268418e-07,1.46419492334e-05,5.71951141928e-08,1.46419492334e-05,0.183946976335,0.741734215879,0.0742571745359
10,0.0152703712902,0.0752544469145,0.145201737151,0.00429051887633,0.00703554911915,0.111624037628,0.0317916331136,0.143785983405,0.0910239786067,0.0886662725886,0.055326665329,0.230728805978,17,1,8,20,4.63790451749e-09,1.81168145214e-11,4.63790451749e-09,2.69333080371e-06,0.00119144618272,1.70709214817e-12,4.63790451749e-09,1.81168145214e-11,4.63790451749e-09,0.183738638972,0.740894131668,0.0741730712566
11,0.0882990607971,0.0805517823361,0.103093512321,0.0632909112715,0.0536518486788,0.0190903603148,0.108949445617,0.126738695282,0.0094999627943,0.0267122798969,0.212298444272,0.107823696418,17,1,8,20,1.56064653035e-09,6.09627550919e-12,1.56064653035e-09,2.73814069075e-06,0.000669823903812,0.00085349639755,1.56064653035e-09,6.09627550919e-12,1.56064653035e-09,0.183677581995,0.740647930017,0.0741484232916
12,0.027531544256,0.0204120799001,0.116933530778,0.0176016503682,0.201626405221,0.0510145725544,0.0165229060195,0.0249406521997,0.0769943028639,0.0186060888876,0.0628889522698,0.364927314683,17,1,8,20,1.75000701217e-06,6.83596489131e-09,1.75000701217e-06,0.00291706322102,1.35434861018e-06,2.34316118671e-07,1.75000701217e-06,6.83596489131e-09,1.75000701217e-06,0.183420113774,0.739609734162,0.0740444864782
13,0.0401054811185,0.0124008365484,0.0145377084607,0.02196493982,0.123167243801,0.0977293313602,0.212063499388,0.136199131233,0.0219569574268,0.150366197918,0.0101097498886,0.159398923038,17,1,8,20,5.19590228348e-05,2.02964932948e-07,5.19590228348e-05,3.45577629108e-05,0.000491856025909,2.97255027875e-07,5.19590228348e-05,2.02964932948e-07,5.19590228348e-05,0.183823113557,0.741234760751,0.0742071726271
14,0.0329186783065,0.0412853255968,0.111882987037,0.0999710825857,0.0299389984531,0.036549417609,0.0377779328603,0.259483234852,0.0711386800957,0.0593261031202,0.192143885951,0.0275836735322,17,1,8,20,8.55540397069e-05,3.34195467605e-07,8.55540397069e-05,0.00739436427454,0.00124004023261,0.00348483864775,8.55540397069e-05,3.34195467605e-07,8.55540397069e-05,0.0198775765122,0.879600886922,0.0880594088607
15,0.031633299631,0.0553122081192,0.0250261188741,0.1092910073,0.130277924396,0.00981098730943,0.11176301953,0.176197264756,0.261297080363,0.00508662502207,0.0472291250801,0.03707533962,17,1,8,20,0.000211271181979,8.25278054606e-07,0.000211271181979,0.104475518816,0.000281027249225,0.00521055371709,0.000211271181979,8.25278054606e-07,0.000211271181979,0.163573187986,0.659580454905,0.0660325220433
16,0.0389773676779,0.117282598819,0.0262025109752,0.066477656366,0.0941435857073,0.0848494663351,0.0404138584669,0.187874222235,0.0694896923844,0.0647818016682,0.0110682706209,0.198438968744,17,1,8,20,1.19228068796e-09,4.65734643735e-12,1.19228068796e-09,0.0512159279321,1.78132804173e-06,0.000904667368658,1.19228068796e-09,4.65734643735e-12,1.19228068796e-09,0.174369968842,0.703116597557,0.0703910521937
17,0.14414192419,0.00430708324225,0.0524666869961,0.12472172963,0.015877900583,0.131135430745,0.0383663914965,0.0756769878253,0.0340793329195,0.153405900226,0.224519681081,0.00130095106463,17,1,8,20,7.14783396112e-08,2.79212264106e-10,7.14783396112e-08,0.000128179151772,0.00239060970256,1.80272702938e-09,7.14783396112e-08,2.79212264106e-10,7.14783396112e-08,0.183494909102,0.73991133332,0.0740746804491
18,0.12080135736,0.0454759046809,0.221363348401,0.0384029339476,0.0466960410637,0.0418086519336,0.0351413977792,0.0717341516427,0.0274035138421,0.0564293407861,0.188084289535,0.106659069028,17,1,8,20,2.42354537689e-07,9.46697412846e-10,2.42354537689e-07,0.00113125407534,0.00072598415522,0.00165499011747,2.42354537689e-07,9.46697412846e-10,2.42354537689e-07,0.183312031997,0.739173913175,0.0740008551688
19,0.238153737571,0.00278213307284,0.0702656402427,0.0184357203044,0.0135564041101,0.0436568965548,0.249932851827,0.10063137067,0.0262283861262,0.0580279440245,0.106136294799,0.0721926206975,17,1,8,20,4.28146966495e-07,1.67244908787e-09,4.28146966495e-07,3.37704210322e-07,0.0034741526589,6.51238876139e-07,4.28146966495e-07,1.67244908787e-09,4.28146966495e-07,0.183318717433,0.739200871034,0.0740035539986
20,0.00942661294116,0.0987773256663,0.196126504316,0.251844218652,0.0282537730389,0.0707709580683,0.15836692879,0.0408327430577,0.0343067092593,0.0239070349466,0.0254907524094,0.0618964388537,17,1,8,20,0.000274952274819,1.07403232351e-06,0.000274952274819,0.000282758415651,0.0104741482284,0.00048239393775,0.000274952274819,1.07403232351e-06,0.000274952274819,0.181688037313,0.732625436829,0.0733452681127
21,0.061749548576,0.0125137056733,0.0197572978895,0.111557504891,0.0787275230593,0.0747685792507,0.0146046468992,0.0505402445084,0.164234812903,0.0363661772451,0.0630491277562,0.312130831348,17,1,8,20,9.50462878733e-08,3.71274562005e-10,9.50462878733e-08,0.00386476104304,0.000235423618851,0.00392761615266,9.50462878733e-08,3.71274562005e-10,9.50462878733e-08,0.182481463504,0.735824790063,0.0736655646912
22,0.243998751358,0.0453547990706,0.129857786407,0.0547487879363,0.138995553958,0.1017146417,0.0242581406679,0.00748880683729,0.0943128734648,0.111486493993,0.0191683007596,0.0286150638475,17,1,8,20,1.78050377101e-06,6.95509285551e-09,1.78050377101e-06,1.07856798736e-06,1.76719262951e-06,0.00828828511827,1.78050377101e-06,6.95509285551e-09,1.78050377101e-06,0.182431779111,0.735624446383,0.0736455077014
23,0.0758443468447,0.0620099769049,0.0111330858757,0.136404169268,0.0476820944942,0.00258636138961,0.0199901748951,0.0637514840063,0.0477716317265,0.393107326465,0.041404313495,0.098315034635,17,1,8,20,2.05222076422e-09,8.01648736024e-12,2.05222076422e-09,0.0215661899768,0.000450226274221,1.07857459858e-06,2.05222076422e-09,8.01648736024e-12,2.05222076422e-09,0.179908011538,0.725447792223,0.0726266931881
24,0.271509168193,0.179193622488,0.0189735110234,0.111455189773,0.0328272588559,0.0124110065779,0.0533804452638,0.083166435629,0.108822591722,0.0823018806537,0.00341293674734,0.0425459530725,17,1,8,20,8.5760002073e-05,3.35000008098e-07,8.5760002073e-05,0.0819932769593,0.0024242235132,7.4391255899e-05,8.5760002073e-05,3.35000008098e-07,8.5760002073e-05,0.168352099997,0.678850587114,0.067961711152
25,0.142430477064,0.00396016449496,0.0472230740062,0.00849103113075,0.192317648394,0.0661900148132,0.0545532398297,0.223980414328,0.0208494034196,0.175352104907,0.0188432901137,0.0458091374995,17,1,8,20,1.90303963317e-05,7.43374856708e-08,1.90303963317e-05,0.00133632469565,1.76701843022e-05,0.00207222278159,1.90303963317e-05,7.43374856708e-08,1.90303963317e-05,0.18331400251,0.739181858927,0.0740016506412
26,0.0530761326821,0.0605960790619,0.0348368857419,0.0585417415964,0.065395633144,0.00534842601589,0.280900723851,0.109347135973,0.0780398681117,0.0350922997727,0.204978264488,0.0138468095623,17,1,8,20,3.40065480381e-05,1.32838078274e-07,3.40065480381e-05,1.78565489347e-06,0.00106110757253,0.000152989358802,3.40065480381e-05,1.32838078274e-07,3.40065480381e-05,0.183709570551,0.740776918309,0.0741613366856
27,0.0778925644962,0.0564381945199,0.0424909271506,0.0310287759931,0.0238307777074,0.0449302519611,0.16026472047,0.180222118627,0.161195193392,0.081429218101,0.0265430847166,0.113734172865,17,1,8,20,3.35713693834e-07,1.31138161654e-09,3.35713693834e-07,3.46494537852e-10,0.00409877422427,4.2808438968e-11,3.35713693834e-07,1.31138161654e-09,3.35713693834e-07,0.183204063103,0.738738547376,0.0739572694295
28,0.164051959929,0.0798724627427,0.124593719173,0.0805965056604,0.0363873778295,0.100663833542,0.147387322666,0.0121229492903,0.0185871946096,0.0143098887159,0.184527637132,0.0368991487085,17,1,8,20,4.13386454087e-06,1.61479083628e-08,4.13386454087e-06,6.27054902368e-06,9.39666656112e-05,0.0035995361816,4.13386454087e-06,1.61479083628e-08,4.13386454087e-06,0.0200536600204,0.887390726428,0.0888392724013
29,0.139939547276,0.0940407434515,0.00162421633624,0.0872809471172,0.0210922358219,0.00154792820483,0.226454058384,0.021333440408,0.0287620493524,0.184099647992,0.153844236583,0.0399809490726,17,1,8,20,1.45924937721e-07,5.70019287973e-10,1.45924937721e-07,0.00329251914585,0.00326788467832,1.18675063375e-06,1.45924937721e-07,5.70019287973e-10,1.45924937721e-07,0.182751147556,0.73691224414,0.0737744328888
30,0.10005745339,0.00934927872999,0.0590502490537,0.0661475670219,0.0814141418054,0.34198557695,0.151223969428,0.119393099533,0.00840587625929,0.0258562817776,0.00116082912111,0.0359556769307,17,1,8,20,0.00643872354093,2.51512638318e-05,0.00643872354093,1.77560799673e-09,0.00767564621646,7.41497785106e-08,0.00643872354093,2.51512638318e-05,0.00643872354093,0.177799220895,0.716944460419,0.0717753998536
31,0.0699990675014,0.0161037943228,0.162769211949,0.0387843782019,0.0775225213822,0.0283443324229,0.0264981228631,0.0466179648886,0.335639264816,0.101682027877,0.0236146410143,0.0724246727615,17,1,8,20,7.05765975371e-05,2.75689834129e-07,7.05765975371e-05,4.11124316339e-05,0.00104104453349,5.16229393001e-05,7.05765975371e-05,2.75689834129e-07,7.05765975371e-05,0.0200999764737,0.889439049825,0.0890443360275
32,0.0538737118485,0.161544712749,0.10266254023,0.00281747177648,0.0360962314523,0.172572928062,0.0901693342736,0.134188499807,0.00583246444995,0.0123214875831,0.186110436701,0.0418101810665,17,1,8,20,0.000206617117021,8.07098113362e-07,0.000206617117021,0.00126974383896,0.00272447864515,0.000405193823371,0.000206617117021,8.07098113362e-07,0.000206617117021,0.182996672385,0.737902280344,0.0738735482992
33,0.0242331950051,0.124081963617,0.112368644603,0.104237374226,0.056330166083,0.0319924411675,0.0869569164436,0.0423237347812,0.186068631776,0.142005545868,0.0333181315188,0.0560832549107,17,1,8,20,1.58511620187e-05,6.19186016356e-08,1.58511620187e-05,0.037423091134,0.00100344475509,2.87707934005e-05,1.58511620187e-05,6.19186016356e-08,1.58511620187e-05,0.176872454283,0.713207435186,0.071401275364
34,0.137916460327,0.0246002788091,0.216503760785,0.0638943927385,0.076835326597,0.110279235369,0.0392893599324,0.00169393766154,0.194574986227,0.02865456177,0.0432398401194,0.062517859664,17,1,8,20,5.08712340264e-09,1.98715757915e-11,5.08712340264e-09,8.95658829533e-09,0.0131691261755,1.05482218129e-08,5.08712340264e-09,1.98715757915e-11,5.08712340264e-09,0.181535736693,0.732011311048,0.0732837861905
35,0.0282860328364,0.0210196548652,0.0341202556247,0.0250816948535,0.00786235303065,0.0179178607454,0.173882936785,0.22168879826,0.0214964685738,0.0247706670868,0.0816481123289,0.34222516501,17,1,8,20,4.90412049626e-07,1.91567206885e-09,4.90412049626e-07,0.00405069145535,2.5553386102e-05,0.000443535138793,4.90412049626e-07,1.91567206885e-09,4.90412049626e-07,0.169311631753,0.75098347769,0.0751831450977
36,0.0380333398868,0.244173902668,0.0481799699576,0.0825287598856,0.0172662983754,0.0761687594254,0.0350152622978,0.0176388829602,0.259257340109,0.025519714626,0.0283596928388,0.12785807697,17,1,8,20,1.20479294313e-06,4.70622243409e-09,1.20479294313e-06,1.28233663634e-09,9.45090377529e-07,0.0059469485182,1.20479294313e-06,4.70622243409e-09,1.20479294313e-06,0.182863261308,0.73736432336,0.0738196918573
37,0.0159444299107,0.0768332672577,0.107359648632,0.0515862565763,0.233646679343,0.110467628727,0.0198267429991,0.0312806793581,0.0160092466977,0.15019008902,0.150334809112,0.0365205223666,17,1,8,20,1.99243390047e-05,7.7829449237e-08,1.99243390047e-05,0.00715519159051,0.00135381090806,5.53844301926e-05,1.99243390047e-05,7.7829449237e-08,1.99243390047e-05,0.182368134475,0.735367810451,0.0736198151301
38,0.0670602044175,0.120291404045,0.124420069158,0.0153843896114,0.0159446988424,0.0450881436278,0.126209188581,0.175083108368,0.0727054553719,0.11942382746,0.0756151624529,0.0427743480641,17,1,8,20,1.42401264279e-06,5.56254938588e-09,1.42401264279e-06,0.104194137372,5.91256781053e-06,6.90172262003e-05,1.42401264279e-06,5.56254938588e-09,1.42401264279e-06,0.164776102574,0.664430998939,0.0665181241461
39,0.0103782943605,0.0412188580004,0.0890224679683,0.0331884883715,0.0051862406577,0.0815008349751,0.233549471889,0.124266153995,0.220095318103,0.149833656453,0.000974304953345,0.0107859102738,17,1,8,20,2.47336126268e-05,9.66156743234e-08,2.47336126268e-05,9.85584551526e-05,0.00944162241508,3.65537417888e-05,2.47336126268e-05,9.66156743234e-08,2.47336126268e-05,0.182178358967,0.734602573692,0.0735432050475
40,0.00470807392502,0.0530583588847,0.152694979775,0.256829833753,0.0608738804464,0.163895564118,0.0513950974922,0.0151735892564,0.0615874730184,0.0218359417095,0.0624920224133,0.0954551852079,17,1,8,20,5.07107326247e-07,1.98088799315e-09,5.07107326247e-07,0.120084811499,0.00163337813629,6.77628184567e-08,5.07107326247e-07,1.98088799315e-09,5.07107326247e-07,0.149378166867,0.662569753867,0.0663317894764
41,0.0289887948277,0.0172592621398,0.0940479213664,0.0627369149251,0.0474001039094,0.0487882274904,0.0113655544322,0.01914433128,0.272101151432,0.0693507992442,0.182848388756,0.145968550197,17,1,8,20,6.14143397882e-07,2.39899764798e-09,6.14143397882e-07,0.0221071675916,0.000493447226144,0.000643460405387,6.14143397882e-07,2.39899764798e-09,6.14143397882e-07,0.179681920599,0.724536119802,0.0725354230045
42,0.0161642274126,0.0991495990388,0.272342679494,0.0214312582812,0.0461412303168,0.00142855046793,0.0270975068181,0.139476663062,0.0467827656294,0.0934650503403,0.137077009588,0.09944345955,17,1,8,20,3.59295241259e-07,1.40349703617e-09,3.59295241259e-07,0.00179302059745,0.00147705565713,0.000341639005351,3.59295241259e-07,1.40349703617e-09,3.59295241259e-07,0.183293644335,0.739099768125,0.0739934322917
43,0.0556254638324,0.133240438085,0.0465541082864,0.0362000158149,0.00129612748647,0.122205588558,0.088047733422,0.150548747833,0.184522815996,0.0953060227758,0.0513178654648,0.0351350724457,17,1,8,20,2.71412846686e-05,1.06020643237e-07,2.71412846686e-05,0.0582176430008,0.00132389669342,0.00227068221388,2.71412846686e-05,1.06020643237e-07,2.71412846686e-05,0.0188818656487,0.835547990299,0.0836491449639
44,0.123503430192,0.0258408418991,0.178506288281,0.255067615567,0.154578612339,0.00652542430603,0.00960507235372,0.0565646173425,0.0813540924119,0.0810056043048,0.00240215873244,0.025046242271,17,1,8,20,1.1759197833e-08,4.59343665353e-11,1.1759197833e-08,8.47766228627e-09,0.000756874112476,8.27930196587e-09,1.1759197833e-08,4.59343665353e-11,1.1759197833e-08,0.183819067272,0.741218454563,0.0742055401671
45,0.295811114627,0.0254815713065,0.265369722643,0.0915994408775,0.0495901031845,0.0505391225465,0.0372804925866,0.0308846678073,0.00518175905523,0.0173101471888,0.090839798538,0.0401120596385,17,1,8,20,1.85010475324e-06,7.22697169234e-09,1.85010475324e-06,7.42781366208e-08,0.00651193379391,0.00407934374582,1.85010475324e-06,7.22697169234e-09,1.85010475324e-06,0.18200858303,0.733917981729,0.0734746685505
46,0.0412703731074,0.0452723955665,0.0702901268186,0.0539339812637,0.00434233744291,0.140842192963,0.133532798872,0.0560056936826,0.199734168254,0.103821229512,0.131494621715,0.0194600808016,17,1,8,20,1.16498849799e-05,4.55073632028e-08,1.16498849799e-05,0.0482294179926,0.000604140742717,0.00164413609625,1.16498849799e-05,4.55073632028e-08,1.16498849799e-05,0.161487358225,0.716279434244,0.0717088221447
47,0.0826843079716,0.051605510072,0.100223158298,0.0105953846953,0.229663578027,0.169964340834,0.189808021189,0.018063326177,0.041962684861,0.0671504817639,0.0273365826985,0.0109426234128,17,1,8,20,7.41717722815e-05,2.89733485474e-07,7.41717722815e-05,8.44689343738e-08,3.36555411475e-07,0.0145129296454,7.41717722815e-05,2.89733485474e-07,7.41717722815e-05,0.181233778105,0.730793715516,0.0731618891526
48,0.291474424349,0.0740756018554,0.00792066909752,0.0766885830805,0.0183563222719,0.150089296317,0.140161242632,0.0242585170754,0.0665793937759,0.0204619597437,0.019046431095,0.110887558706,17,1,8,20,1.96856607078e-11,7.68971121398e-14,1.96856607078e-11,0.146234363602,0.00336697966746,5.95193207872e-10,1.96856607078e-11,7.68971121398e-14,1.96856607078e-11,0.156437903237,0.630808659122,0.0631520936966
49,0.0174575431777,0.113839773887,0.00348944165218,0.170389395894,0.183713957117,0.0423230479051,0.168831088693,0.00153978862294,0.0122578039901,0.000438938559683,0.222342984576,0.0633762359254,17,1,8,20,3.39707331098e-06,1.3269817621e-08,3.39707331098e-06,0.0273994105106,0.00749123824714,0.00189515742786,3.39707331098e-06,1.3269817621e-08,3.39707331098e-06,0.177188754827,0.714482862086,0.0715289620689
50,0.0607957487879,0.0356481971946,0.00353591686357,0.0112598336731,0.00419652598107,0.0243050196256,0.133729981671,0.243998502824,0.0102301910591,0.00377563859609,0.125224552799,0.343299890925,17,1,8,20,1.62247615538e-07,6.33779748196e-10,1.62247615538e-07,8.21832468019e-10,0.000416824644206,0.000249092521585,1.62247615538e-07,6.33779748196e-10,1.62247615538e-07,0.183835693513,0.741285487238,0.0742122510035
51,0.0583748418132,0.147318397117,0.0671503411761,0.00800500763797,0.0169715226129,0.0478459085212,0.109411154224,0.0561199731181,0.200878700755,0.0203472026752,0.165779621515,0.101797328834,17,1,8,20,6.25528520574e-06,2.44347078349e-08,6.25528520574e-06,4.21626431089e-07,0.0002927583746,0.000295243738861,6.25528520574e-06,2.44347078349e-08,6.25528520574e-06,0.183845457008,0.741324856834,0.0742161924085
52,0.302098296727,0.0574739089904,0.104639295179,0.00848691928566,0.0314275544451,0.0870354588992,0.0185979826634,0.0312351244536,0.011790387137,0.0207274927671,0.288782515491,0.0377050639617,17,1,8,20,5.20208298782e-09,2.03206366712e-11,5.20208298782e-09,5.23191699362e-09,0.00078621971041,0.000727654966695,5.20208298782e-09,2.03206366712e-11,5.20208298782e-09,0.183679819652,0.740656952983,0.074149326607
53,0.105709981935,0.0863372563478,0.0706905334338,0.025151391875,0.179667271855,0.00448046902617,0.0408187607669,0.0825653849619,0.0862170231723,0.278620975278,0.00726253148701,0.0324784198613,17,1,8,20,2.15584204914e-08,8.42125800447e-11,2.15584204914e-08,3.57549169912e-05,0.00181494823388,5.43870050408e-09,2.15584204914e-08,8.42125800447e-11,2.15584204914e-08,0.183617845157,0.7404070516,0.0741243082512
54,0.119118607678,0.0886978472855,0.134247730863,0.0309476081026,0.156936314284,0.0765729494664,0.0109656573786,0.0444061574812,0.178066252779,0.0388530065219,0.105982860614,0.0152050075443,17,1,8,20,5.12077411626e-10,2.00030238916e-12,5.12077411626e-10,0.025794403601,0.013743147515,1.3432161047e-11,5.12077411626e-10,2.00030238916e-12,5.12077411626e-10,0.176685052639,0.7124517706,0.0713256235795
55,0.280380559898,0.13733775962,0.00195516195429,0.028633022886,0.083817302983,0.0409782054355,0.0791252138187,0.0156506553127,0.0788398116674,0.11189964656,0.09196040282,0.0494222570449,17,1,8,20,1.85918556315e-05,7.26244360605e-08,1.85918556315e-05,0.00173225737844,0.00256738372347,0.00230230193115,1.85918556315e-05,7.26244360605e-08,1.85918556315e-05,0.182730124747,0.736827473314,0.0737659462344
56,0.127117869327,0.0614905520992,0.0602148714347,0.0136171339388,0.0346003983701,0.0498887603402,0.329250308075,0.0220546681884,0.0735007214473,0.00397939882395,0.114819754607,0.109465563349,17,1,8,20,1.3226908505e-07,5.16676113478e-10,1.3226908505e-07,0.00513723399168,0.00347543837251,3.12072904145e-10,1.3226908505e-07,5.16676113478e-10,1.3226908505e-07,0.182373844017,0.735390833193,0.073622120004
57,0.010745609037,0.180234241491,0.015048046501,0.0480541337249,0.0451949087285,0.128889412396,0.0263456288305,0.251454685289,0.0510417205374,0.0042843672694,0.102554706795,0.136152539402,17,1,8,20,3.08042164996e-05,1.20328970702e-07,3.08042164996e-05,4.37080936102e-07,4.86910650312e-05,4.15386586693e-10,3.08042164996e-05,1.20328970702e-07,3.08042164996e-05,0.170051350871,0.754264450222,0.075511612822
58,0.158534267463,0.110711958139,0.0132481986428,0.239739574974,0.0566693539377,0.013456950741,0.11866957497,0.12208943927,0.0515914293793,0.0363054727497,0.0487321927677,0.0302515869662,17,1,8,20,0.000667950655648,2.60918224862e-06,0.000667950655648,0.00901470592709,0.00916773553641,0.00793038853296,0.000667950655648,2.60918224862e-06,0.000667950655648,0.178662181828,0.720424200419,0.0721237667687
59,0.0683937518067,0.045890498124,0.0141237404584,0.0238783510767,0.10117415396,0.0934721054434,0.138243038346,0.035347634749,0.0923645325639,0.290411856152,0.078858924079,0.0178414132411,17,1,8,20,1.39295370848e-05,5.44122542376e-08,1.39295370848e-05,0.0016339178597,0.000419836269215,0.000994864800243,1.39295370848e-05,5.44122542376e-08,1.39295370848e-05,0.183387225649,0.73947711851,0.0740312099388
60,0.101646637027,0.293866545176,0.00183077329528,0.2195253244,0.084955443782,0.0359028896404,0.00968795397425,0.0750216256742,0.0496435151399,0.0195489620183,0.0811887496176,0.027181580255,17,1,8,20,5.56558642964e-05,2.17405719908e-07,5.56558642964e-05,1.47692200389e-05,3.04541951799e-05,0.0121623479531,5.56558642964e-05,2.17405719908e-07,5.56558642964e-05,0.18167159661,0.732559142553,0.0733386311995
61,0.07158091431,0.0420488458999,0.0248572420297,0.00144741566762,0.253777825647,0.0498989886138,0.0858204602267,0.00588375682886,0.0351547173018,0.155266247354,0.16372080612,0.11054278,17,1,8,20,4.93886214777e-07,1.92924302647e-09,4.93886214777e-07,4.10684514541e-07,0.000889171923261,0.000103580452136,4.93886214777e-07,1.92924302647e-09,4.93886214777e-07,0.183775249554,0.741041757476,0.0741878505066
62,0.176034730599,0.0723287070189,0.14409371866,0.150752892188,0.0614130201844,0.0447682682026,0.0388343084081,0.00546775459208,0.0466033310353,0.199026609987,0.0587768034087,0.00189985571596,17,1,8,20,1.79723437219e-06,7.02044676637e-09,1.79723437219e-06,0.0415514386981,0.000351519452273,0.00409954714768,1.79723437219e-06,7.02044676637e-09,1.79723437219e-06,0.175494445909,0.70765085581,0.070844990005
63,0.0148849554713,0.359656446267,0.0189784137985,0.0490127000676,0.00422766036853,0.0417261486301,0.0335049844589,0.071364375076,0.0909985788184,0.102050051345,0.190960792006,0.0226348936935,17,1,8,20,8.93849856398e-06,3.49160100156e-08,8.93849856398e-06,0.00882595029547,0.000736300931644,0.00184626011229,8.93849856398e-06,3.49160100156e-08,8.93849856398e-06,0.181853033679,0.733290756001,0.0734118751545
64,0.143860084427,0.101827229291,0.143888518757,0.165642447459,0.0475373704635,0.0704567514031,0.0322503134266,0.052744374522,0.0299542765757,0.134352320534,0.0661397360549,0.0113465770869,17,1,8,20,2.47952569907e-08,9.68564726201e-11,2.47952569907e-08,0.107405536161,0.000368923398024,3.26043510388e-08,2.47952569907e-08,9.68564726201e-11,2.47952569907e-08,0.0179587757431,0.7947062713,0.0795603614196
65,0.133538783151,0.0218125710472,0.143769794643,0.0489710968113,0.123157096744,0.0348449286903,0.0417434691216,0.286325118284,0.0372605937489,0.0828875969815,0.00401620385489,0.0416727469224,17,1,8,20,0.000913856691207,3.56975270003e-06,0.000913856691207,0.00301968601976,0.00266580129372,0.00262800487497,0.000913856691207,3.56975270003e-06,0.000913856691207,0.181755218758,0.732896334332,0.0733723884514
66,0.0217022661433,0.0276133428331,0.0999315977549,0.0182586953479,0.12876982927,0.0479348720709,0.062155467719,0.201220716288,0.0990748988788,0.000194165628822,0.0620390297242,0.231105118341,17,1,8,20,2.47690029839e-05,9.67539179058e-08,2.47690029839e-05,5.95111802879e-06,0.000221181324821,1.90760482585e-06,2.47690029839e-05,9.67539179058e-08,2.47690029839e-05,0.183897919009,0.741536400738,0.0742373706854
67,0.196350936149,0.199577536401,0.173540095356,0.0133196905596,0.0146251418349,0.0838672331555,0.0459682101482,0.0350624797855,0.100330592568,0.10951261801,0.0121027692434,0.0157426967885,17,1,8,20,1.34145649665e-06,5.24006444004e-09,1.34145649665e-06,0.145929271165,0.0030896887785,4.87442262122e-07,1.34145649665e-06,5.24006444004e-09,1.34145649665e-06,0.156543958931,0.631236310277,0.0631949071003
68,0.0838076711274,0.051226488782,0.112552249691,0.179169307452,0.00863127444128,0.162889889286,0.120094540087,0.130037859944,0.119579119519,0.000684816957973,0.0185547312867,0.0127720514246,17,1,8,20,1.49146021414e-06,5.82601646148e-09,1.49146021414e-06,0.107415854779,0.00671755058282,0.0935381005751,1.49146021414e-06,5.82601646148e-09,1.49146021414e-06,0.145754314517,0.587728944197,0.0588392578564
69,0.0184150527179,0.00300979929175,0.0147034738072,0.0205924121486,0.0300094195037,0.0768470583172,0.141400708279,0.059877158084,0.291692416501,0.082894649121,0.0241361063743,0.236421745854,17,1,8,20,4.78899088476e-05,1.87069956436e-07,4.78899088476e-05,0.000615161244643,3.55103339501e-05,0.000168908342893,4.78899088476e-05,1.87069956436e-07,4.78899088476e-05,0.183772237929,0.741029613624,0.0741866347502
70,0.127031948746,0.267783833644,0.037038581863,0.113225929203,0.0236478541255,0.00750736738607,0.00836807988838,0.0722114425899,0.087151841514,0.152976516361,0.0126390873975,0.0904175172811,17,1,8,20,3.07680648019e-09,1.20187753132e-11,3.07680648019e-09,0.0682252429697,0.000113273185995,0.000300695501269,3.07680648019e-09,1.20187753132e-11,3.07680648019e-09,0.171331558345,0.690864735135,0.069164482532
71,0.168553041656,0.0373221287569,0.00962744272387,0.0720813524151,0.203634880852,0.109278704914,0.00261911475669,0.233689801939,0.0453643638995,0.0401510770075,0.0225466618308,0.0551314292487,17,1,8,20,0.000103205688999,4.03147222651e-07,0.000103205688999,4.99653509941e-06,0.00961301445255,9.97705306458e-06,0.000103205688999,4.03147222651e-07,0.000103205688999,0.0199262509565,0.881756880309,0.0882752516435
72,0.233170375744,0.119030359991,0.0953662839967,0.0530904896131,0.00428531850316,0.0569617083717,0.0935601830682,0.0501194155251,0.155158398738,0.000574040097294,0.066366492938,0.0723169334129,17,1,8,20,8.70466630523e-05,3.40026027548e-07,8.70466630523e-05,0.0966933582809,0.00176761385254,0.000565278238873,8.70466630523e-05,3.40026027548e-07,8.70466630523e-05,0.165677435225,0.668065466419,0.0668819812801
73,0.00289714539686,0.074038045815,0.304924028686,0.116931988851,0.244030025443,0.0126556803531,0.0383644565891,0.100997426719,0.00380138516667,0.0384835801027,0.0446311208175,0.0182451160604,17,1,8,20,3.47466756921e-05,1.35729201922e-07,3.47466756921e-05,0.222250703745,0.00368722809609,0.00121387945983,3.47466756921e-05,1.35729201922e-07,3.47466756921e-05,0.142146232294,0.573179979641,0.0573827186038
74,0.0442671867361,0.0189359964631,0.137489733121,0.061139907178,0.0274015632837,0.0464267751595,0.0293098201166,0.0434632697975,0.0723641962174,0.0654091040205,0.161583692182,0.292208755724,17,1,8,20,4.25709537752e-06,1.66292788184e-08,4.25709537752e-06,0.00625425542421,0.00194789020789,8.66759408765e-05,4.25709537752e-06,1.66292788184e-08,4.25709537752e-06,0.0199612798323,0.883302817075,0.0884300198796
75,0.15296759802,0.000718037891998,0.0849829787775,0.118160157389,0.155428428915,0.0205305996369,0.0973367196272,0.140761562475,0.159918527137,0.0267681451023,0.0162840612292,0.026143183799,17,1,8,20,0.00168780508752,6.59298862312e-06,0.00168780508752,1.61473440584e-06,0.0198771767749,0.00350712649342,0.00168780508752,6.59298862312e-06,0.00168780508752,0.164952451551,0.731649645337,0.0732475787819
76,0.0310291351199,0.276084048936,0.0152003536637,0.0444209111465,0.045782195991,0.0490548004998,0.136699676415,0.0239564685544,0.229977550516,0.00559539732606,0.116075992219,0.0261234696138,17,1,8,20,8.75399659518e-07,3.41952991999e-09,8.75399659518e-07,0.000100644150509,3.29793353909e-07,0.010499690721,8.75399659518e-07,3.41952991999e-09,8.75399659518e-07,0.182007588475,0.733913971361,0.0734742670609
77,0.0482648772352,0.318569872518,0.0535423416135,0.0609780984976,0.00763091722851,0.00464025949967,0.101142396742,0.0352283779553,0.128901723986,0.0633467512346,0.171209157099,0.00654522639032,17,1,8,20,1.54330794e-05,6.02854664062e-08,1.54330794e-05,0.0274418635187,0.00140371311577,0.000901772576204,1.54330794e-05,6.02854664062e-08,1.54330794e-05,0.178474663704,0.719668066226,0.0720480679704
78,0.0427206619237,0.00889790164773,0.138578524713,0.0554652470711,0.0338244049931,0.0273701447781,0.11450161994,0.0304504695756,0.269648248092,0.0593210119085,0.0359000866706,0.183321678686,17,1,8,20,2.577474798e-07,1.00682609297e-09,2.577474798e-07,0.0361346775274,1.46976734048e-07,0.00164088735273,2.577474798e-07,1.00682609297e-09,2.577474798e-07,0.17700896798,0.713757902871,0.0714563842886
79,0.00340854170172,0.0261852220132,0.413166442653,0.0991301646983,0.0930714149042,0.0469515483085,0.0233937017903,0.0014624051604,0.120564878096,0.0208174342178,0.00742766680034,0.144420579657,17,1,8,20,3.98601834947e-06,1.55703841776e-08,3.98601834947e-06,0.117450105318,0.00400142988137,0.000752324750947,3.98601834947e-06,1.55703841776e-08,3.98601834947e-06,0.161474959435,0.651119712902,0.065185492498
80,0.039790946547,0.0102673855286,0.129043590102,0.138294168226,0.036731889713,0.256490921431,0.0307925121262,0.109033486419,0.0260400754788,0.0436270042393,0.0852945927555,0.0945934274344,17,1,8,20,2.09807155055e-05,8.19559199432e-08,2.09807155055e-05,3.23096703823e-06,0.000149007643414,3.90215878446e-06,2.09807155055e-05,8.19559199432e-08,2.09807155055e-05,0.18391412243,0.741601738216,0.0742439118109
81,0.0597524571391,0.0779438004054,0.0668511016296,0.0457586414592,0.250998788862,0.117215722201,0.0167072139455,0.0561465449663,0.0185082752713,0.0503457566268,0.0950415158645,0.144730181629,17,1,8,20,4.17697252333e-07,1.63162989193e-09,4.17697252333e-07,1.54494407817e-06,0.00193974980327,0.000731550533129,4.17697252333e-07,1.63162989193e-09,4.17697252333e-07,0.169625802686,0.752377021182,0.075322656799
82,0.0339450740579,0.0888238003779,0.0781067472813,0.0302353046772,0.108308750346,0.0885883666822,0.038981041306,0.0258126022895,0.0289648834685,0.0106363606046,0.00298627459218,0.464610794317,17,1,8,20,1.18859759879e-07,4.64295937028e-10,1.18859759879e-07,0.0208377379286,3.97765863228e-07,0.000145284634966,1.18859759879e-07,4.64295937028e-10,1.18859759879e-07,0.18009815202,0.726214500676,0.0727034506063
83,0.107956776455,0.0755492861641,0.0330987144886,0.0873207488229,0.327860907596,0.00562353343275,0.00285127873473,0.0939137709123,0.019807101252,0.0930535048723,0.0565583598803,0.0964060173891,17,1,8,20,1.7324451705e-06,6.76736394725e-09,1.7324451705e-06,5.11124845961e-10,1.80432900659e-06,0.00228413499185,1.7324451705e-06,6.76736394725e-09,1.7324451705e-06,0.183536519365,0.740079119477,0.0740914780104
84,0.07643634005,0.0368168059576,0.0341443569883,0.117274881002,0.0155823583149,0.449189764473,0.00838266819631,0.0435743806081,0.088908347505,0.0423540020247,0.0720238881022,0.0153122067779,17,1,8,20,1.42887775798e-07,5.58155374209e-10,1.42887775798e-07,8.86528967161e-08,0.0131783877758,6.35922522292e-10,1.42887775798e-07,5.58155374209e-10,1.42887775798e-07,0.181533918511,0.732003979544,0.0732830522124
85,0.0241307303453,0.192405530623,0.101626098063,0.0423665017361,0.0122413486323,0.0297806269441,0.118243810745,0.170435897654,0.025081854777,0.053062948564,0.0445613733887,0.186063278527,17,1,8,20,1.36143259962e-07,5.31809609225e-10,1.36143259962e-07,5.72925465977e-08,0.00207062084427,1.17888482932e-07,1.36143259962e-07,5.31809609225e-10,1.36143259962e-07,0.183577273763,0.740243454506,0.0741079300691
86,0.236560692621,0.089844134607,0.0577788242116,0.045465541576,0.0437447559217,0.13439342196,0.112866080496,0.0439072559719,0.0516250742076,0.0227174038919,0.0405737322887,0.120523082247,17,1,8,20,8.20878675575e-05,3.20655732647e-07,8.20878675575e-05,7.59661396527e-05,0.00571879755624,1.50027309682e-06,8.20878675575e-05,3.20655732647e-07,8.20878675575e-05,0.182831522377,0.737236341638,0.0738068792341
87,0.0289347179185,0.0414767855996,0.225703522132,0.182233908613,0.0496329818758,0.0712106606468,0.165994319431,0.0141526460989,0.021788883211,0.124489079317,0.013049659419,0.0613328357379,17,1,8,20,1.18008767691e-05,4.60971748793e-08,1.18008767691e-05,5.00695767702e-06,0.00311496211835,4.2751820842e-09,1.18008767691e-05,4.60971748793e-08,1.18008767691e-05,0.0200647186958,0.887879779338,0.0888882329138
88,0.154889080148,0.0501642793565,0.104385238435,0.0279317184198,0.0182211799952,0.359177318845,0.04203545948,0.0145956843823,0.00903704829194,0.114614934812,0.0778515840358,0.0270964737978,17,1,8,20,1.51926273801e-05,5.93462007036e-08,1.51926273801e-05,1.51547276896e-10,2.01083443847e-05,0.00255583819653,1.51926273801e-05,5.93462007036e-08,1.51926273801e-05,0.183473246398,0.739823982231,0.074065935477
89,0.044710600886,0.135759351672,0.00515989238961,0.0225129105087,0.00638561309982,0.091228427818,0.0216312885883,0.0928105646852,0.0963911623058,0.0545048276089,0.184225625305,0.244679735133,17,1,8,20,1.03671869645e-07,4.04968240801e-10,1.03671869645e-07,5.16482332086e-09,0.000189905779606,3.51600318007e-09,1.03671869645e-07,4.04968240801e-10,1.03671869645e-07,0.183923301506,0.741638751244,0.0742476172929
90,0.0228730643003,0.145385609818,0.0192832193836,0.104100211101,0.0317400642181,0.0891332667269,0.332974476885,0.0557945521098,0.0123741397537,0.0297379734452,0.00522153574136,0.151381886516,17,1,8,20,1.44446652892e-07,5.64244737858e-10,1.44446652892e-07,2.14490264439e-07,0.00128569325775,0.00484239969735,1.44446652892e-07,5.64244737858e-10,1.44446652892e-07,0.18283085468,0.737233649266,0.0738066096929
91,0.0151170763015,0.0521723093972,0.393528193498,0.119804206418,0.0221391717084,0.067811682993,0.0435517281427,0.146509940916,0.00726725048594,0.00374140421318,0.0604848039392,0.0678722319871,17,1,8,20,3.89567219846e-05,1.52174695252e-07,3.89567219846e-05,0.0877983144315,1.04646587539e-05,0.0004886485254,3.89567219846e-05,1.52174695252e-07,3.89567219846e-05,0.167686546705,0.676166859123,0.0676930353196
92,0.0771543511876,0.0249440370944,0.0300098518836,0.0344378834328,0.0168791847165,0.058302355115,0.0967977641339,0.0675648971171,0.0514571848889,0.169440479066,0.276904580042,0.0961074313228,17,1,8,20,1.00023923222e-05,3.90718450086e-08,1.00023923222e-05,1.4190084846e-05,7.19775581531e-05,6.70898671352e-05,1.00023923222e-05,3.90718450086e-08,1.00023923222e-05,0.183922746822,0.74163651458,0.0742473933741
93,0.031082641796,0.22799539717,0.127623342233,0.0369712925796,0.217907530635,0.0142207387444,0.16197886451,0.0113269185718,0.0297348378309,0.00694320100741,0.129311635803,0.00490359911881,17,1,8,20,1.51316603744e-07,5.91080483377e-10,1.51316603744e-07,0.0215166452427,0.00926935121516,0.00039882714983,1.51316603744e-07,5.91080483377e-10,1.51316603744e-07,0.17822149514,0.718647207933,0.0719458668708
94,0.00931885364922,0.0974174407491,0.143129770779,0.0830434780354,0.0505697954268,0.332997078751,0.0177828080804,0.159543751434,0.0113100854488,0.00582746173525,0.0642095661929,0.0248499097178,17,1,8,20,0.000154116345582,6.02016974928e-07,0.000154116345582,5.37328909511e-06,0.0220298704049,5.33549021413e-09,0.000154116345582,6.02016974928e-07,0.000154116345582,0.179791121593,0.724976453833,0.0725795061279
95,0.0440879596353,0.018030661953,0.0338225627959,0.00383009565184,0.0761005766444,0.0847442884538,0.152179151825,0.123814488706,0.183855836452,0.0827422601558,0.174114921228,0.0226771964998,17,1,8,20,0.000176921278546,6.91098744322e-07,0.000176921278546,0.06480642042,0.000484924255009,9.84700280314e-05,0.000176921278546,6.91098744322e-07,0.000176921278546,0.171798875372,0.692749109837,0.0693531327765
96,0.0481869880681,0.129125133313,0.099158125684,0.0313132676451,0.117358082518,0.0142915827982,0.206949119757,0.00883972796118,0.00815813763272,0.0593687357338,0.0869986602066,0.190252438683,17,1,8,20,8.64103373442e-07,3.37540380251e-09,8.64103373442e-07,0.0321618650327,2.69370622968e-05,6.53035272227e-05,8.64103373442e-07,3.37540380251e-09,8.64103373442e-07,0.178024266307,0.717851916936,0.0718662479708
97,0.0949906904512,0.089004898667,0.0319886837321,0.0216512343004,0.0458213865373,0.0651292837627,0.361999540733,0.0631692351865,0.0125078877085,0.0613651475644,0.0763716517016,0.076000359655,17,1,8,20,1.5134671298e-05,5.91198097579e-08,1.5134671298e-05,1.37435704984e-06,0.000469100004189,0.00138242890886,1.5134671298e-05,5.91198097579e-08,1.5134671298e-05,0.183606298976,0.740360493632,0.0741196471972
98,0.00325093658826,0.13740737674,0.0417346015282,0.00655411557216,0.330651052882,0.00599844559338,0.0979378085083,0.0771798722543,0.00672002769304,0.00307399326354,0.00132723097813,0.288164538399,17,1,8,20,6.49389163049e-08,2.53667641816e-10,6.49389163049e-08,0.00192237840659,0.00187820775357,0.00180865093985,6.49389163049e-08,2.53667641816e-10,6.49389163049e-08,0.182926400605,0.737618921602,0.0738451804296
99,0.0207299166726,0.204936313406,0.0393170369354,0.0186289503862,0.0147326886138,0.0794316005707,0.00718942275304,0.184623853735,0.000353058093248,0.211293430246,0.0740517119275,0.144712016661,17,1,8,20,1.25141038668e-06,4.88832182295e-09,1.25141038668e-06,2.36460882751e-06,0.000545894248691,0.000250479993866,1.25141038668e-06,4.88832182295e-09,1.25141038668e-06,0.183810457003,0.741183725398,0.0742020633291
100,0.0137951370341,0.227472585502,0.114462990349,0.00474306938378,0.0323261081677,0.0165395185334,0.0129137644034,0.0492231109434,0.0147932252477,0.354605051542,0.0177823385972,0.141343100296,17,1,8,20,6.07643975042e-07,2.37360927751e-09,6.07643975042e-07,0.00248917901028,0.000380878876436,1.8661929987e-06,6.07643975042e-07,2.37360927751e-09,6.07643975042e-07,0.183429551972,0.73964779206,0.0740482965653
101,0.0570548529384,0.241469370387,0.0143973323506,0.0183479247434,0.0335720211433,0.0490006394849,0.0288105812388,0.0133831051653,0.155352701966,0.0757833844336,0.306881091646,0.00594699450266,17,1,8,20,4.25462618741e-06,1.66196335446e-08,4.25462618741e-06,0.00342872413921,4.34354910808e-06,0.000156202463839,4.25462618741e-06,1.66196335446e-08,4.25462618741e-06,0.183294901387,0.739104836968,0.0739939397484
102,0.312120820262,0.0712834003242,0.00544031135185,0.184286102975,0.17755526173,0.017624861401,0.014809449356,0.103576201126,0.0446850672109,0.027463825211,0.0252877010948,0.0158669979573,17,1,8,20,7.63796255335e-05,2.9835791224e-07,7.63796255335e-05,0.209258685098,0.0060503243409,4.81439339693e-05,7.63796255335e-05,2.9835791224e-07,7.63796255335e-05,0.0157867939412,0.698610048989,0.0699398884798
103,0.0313413457869,0.000587572178939,0.0114385750494,0.0473555391911,0.0621781767125,0.377485249699,0.0553533129552,0.130219845406,0.0717327262935,0.0700600894422,0.109957769795,0.0322897974901,17,1,8,20,5.43483428619e-05,2.12298214304e-07,5.43483428619e-05,0.102363964879,4.26148851851e-05,0.000209503361757,5.43483428619e-05,2.12298214304e-07,5.43483428619e-05,0.165041163187,0.665499809801,0.0666251259172
104,0.112512003824,0.372279576451,0.00408142624882,0.0196447601968,0.0312882654488,0.0861508579163,0.187977687742,0.00767682538823,0.0735088148452,0.0532970245264,0.0419014529764,0.00968130443612,17,1,8,20,4.58430907142e-06,1.79074573102e-08,4.58430907142e-06,0.0311630806888,0.000231707237833,0.0504201383616,4.58430907142e-06,1.79074573102e-08,4.58430907142e-06,0.168904398485,0.681077634789,0.0681846673866
105,0.0808572774349,0.0871793135069,0.00463873059822,0.0122171017069,0.122809413849,0.0134700521394,0.0348748140039,0.0874051977184,0.324373277012,0.0441157022953,0.0755447385727,0.112514381162,17,1,8,20,2.24000891413e-08,8.75003482083e-11,2.24000891413e-08,0.0281227064164,0.00268289276132,1.74085348151e-12,2.24000891413e-08,8.75003482083e-11,2.24000891413e-08,0.0195082952644,0.86326230953,0.0864237062504
106,0.0288338650803,0.097580369233,0.182517830254,0.18763980561,0.0433777595861,0.218134858938,0.0533912512913,0.0977664853878,0.0195144920478,0.0106203490882,0.0319030348267,0.0287198986571,17,1,8,20,0.000255608149068,9.98469332297e-07,0.000255608149068,0.173695228112,1.13291995003e-05,0.00729674159268,0.000255608149068,9.98469332297e-07,0.000255608149068,0.150472800135,0.60675541783,0.0607440535948
107,0.224384682787,0.0789250305282,0.00886454342382,0.0860246338056,0.0191410862615,0.0157476590595,0.038842235055,0.255441461937,0.00930989113065,0.0386553603077,0.110396559958,0.114266855745,17,1,8,20,6.15791638873e-08,2.40543608935e-10,6.15791638873e-08,1.10287876105e-06,0.00303375346877,1.08479116343e-08,6.15791638873e-08,2.40543608935e-10,6.15791638873e-08,0.18339997983,0.739528547529,0.0740363586477
108,0.00979572958797,0.0165432506617,0.0161498138371,0.0845591221302,0.244931924872,0.00608285112723,0.119369127371,0.121685209376,0.193395938665,0.133458561891,0.00462145731027,0.0494070131707,17,1,8,20,8.39822690698e-05,3.28055738554e-07,8.39822690698e-05,1.1254020819e-08,0.000210190148205,7.3662370536e-05,8.39822690698e-05,3.28055738554e-07,8.39822690698e-05,0.183844177539,0.741319697598,0.0742156759024
109,0.0689722731012,0.0365285333234,0.032313722844,0.0345057738455,0.00538978039824,0.0617434018379,0.237122716398,0.0515789804459,0.305508160365,0.0308521456064,0.0413478396986,0.0941366721367,17,1,8,20,1.79079200263e-06,6.99528126026e-09,1.79079200263e-06,6.9512418774e-06,7.39027999402e-06,0.00939547133411,1.79079200263e-06,6.99528126026e-09,1.79079200263e-06,0.182225980675,0.734794599954,0.0735624293564
110,0.001844834483,0.120151123971,0.00839869454494,0.0418160662076,0.165807018443,0.148771524547,0.1459684995,0.0199318648164,0.145476746234,0.0369013535982,0.0820474784457,0.0828847952087,17,1,8,20,3.71646219428e-05,1.45174304464e-07,3.71646219428e-05,2.53153815973e-05,0.00120875113213,0.00264092273521,3.71646219428e-05,1.45174304464e-07,3.71646219428e-05,0.169396281807,0.751359036702,0.0752207434052
111,0.0196184828264,0.282734316918,0.153334535072,0.0279692477169,0.0194739070862,0.0247776571098,0.0292534888599,0.0341480023772,0.147065078487,0.0390782222927,0.0797458218255,0.142801239429,17,1,8,20,1.92044808392e-10,7.5017503278e-13,1.92044808392e-10,1.38729227995e-06,0.000848199872228,0.00244199777004,1.92044808392e-10,7.5017503278e-13,1.92044808392e-10,0.183352799726,0.73933830196,0.0740173126093
112,0.115333870177,0.0664967461976,0.0573920990243,0.0389791120004,0.0740162384252,0.0455834280127,0.0720063229165,0.0234325208256,0.0266674389451,0.121486072334,0.30372120694,0.0548849442018,17,1,8,20,1.24813579299e-05,4.87553044138e-08,1.24813579299e-05,1.33746277033e-05,2.66685264124e-05,0.00012418190645,1.24813579299e-05,4.87553044138e-08,1.24813579299e-05,0.183918901582,0.741621009318,0.074245841097
113,0.000407775453636,0.0561292348275,0.119215539633,0.05046089517,0.13975147759,0.0349737099267,0.0470421648569,0.27299010268,0.0963489527831,0.0392074247454,0.106083364308,0.0373893580254,17,1,8,20,0.000168887544586,6.59716971039e-07,0.000168887544586,0.00139343871156,0.00261661932877,0.000689214370895,0.000168887544586,6.59716971039e-07,0.000168887544586,0.169166293037,0.750338945807,0.0751186191321
114,0.0846525176331,0.199142113699,0.0241141435777,0.0726126904818,0.0181324828837,0.251559077777,0.112331594147,0.0274457882548,0.0746703055952,0.00915628308359,0.110265212177,0.01591779069,17,1,8,20,6.89006564059e-09,2.69143189085e-11,6.89006564059e-09,0.021855134825,0.000196733613002,0.000765428083578,6.89006564059e-09,2.69143189085e-11,6.89006564059e-09,0.179645537756,0.724959344814,0.0725777932942
115,0.0264204757804,0.0157996205522,0.108387324029,0.240070698974,0.101978778446,0.138086188496,0.0601892256496,0.0236638441886,0.025099135245,0.121988311483,0.039334992961,0.0989814041945,17,1,8,20,3.37940737335e-05,1.32008100521e-07,3.37940737335e-05,1.83066484127e-06,4.08777817849e-05,3.71417940567e-05,3.37940737335e-05,1.32008100521e-07,3.37940737335e-05,0.183918709797,0.741620235976,0.0742457636755
116,0.0205316372712,0.0504971776197,0.131220169844,0.0543239686169,0.167564350345,0.0414425567571,0.110310933975,0.103769108555,0.0890436653135,0.105001640511,0.0654824843186,0.0608123068727,17,1,8,20,4.34845668903e-06,1.69861589415e-08,4.34845668903e-06,8.86156508631e-08,0.0014818308924,0.00103513557146,4.34845668903e-06,1.69861589415e-08,4.34845668903e-06,0.183492075086,0.739899905644,0.0740735363912
117,0.0350398305171,0.121960281429,0.0437440686514,0.00199827200434,0.00350416123715,0.0789998410976,0.026311956848,0.0595831950675,0.1322837861,0.0258850408243,0.390095367254,0.08059419897,17,1,8,20,4.63444770162e-07,1.81033113345e-09,4.63444770162e-07,0.0119476704565,6.5569097519e-07,1.38583087815e-06,4.63444770162e-07,1.81033113345e-09,4.63444770162e-07,0.181759723723,0.732914499845,0.0733742070539
118,0.00381005682639,0.113446199145,0.0632983527242,0.137936111227,0.211518306043,0.0154360591295,0.0162352337027,0.0435302495984,0.0351285644553,0.00149689611669,0.112747686554,0.245416284477,17,1,8,20,2.11683792999e-09,8.26889816403e-12,2.11683792999e-09,0.0562983403719,0.000173417260618,0.000306339700892,2.11683792999e-09,8.26889816403e-12,2.11683792999e-09,0.173513509649,0.699663074591,0.0700453099425
119,0.0998276337638,0.0992536965935,0.249053915098,0.000885562131541,0.141201404798,0.0975882706726,0.0451718685768,0.0217061981094,0.136649143002,0.0185802008026,0.0309107594231,0.0591713470277,17,1,8,20,1.03667999228e-09,4.04953121983e-12,1.03667999228e-09,0.159084863854,0.011000535339,1.14917189361e-09,1.03667999228e-09,4.04953121983e-12,1.03667999228e-09,0.152669689922,0.615613994093,0.0616309114875
120,0.0697130779851,0.0448492028102,0.0755295848512,0.0261202391816,0.0121902637157,0.332254421492,0.246931568239,0.00820732064715,0.0481002191386,0.0347112570618,0.0763919095066,0.0250009353705,17,1,8,20,0.000150798955801,5.89058421097e-07,0.000150798955801,0.0198472201546,0.00294674289874,0.000104198465479,0.000150798955801,5.89058421097e-07,0.000150798955801,0.0196553112378,0.869767221367,0.0870749319365
121,0.0547875548956,0.0932496807875,0.00804636912094,0.12080531016,0.0371976883815,0.213377363269,0.000226731612949,0.194097579667,0.0584521112435,0.0602131011553,0.0793058989378,0.0802406107691,17,1,8,20,2.81022977317e-05,1.09774600515e-07,2.81022977317e-05,2.22344670735e-08,0.00274919331719,0.000344815086221,2.81022977317e-05,1.09774600515e-07,2.81022977317e-05,0.18336842263,0.739401298605,0.074023619387
122,0.0539294596168,0.066574892575,0.0478428063708,0.10609449054,0.00443055404409,0.0214803407579,0.176250575089,0.152737532669,0.00249291400959,0.10636463103,0.0859406034073,0.175861199891,17,1,8,20,4.98242466128e-05,1.94625963331e-07,4.98242466128e-05,0.000441653513373,0.00038467045162,2.00228015923e-05,4.98242466128e-05,1.94625963331e-07,4.98242466128e-05,0.183765887816,0.741004007894,0.0741840712859
123,0.0252735994986,0.0428040982055,0.0570402741515,0.00163117556371,0.151189395421,0.139003763997,0.00633577314665,0.0153268671561,0.299619492937,0.108001658603,0.0417954564415,0.111978444878,17,1,8,20,0.000117330454694,4.5832208865e-07,0.000117330454694,0.000210889597611,3.54483236803e-05,1.05551331109e-05,0.000117330454694,4.5832208865e-07,0.000117330454694,0.183824552396,0.741240562618,0.0742077534689
124,0.0412074173973,0.0734166118086,0.182842673364,0.00231533074922,0.00901758813612,0.174644023032,0.0221689020326,0.0922427224138,0.0476964766948,0.207501817236,0.109059360222,0.0378870769134,17,1,8,20,3.29793175542e-08,1.28825459196e-10,3.29793175542e-08,0.000384054701843,0.00212911405387,5.20941001647e-09,3.29793175542e-08,1.28825459196e-10,3.29793175542e-08,0.183495970723,0.739915614124,0.0740751090129
125,0.0979667086693,0.131562732686,0.0346090348245,0.0860592085294,0.00457283646583,0.0342498183927,0.0571140933236,0.100704934,0.0423148047875,0.106758828687,0.215358969575,0.0887280300589,17,1,8,20,2.17779109042e-06,8.50699644696e-09,2.17779109042e-06,0.0145103171171,0.000260484130843,2.27519938342e-06,2.17779109042e-06,8.50699644696e-09,2.17779109042e-06,0.181239078423,0.730815088125,0.0731640288267
126,0.00356330321491,0.0298663563174,0.00149971423224,0.0965720040631,0.00520492840556,0.13664899314,0.220727245093,0.189980336977,0.0548680432133,0.02878136608,0.0967141778837,0.13557353138,17,1,8,20,1.23629065804e-05,4.82926038295e-08,1.23629065804e-05,0.0407470991809,0.0035560018791,0.000316789255551,1.23629065804e-05,4.82926038295e-08,1.23629065804e-05,0.175740999672,0.708645041016,0.0709445207841
127,0.135581511095,0.0399836187689,0.00557471682417,0.00310285360719,0.171226264125,0.211212304828,0.0648330413178,0.086327504771,0.0937535688763,0.0990873814944,0.0852648259277,0.00405240836452,17,1,8,20,2.28244555155e-05,8.91580293575e-08,2.28244555155e-05,0.0620719815439,3.8874755314e-07,2.23844256873e-05,2.28244555155e-05,8.91580293575e-08,2.28244555155e-05,0.172518640084,0.695651435956,0.0696436931047
128,0.0640466933114,0.0166438191336,0.0874848163671,0.0508234666955,0.0929421089367,0.0883883696332,0.0307938181704,0.164981788934,0.11319959675,0.0865056819012,0.00102333355931,0.203166506607,17,1,8,20,4.5779548112e-06,1.78826359813e-08,4.5779548112e-06,0.0300569772428,0.00134562478869,0.000154046429895,4.5779548112e-06,1.78826359813e-08,4.5779548112e-06,0.16471032757,0.730574712284,0.0731399641005
129,0.130915371474,0.114191803254,0.0185470909307,0.13794171607,0.0569944060549,0.0371019205674,0.106727881391,0.146047527095,0.157394957775,0.00359675253389,0.0811791276754,0.00936144517887,17,1,8,20,0.000503794354199,1.96794669609e-06,0.000503794354199,0.00137844739702,0.0204649664303,0.00153979516248,0.000503794354199,1.96794669609e-06,0.000503794354199,0.165760074328,0.735231440623,0.0736061627491
130,0.165614706782,0.021289288587,0.0489741392422,0.00549466944602,0.0455008145868,0.07194069951,0.130324154711,0.0557201761489,0.0431445370812,0.199560179156,0.0491026271915,0.163334007558,17,1,8,20,2.01616302188e-06,7.87563680424e-09,2.01616302188e-06,1.13487936531e-05,0.000745205694517,1.09623319844e-05,2.01616302188e-06,7.87563680424e-09,2.01616302188e-06,0.0201128921793,0.890010013711,0.0891014968865
131,0.0278761408293,0.0722788746565,0.00584064148281,0.116574191768,0.0223265130709,0.00312932815301,0.0446377660037,0.307422982503,0.0397067012479,0.155443678647,0.154083362629,0.0506798190094,17,1,8,20,1.93063385962e-05,7.54153851415e-08,1.93063385962e-05,1.5253491748e-05,0.0010885808833,2.7241578727e-06,1.93063385962e-05,7.54153851415e-08,1.93063385962e-05,0.183740519649,0.74090171517,0.0741738304631
132,0.154494793758,0.0534116414939,0.294967033424,0.0456936071853,9.23606073955e-05,0.104857087434,0.00386522273769,0.0397526219851,0.110220921254,0.1101481393,0.0266394917263,0.0558570790957,17,1,8,20,1.63215945315e-05,6.37562286385e-08,1.63215945315e-05,4.54341864443e-08,0.000957962250196,0.00138456055162,1.63215945315e-05,6.37562286385e-08,1.63215945315e-05,0.183515345951,0.739993741364,0.0740829305586
133,0.0184078556557,0.0255616493827,0.146275630132,0.343113770066,0.0243823146037,0.0695928318827,0.0849034374296,0.039396580331,0.2144939766,0.00424068682301,0.0103719516311,0.0192593154623,17,1,8,20,3.12996670332e-05,1.22264324348e-07,3.12996670332e-05,0.427050427618,0.00676297955837,6.86130418222e-05,3.12996670332e-05,1.22264324348e-07,3.12996670332e-05,0.104119032927,0.419841906539,0.0420315971191
134,0.161514358165,0.0297169032593,0.139619844222,0.00770245956441,0.054665474031,0.0335302493902,0.229432866646,0.0913855641103,0.182652693287,0.0411635423695,0.0247021946785,0.00391385027583,17,1,8,20,1.17931142854e-06,4.60668526774e-09,1.17931142854e-06,0.0125443955142,0.00465775627837,0.049230630279,1.17931142854e-06,4.60668526774e-09,1.17931142854e-06,0.171736582204,0.692497923487,0.0693279857787
135,0.0784698976522,0.191664090238,0.245328727616,0.0363621581829,0.10594736693,0.0708875559987,0.0386006152123,0.0163620974672,0.023023705769,0.156415089701,0.0333287573063,0.00360993792671,17,1,8,20,5.18155189064e-07,2.02404370728e-09,5.18155189064e-07,7.22955872418e-05,0.0046888812584,0.00117998161384,5.18155189064e-07,2.02404370728e-09,5.18155189064e-07,0.182865006768,0.737371361625,0.0738203964786
136,0.214129928475,0.087611771213,0.0260848251803,0.18466661983,0.149303633124,0.00605550892485,0.0611466978991,0.0573485023681,0.0714049800632,0.0514915032667,0.076706747187,0.0140492824694,17,1,8,20,7.3226281669e-06,2.8604016277e-08,7.3226281669e-06,0.0886452414349,0.00429268492533,0.000610919860993,7.3226281669e-06,2.8604016277e-08,7.3226281669e-06,0.166743827472,0.672365507644,0.0673124709419
137,0.101131436235,0.144934511577,0.0928444756745,0.0169563898446,0.0635411065646,0.0760820221776,0.189590750372,0.0428323702741,0.0153616127544,0.0727596037775,0.126026261876,0.0579394588718,17,1,8,20,2.74848306788e-06,1.07362619839e-08,2.74848306788e-06,8.62691373242e-06,0.000140927704323,0.00189980096024,2.74848306788e-06,1.07362619839e-08,2.74848306788e-06,0.183577071687,0.740253610513,0.0741089468167
138,0.0368378992037,0.0389382866148,0.00360794918699,0.154788050505,0.0230274624869,0.107224538039,0.0238816905668,0.0358023708314,0.000635470841011,0.0284693616225,0.0297144902885,0.517072429814,17,1,8,20,3.96873137745e-06,1.55028569432e-08,3.96873137745e-06,0.0167540098765,7.14907977708e-05,9.6259428763e-05,3.96873137745e-06,1.55028569432e-08,3.96873137745e-06,0.180842489792,0.729215913391,0.0730039307824
139,0.0264632467465,0.0518321733335,0.0493873942001,0.270290507444,0.00802875872657,0.119294816083,0.116553701922,0.025846742294,0.0440633585482,0.0271745061561,0.00138739572208,0.259677398824,17,1,8,20,6.83924195761e-06,2.67157888969e-08,6.83924195761e-06,0.0620089585966,0.000267820223328,5.75154690742e-06,6.83924195761e-06,2.67157888969e-08,6.83924195761e-06,0.0188740656344,0.835201533441,0.0836144601579
140,0.180920765281,0.0209846052478,0.086347311947,0.147762674829,0.0242279732616,0.065581573799,0.0213443572265,0.0325867227572,0.0586016793429,0.0778518439319,0.00110397535999,0.282686517016,17,1,8,20,4.44014457405e-06,1.73443147424e-08,4.44014457405e-06,5.41327585451e-10,1.04543651763e-06,0.000168359701383,4.44014457405e-06,1.73443147424e-08,4.44014457405e-06,0.183923877113,0.741641072282,0.0742478496588
141,0.0383366765751,0.0179517533631,0.115886538303,0.0405431691421,0.00313266596097,0.116541208116,0.0660840020414,0.172308993269,0.0712968633436,0.00120948995979,0.243490810669,0.113217829256,17,1,8,20,1.60195074398e-05,6.25762009366e-08,1.60195074398e-05,2.32753932892e-07,0.000632935522438,1.32556674656e-09,1.60195074398e-05,6.25762009366e-08,1.60195074398e-05,0.183829971195,0.741262687559,0.0742099684613
142,0.0809028649905,0.163650567057,0.00134806145044,0.0107276016614,0.00707469759269,0.063542307647,0.0374101064297,0.13069142986,0.188955564219,0.0402999596529,0.0934148363452,0.181982003094,17,1,8,20,7.13804811979e-07,2.78830004679e-09,7.13804811979e-07,4.2916295465e-07,1.34338887444e-06,0.00154498815244,7.13804811979e-07,2.78830004679e-09,7.13804811979e-07,0.169817134425,0.753225630521,0.0754076135536
143,0.14885254949,0.0710089999735,0.228276930308,0.136343128462,0.0213815009278,0.0051151165195,0.00104430114865,0.00330652211761,0.0355050374084,0.290739042661,0.0540927944074,0.00433407657568,17,1,8,20,3.64266300361e-06,1.42291523578e-08,3.64266300361e-06,1.14060989689e-08,0.000454838354659,8.7464729558e-09,3.64266300361e-06,1.42291523578e-08,3.64266300361e-06,0.183871950974,0.741431702381,0.0742268890277
144,0.018928733721,0.00365543346328,0.147582528845,0.0227439500282,0.0810701280938,0.0378228604915,0.0106178000086,0.116473039835,0.0346731398876,0.416945871159,0.0849018276594,0.0245846868077,17,1,8,20,1.38794249082e-09,5.42165035478e-12,1.38794249082e-09,3.1490419975e-09,0.000223406457903,1.48834882187e-09,1.38794249082e-09,5.42165035478e-12,1.38794249082e-09,0.183917213976,0.741614209062,0.0742451603036
145,0.32504991283,0.0958610050915,0.0330253750386,0.032979934808,0.0334814720894,0.10113219613,0.0652000612436,0.145593531777,0.0300115017784,0.0499636528932,0.0517179628525,0.035983393467,17,1,8,20,1.2572974827e-05,4.91131829179e-08,1.2572974827e-05,0.10469499232,0.000134318835984,0.00314966968174,1.2572974827e-05,4.91131829179e-08,1.2572974827e-05,0.164085413308,0.661645914504,0.0662393012247
146,0.036299019004,0.0484493598233,0.0350062831832,0.0285822277416,0.0849184260657,0.194960231776,0.0633187932012,0.330714189136,0.029121023715,0.0294117335622,0.0624411232021,0.0567775895901,17,1,8,20,5.88782770323e-05,2.29993269657e-07,5.88782770323e-05,0.049296892053,0.0050907499469,0.000310451193902,5.88782770323e-05,2.29993269657e-07,5.88782770323e-05,0.160737328875,0.712952819764,0.0713757850719
147,0.100532946801,0.0258655172311,0.000889311702584,0.00201889175944,0.081690928449,0.0743808163233,0.138242366311,0.307683642502,0.0143683234067,0.216694215048,0.00800380385397,0.0296292366122,17,1,8,20,8.1378688126e-06,3.17885500492e-08,8.1378688126e-06,2.73576616919e-06,6.93171656999e-06,0.00160870797175,8.1378688126e-06,3.17885500492e-08,8.1378688126e-06,0.183654600853,0.740555262558,0.0741391460822
148,0.337223161487,0.1730538685,0.0534046848809,0.0662751079122,0.00352843713192,0.0362353407877,0.0301816345866,0.0417596671821,0.00288983466939,0.191945598849,0.0112762718319,0.0522263921816,17,1,8,20,1.33224389115e-05,5.20407769979e-08,1.33224389115e-05,1.01911838514e-15,3.27427504236e-06,2.43589965089e-06,1.33224389115e-05,5.20407769979e-08,1.33224389115e-05,0.183947441609,0.741736092017,0.0742573623615
149,0.0508699997559,0.0108066278324,0.0728763535889,0.141319477162,0.168916511062,0.0445179050979,0.0661734240693,0.0842599861658,0.0135528504472,0.0376008684232,0.151531866034,0.157574130361,17,1,8,20,6.30279109326e-06,2.4620277708e-08,6.30279109326e-06,0.0329689738233,1.08992686525e-05,0.000168534799743,6.30279109326e-06,2.4620277708e-08,6.30279109326e-06,0.177855742185,0.717172372701,0.0717982168166
150,0.0500758455574,0.0730564861776,0.0277412334597,0.101142700734,0.159658044612,0.0546507209328,0.209446273731,0.100653982748,0.166920135296,0.0477203547252,0.00568747755945,0.00324674446609,17,1,8,20,0.00777717101225,3.03795742666e-05,0.00777717101225,8.92487706166e-06,0.013265771207,2.30496311998e-05,0.00777717101225,3.03795742666e-05,0.00777717101225,0.17577820517,0.708795065722,0.0709595401947
151,0.199358835245,0.0433420327059,0.0517960714138,0.0368732931883,0.0519819329921,0.0466925455476,0.00161838225927,0.144074538897,0.0923607294094,0.175569352639,0.15233820412,0.00399408158187,17,1,8,20,9.09320742454e-05,3.55203415021e-07,9.09320742454e-05,0.000364431446358,0.000614074782904,0.000263079919354,9.09320742454e-05,3.55203415021e-07,9.09320742454e-05,0.183662872659,0.740588617178,0.0741424853104
152,0.124577033927,0.000778057508792,0.147060220353,0.189940474562,0.0207878195452,0.0301301604031,0.037848517699,0.188449413494,0.0648928827699,0.0772511827654,0.0986615686193,0.0196226683533,17,1,8,20,8.59783109664e-07,3.35852777213e-09,8.59783109664e-07,1.31240256327e-06,0.00237171283424,0.00361692765622,8.59783109664e-07,3.35852777213e-09,8.59783109664e-07,0.182855778754,0.737334151262,0.0738166712407
153,0.00747115582236,0.0377322279523,0.102167367903,0.115941170515,0.025387320383,0.0367135511051,0.00323501048991,0.000710773122694,0.161427869621,0.266172104279,0.0577856477933,0.185255801013,17,1,8,20,2.86292026341e-06,1.1183282279e-08,2.86292026341e-06,0.031239100344,9.63725552459e-06,9.37064035995e-06,2.86292026341e-06,1.1183282279e-08,2.86292026341e-06,0.178206014625,0.718584785508,0.0719396175799
154,0.21982415915,0.0304747222077,0.0880698861164,0.114694300216,0.0487016613957,0.0124314035417,0.0129053899563,0.146589005484,0.0537321321661,0.115379095191,0.0415445475856,0.115653696989,17,1,8,20,8.61473749616e-05,3.36513183444e-07,8.61473749616e-05,0.000128214450356,0.000115716870457,4.55456126886e-06,8.61473749616e-05,3.36513183444e-07,8.61473749616e-05,0.183849089327,0.741339503532,0.0742176587322
155,0.0249342062139,0.00582070291295,0.0856487357022,0.181114698783,0.0950484457258,0.110003720476,0.167076957643,0.0426580371203,0.0540533037518,0.0134851571442,0.0879636183128,0.132192416214,17,1,8,20,1.47496379421e-12,5.76157732114e-15,1.47496379421e-12,0.120378941769,2.06738748369e-06,1.04024711448e-07,1.47496379421e-12,5.76157732114e-15,1.47496379421e-12,0.16181320763,0.65248363997,0.0653220392127
156,0.20675996607,0.0427055272878,0.0437116516017,0.0860819303146,0.0741545572549,0.0220506888582,0.136678844893,0.106585101138,0.0420679556373,0.135790464605,0.0576710928706,0.0457422194695,17,1,8,20,1.28799944578e-07,5.03124783509e-10,1.28799944578e-07,4.16918332505e-07,0.00118559810714,2.41835371109e-06,1.28799944578e-07,5.03124783509e-10,1.28799944578e-07,0.183739597122,0.740897995242,0.0741734580503
157,0.0877149813555,0.0837659596705,0.0778175918215,0.0323873871067,0.11813482499,0.0070507926851,0.00334759217206,0.000862586659381,0.127874283037,0.11459545674,0.233676331729,0.112772212034,17,1,8,20,4.83782197844e-07,1.88977421033e-09,4.83782197844e-07,8.7464909683e-06,7.49274851153e-06,0.000887480286904,4.83782197844e-07,1.88977421033e-09,4.83782197844e-07,0.183791710885,0.741108134933,0.0741944957473
158,0.00186414796733,0.0414222301978,0.0585334992767,0.133352951082,0.0285958614357,0.0333957762668,0.00485138788268,0.0976821440449,0.0353990573766,0.0235511645806,0.123645990787,0.417705789102,17,1,8,20,2.04022560794e-08,7.96963128101e-11,2.04022560794e-08,4.17431175363e-07,0.000339639063052,0.000133121422293,2.04022560794e-08,7.96963128101e-11,2.04022560794e-08,0.18387125423,0.741428879649,0.0742266064358
159,0.0143224449668,0.0280803591207,0.153130496072,0.334885220177,0.00678171808294,0.140651538211,0.0931967633205,0.0364263610966,0.0245846925585,0.0121065621286,0.0252457446424,0.130588099623,17,1,8,20,4.65622134734e-05,1.81883646381e-07,4.65622134734e-05,1.02744590418e-11,1.18634495922e-06,7.97083639558e-08,4.65622134734e-05,1.81883646381e-07,4.65622134734e-05,0.183923752438,0.741640569549,0.0742477993288
160,0.00923086949848,0.113184380154,0.0100105149027,0.0494675589316,0.00464377582746,0.0399550486765,0.11137148765,0.0963214582175,0.289623854859,0.0266960827957,0.0782213770171,0.171273591469,17,1,8,20,9.21702833092e-06,3.60040169176e-08,9.21702833092e-06,1.10013613201e-08,3.59970701087e-05,4.3507738758e-07,9.21702833092e-06,3.60040169176e-08,9.21702833092e-06,0.183944814821,0.74172549995,0.0742563019588
161,0.194270749778,0.010916243929,0.102421551998,0.0357116562738,0.126662291556,0.107886413243,0.184434958454,0.0154231924835,0.0433195643599,0.0182597513054,0.0277260358793,0.132967590739,17,1,8,20,1.88505544391e-07,7.36349782777e-10,1.88505544391e-07,2.08521845906e-07,0.00398379812602,0.0031058421902,1.88505544391e-07,7.36349782777e-10,1.88505544391e-07,0.182653938663,0.736520266172,0.0737351908318
162,0.0621157726722,0.0786640721604,0.141375137336,0.13774645199,0.0299874354967,0.000868906427306,0.0349655751502,0.00942070128358,0.209397000258,0.195584762823,0.0108137265383,0.089060457863,17,1,8,20,1.24982693297e-05,4.88213645692e-08,1.24982693297e-05,2.64781288579e-10,0.000785283921493,2.21810882691e-05,1.24982693297e-05,4.88213645692e-08,1.24982693297e-05,0.183800559729,0.741143816358,0.0741980679188
163,0.0690930785086,0.00331522312311,0.0385610250041,0.025230301357,0.069370048842,0.0673042155805,0.0851179446544,0.112744272446,0.0553834119775,0.205424361567,0.235395222994,0.0330608939457,17,1,8,20,1.41533743658e-07,5.52866186163e-10,1.41533743658e-07,2.76587417086e-07,0.000746346519852,2.85011365743e-11,1.41533743658e-07,5.52866186163e-10,1.41533743658e-07,0.183820862402,0.741225683359,0.0742062638629
164,0.165490738993,0.0791291887274,0.138945450268,0.00418742139995,0.128635967566,0.163544263097,0.0552790744677,0.073312725706,0.0156048339481,0.0429198096117,0.0863047676587,0.0466457585561,17,1,8,20,5.80688307074e-05,2.26831369951e-07,5.80688307074e-05,0.0024374389504,0.00135010175224,3.69917860765e-06,5.80688307074e-05,2.26831369951e-07,5.80688307074e-05,0.183218071754,0.738795034826,0.0739629245528
165,0.0456001554967,0.00708753430026,0.0258256294328,0.0405934662592,0.147462773301,0.0445960895326,0.208168211747,0.160148327384,0.132633114954,0.146964774124,0.00202847814303,0.0388914453251,17,1,8,20,2.62611593477e-05,1.02582653702e-07,2.62611593477e-05,0.0634934122663,3.10449985645e-05,6.81485357499e-08,2.62611593477e-05,1.02582653702e-07,2.62611593477e-05,0.172253088097,0.694580643715,0.069536492972
166,0.0623532807008,0.0564016284641,0.131583382187,0.103260645518,0.0617758376616,0.0254890715916,0.00432700436133,0.278236362044,0.0702045226425,0.14083501568,0.0433359072827,0.022197341867,17,1,8,20,9.77324439297e-05,3.817673591e-07,9.77324439297e-05,9.02376128214e-05,2.2811853207e-05,1.15782825773e-06,9.77324439297e-05,3.817673591e-07,9.77324439297e-05,0.183865249661,0.74140466727,0.074224182464
167,0.0600703680062,0.192440075555,0.0138919209739,0.0194482178152,0.00788882430773,0.0363775040773,0.205779111535,0.0697545174236,0.175530669218,0.0518075871194,0.071278137259,0.0957330667102,17,1,8,20,2.91519162544e-06,1.13874672869e-08,2.91519162544e-06,0.0275489800769,0.0022833682,0.00204342628832,2.91519162544e-06,1.13874672869e-08,2.91519162544e-06,0.178092351232,0.718126457622,0.0718937330392
168,0.0272597281193,0.00604004117262,0.159634774488,0.298029048604,0.0557197498039,0.0335127495787,0.0282968644866,0.00281463458029,0.196149451009,0.0552170366068,0.106300578051,0.0310253434999,17,1,8,20,7.27951970007e-05,2.84356238284e-07,7.27951970007e-05,0.0961977015536,0.000252693477083,0.000155477439488,7.27951970007e-05,2.84356238284e-07,7.27951970007e-05,0.166133191048,0.669903222575,0.0670659644061
169,0.139988035306,0.00823654326801,0.0971909422427,0.0633557345785,0.151696525459,0.0547863905824,0.274693778843,0.0265939345024,0.0785123240884,0.0150478907359,0.0705188826492,0.0193790177446,17,1,8,20,0.000818942568389,3.19899440777e-06,0.000818942568389,0.000758233458949,0.00514437008824,0.000955248129847,0.000818942568389,3.19899440777e-06,0.000818942568389,0.182092973309,0.734258270864,0.0735087358877
170,0.19076469953,0.00025601796176,0.0945479484486,0.132576707114,0.093744498559,0.00356975678332,0.0757218649637,0.0281116707664,0.0440317005717,0.206354959118,0.0446087714127,0.0857114047713,17,1,8,20,0.000111097381783,4.33974147589e-07,0.000111097381783,0.0199773750072,0.000899825342641,0.000321026300105,0.000111097381783,4.33974147589e-07,0.000111097381783,0.179976815429,0.725725231957,0.0726544684886
171,0.0420429497764,0.10760613835,0.000468627654593,0.178997734669,0.0460172552997,0.00274215723383,0.0526126260593,0.0478838584577,0.248820948782,0.0746053921446,0.177062489908,0.0211398216652,17,1,8,20,2.97349894188e-05,1.16152302417e-07,2.97349894188e-05,2.21448850825e-08,9.65456280036e-05,0.000471191733498,2.97349894188e-05,1.16152302417e-07,2.97349894188e-05,0.183831947474,0.741270381985,0.0742107387726
172,0.0250118562741,0.177488123195,0.185304118264,0.0854964003221,0.0868252853226,0.0146578073238,0.176178694661,0.0762952624621,0.00611990027337,0.0585116080342,0.0287674728841,0.0793434709842,17,1,8,20,6.82799652084e-06,2.66718614095e-08,6.82799652084e-06,2.34503337356e-09,0.00723612631535,1.19357639437e-05,6.82799652084e-06,2.66718614095e-08,6.82799652084e-06,0.182619938491,0.736383166383,0.0737214653723
173,0.218163646015,0.0151061566013,0.0100902812479,0.0152528347076,0.119316751265,0.0327681709959,0.0211885280349,0.0616911524718,0.0890332664054,0.0923027203142,0.0138841777892,0.311202314153,17,1,8,20,1.0324286672e-07,4.03292448125e-10,1.0324286672e-07,2.33021754973e-07,0.00102349867203,5.75093373483e-07,1.0324286672e-07,4.03292448125e-10,1.0324286672e-07,0.183769808416,0.741019817034,0.074185653985
174,0.062026242007,0.00321177462022,0.276020528183,0.0786092521657,0.112524809847,0.0490585317513,0.0355473512274,0.147498052075,0.103180725409,0.0176717523652,0.0129672927893,0.101683687561,17,1,8,20,8.41473026339e-06,3.28700400914e-08,8.41473026339e-06,0.0303141287138,0.031226480976,2.59126524547e-05,8.41473026339e-06,3.28700400914e-08,8.41473026339e-06,0.172626436686,0.696086107019,0.0696872092919
175,0.057713523669,0.166778658984,0.0183211643847,0.0436084926733,0.0796978151834,0.172628374608,0.142277112675,0.0240517712843,0.0585549061651,0.00808232803886,0.0335400227044,0.19474582963,17,1,8,20,2.97533669567e-06,1.16224089674e-08,2.97533669567e-06,6.50649772465e-11,0.000824102796795,0.00201650366779,2.97533669567e-06,1.16224089674e-08,2.97533669567e-06,0.183433567467,0.73966398384,0.0740499175716
176,0.264701425316,0.101678171965,0.0677248379062,0.175011133844,0.0203723773396,0.0497572334598,0.00605185287774,0.0257347800234,0.0101368731804,0.148112627409,0.0360936626155,0.0946250240625,17,1,8,20,2.34112207715e-06,9.14500811388e-09,2.34112207715e-06,5.03917792058e-06,0.00023905298218,4.37157312376e-06,2.34112207715e-06,9.14500811388e-09,2.34112207715e-06,0.0201232135242,0.890471265788,0.0891476741765
177,0.254308779407,0.0371541951884,0.0957078418495,0.113238992149,0.0169716290814,0.0477170643862,0.000558066577453,0.0907548692404,0.0518726329491,0.0610580115119,0.165295396575,0.0653625210836,17,1,8,20,0.000154320849528,6.02815818468e-07,0.000154320849528,0.00167220114161,0.00127010081368,0.00256368825367,0.000154320849528,6.02815818468e-07,0.000154320849528,0.182831665407,0.737236918381,0.0738069369735
178,0.0996826594256,0.0149404329416,0.200587166249,0.0687156144618,0.0643132592364,0.148575788169,0.129822021033,0.0855332567108,0.175960373705,0.00418356414037,0.000346793029119,0.00733907089866,17,1,8,20,1.38344911862e-07,5.40409811963e-10,1.38344911862e-07,0.668986207435,0.0257512334671,0.00172470250862,1.38344911862e-07,5.40409811963e-10,1.38344911862e-07,0.0558382104219,0.225157879997,0.0225412117105
179,0.0804575108128,0.0847597561425,0.246422789607,0.0240168352342,0.033924553802,0.00538397882223,0.148631514702,0.0976835262948,0.031491809803,0.0915247079398,0.0133494620437,0.142353554796,17,1,8,20,8.2849580281e-05,3.23631172973e-07,8.2849580281e-05,0.0314700970863,0.000541277661441,0.000275981836306,8.2849580281e-05,3.23631172973e-07,8.2849580281e-05,0.177957704048,0.717583516194,0.0718393775902
180,0.0737301526415,0.020330701336,0.166546737228,0.102390149895,0.161625936803,0.0207081109355,0.0743970929234,0.100668869114,0.0063725210417,0.0157848133116,0.158632144382,0.0988127703879,17,1,8,20,3.99799707979e-05,1.56171760929e-07,3.99799707979e-05,0.0380340586174,0.000110332431634,0.00752311351443,3.99799707979e-05,1.56171760929e-07,3.99799707979e-05,0.0192058365679,0.849882238323,0.0850841883185
181,0.00106077362748,0.0499167174821,0.324392368148,0.0877645886729,0.14240942234,0.0654790774182,0.0468074602366,0.000678281676671,0.0656737752445,0.073666574732,0.0329066488983,0.109244311524,17,1,8,20,2.93937591708e-05,1.14819371761e-07,2.93937591708e-05,6.16099734652e-05,0.00326135124058,0.0002651086451,2.93937591708e-05,1.14819371761e-07,2.93937591708e-05,0.183276587851,0.739030990819,0.0739865467951
182,0.0101493659977,0.0790635901804,0.0829168320315,0.0110706127125,0.0707836839462,0.0618161504524,0.000892367818356,0.0558436398407,0.00735578042252,0.0262946477982,0.301710023541,0.292103305258,17,1,8,20,1.47599537919e-06,5.76560694995e-09,1.47599537919e-06,4.69399017401e-08,1.43292071004e-06,4.62224981189e-08,1.47599537919e-06,5.76560694995e-09,1.47599537919e-06,0.18395694534,0.741774414161,0.074261198903
183,0.0342876536572,0.149959334416,0.0847254790735,0.0964527828864,0.079963233574,0.175618591124,0.00447807228378,0.226686671293,0.0480973788885,0.0364150125265,0.0507432503042,0.0125725399729,17,1,8,20,1.83142941907e-06,7.15402116824e-09,1.83142941907e-06,0.1308560029,0.0074445491216,8.60600064472e-07,1.83142941907e-06,7.15402116824e-09,1.83142941907e-06,0.158515269242,0.6391852768,0.0639907013105
184,0.131017079342,0.013664860847,0.0696563273883,0.00552943094436,0.0134286983212,0.000231132602187,0.153032323694,0.111914598339,0.0696559314956,0.0712483524228,0.32515871646,0.0354625481431,17,1,8,20,3.21172025349e-06,1.25457822402e-08,3.21172025349e-06,2.65319813797e-07,3.10521470351e-06,0.000520737184977,3.21172025349e-06,1.25457822402e-08,3.21172025349e-06,0.183859532405,0.741381613427,0.0742218744765
185,0.117024397543,0.238078524984,0.0322328418577,0.0947807907439,0.0412878331351,0.1749490187,0.0182360146476,0.0115537604834,0.12010108716,0.0857444768512,0.0628776032432,0.00313365065058,17,1,8,20,8.80026152655e-08,3.43760215881e-10,8.80026152655e-08,0.0463473147711,0.0023664774271,0.00444157453898,8.80026152655e-08,3.43760215881e-10,8.80026152655e-08,0.174179877742,0.702350088123,0.0703143146999
186,0.0477069055772,0.0103413017479,0.0481656231404,0.00478408126303,0.100612230383,0.0643142289214,0.408612660069,0.0184744723366,0.0128266421879,0.105173400614,0.136929881323,0.0420585724364,17,1,8,20,1.98301976838e-05,7.74617097023e-08,1.98301976838e-05,1.97521902307e-05,0.00161320729034,0.000304633781836,1.98301976838e-05,7.74617097023e-08,1.98301976838e-05,0.183587257675,0.740283712895,0.0741119604538
187,0.0758072315872,0.0110782097085,0.112793085653,0.0273967660336,0.0232078911851,0.159312181743,0.0707936368109,0.127536286677,0.0787665414305,0.169613820984,0.0386417704559,0.105052577731,17,1,8,20,1.68656282144e-08,6.58813602124e-11,1.68656282144e-08,0.00645959373176,0.00105221749092,0.000587947487088,1.68656282144e-08,6.58813602124e-11,1.68656282144e-08,0.182468283891,0.735771645565,0.0736602442406
188,0.0962047864754,0.0770586038792,0.0293552740312,0.0355744495756,0.0676323513757,0.116733670177,0.219265784425,0.0113253135083,0.0415682314236,0.163813626352,0.0713961080208,0.0700718007564,17,1,8,20,1.40131299927e-05,5.47387890339e-08,1.40131299927e-05,0.00913459578336,2.45381902751e-05,2.23008615177e-08,1.40131299927e-05,5.47387890339e-08,1.40131299927e-05,0.153809942877,0.760808029257,0.076166709594
189,0.214785250242,0.031694521946,0.038487566142,0.0889878467173,0.0492208200045,0.0161993400603,0.118445837688,0.276249793537,0.00627332556032,0.145281330296,0.00683712996449,0.00753723784279,17,1,8,20,0.000152125639915,5.94240780916e-07,0.000152125639915,0.0448386693729,0.000125281968117,0.00123773136388,0.000152125639915,5.94240780916e-07,0.000152125639915,0.17534697288,0.707056196451,0.0707854569231
190,0.118567184668,0.0624743269832,0.0179932240035,0.0639470016464,0.120777887318,0.0136949491426,0.0368178206983,0.0150190200028,0.0704805779057,0.0629534838436,0.233988225734,0.183286298054,17,1,8,20,4.61322555933e-11,1.80204123411e-13,4.61322555933e-11,1.15457918803e-06,1.28336294505e-06,0.000240546212384,4.61322555933e-11,1.80204123411e-13,4.61322555933e-11,0.170039125429,0.754211571275,0.0755063189566
191,0.395387340437,0.244222937868,0.00455892709233,0.0258350235914,0.0117371673319,0.0305173242717,0.0538679370033,0.0902708241115,0.0446168302814,0.00403276975153,0.0793324548927,0.0156204633672,17,1,8,20,4.00699737821e-05,1.56523335086e-07,4.00699737821e-05,0.193059655692,0.00011606202177,0.00448770519848,4.00699737821e-05,1.56523335086e-07,4.00699737821e-05,0.147566941803,0.595038048727,0.0595709936172
192,0.102213131824,0.0401931950991,0.113806697941,0.0660469674119,0.0486670183009,0.00887020438319,0.23150270839,0.0075253485489,0.199593646672,0.14567044071,0.00143305703511,0.034477583685,17,1,8,20,4.03281500441e-08,1.5753183611e-10,4.03281500441e-08,2.47310859686e-09,1.1545230625e-09,0.00657012406376,4.03281500441e-08,1.5753183611e-10,4.03281500441e-08,0.182749654936,0.736906225409,0.0737738303361
193,0.181677058573,0.0356019238394,0.0369548230746,0.0230891972317,0.0945856648233,0.107658321823,0.0657794139316,0.0149920615793,0.267525762073,0.0598454610597,0.0418271275632,0.0704631844271,17,1,8,20,4.65060755764e-06,1.8166435772e-08,4.65060755764e-06,0.00978382019147,0.000929636945631,0.00649051007155,4.65060755764e-06,1.8166435772e-08,4.65060755764e-06,0.180790072722,0.729004550663,0.0729827706436
194,0.00306492851499,0.0373498214144,0.223696694672,0.119149355783,0.0474927610698,0.0399983768795,0.259161799689,0.0732539462371,0.0301031487682,0.0153300263238,0.0274022353456,0.123996905302,17,1,8,20,2.37009846885e-05,9.25819714396e-08,2.37009846885e-05,0.101311366226,1.64185442103e-05,0.0005830043986,2.37009846885e-05,9.25819714396e-08,2.37009846885e-05,0.0180749075883,0.799844545148,0.0800747689928
195,0.0951295442785,0.00627651053035,0.0550087814088,0.0698710726652,0.0594237217639,0.294313746398,0.0130359976104,0.189622627941,0.0974725760111,0.00188630256437,0.0910940770658,0.0268650417629,17,1,8,20,0.000794044039264,3.10173452838e-06,0.000794044039264,0.00130643229925,0.00202425403008,0.000536401922257,0.000794044039264,3.10173452838e-06,0.000794044039264,0.182661506056,0.736550780369,0.073738245697
196,0.101057401954,0.00120434714683,0.0613887235179,0.0391112604063,0.116175358951,0.122320593829,0.186340152885,0.0442552128329,0.0390627393188,0.066566017923,0.121771004394,0.100747186842,17,1,8,20,1.71966480622e-05,6.71744064929e-08,1.71966480622e-05,8.87970199215e-11,2.47255609507e-07,0.000167212127927,1.71966480622e-05,6.71744064929e-08,1.71966480622e-05,0.183914830141,0.74160459194,0.0742441975054
197,0.0127717086295,0.237074223613,0.0402965261067,0.141649672173,0.065281104414,0.0123849056668,0.0831136450503,0.219110511637,0.0507128814189,0.018851004683,0.0882142388278,0.0305395777807,17,1,8,20,0.00013691469575,5.34823030275e-07,0.00013691469575,1.5557486643e-07,1.05074099145e-07,0.00797120057006,0.00013691469575,5.34823030275e-07,0.00013691469575,0.182390954559,0.735459828471,0.0736290273223
198,0.0468726710573,0.0425143407345,0.161772724111,0.0868945238807,0.0467058440209,0.168292271169,0.165455209197,0.0823032520366,0.0105769829902,0.0500996781873,0.105181348002,0.0333311546144,17,1,8,20,5.86777086713e-05,2.29209799497e-07,5.86777086713e-05,0.0371700297633,9.00848233488e-05,5.27310337397e-05,5.86777086713e-05,2.29209799497e-07,5.86777086713e-05,0.177051044763,0.713927570185,0.0714733701779
199,0.082910777354,0.0983891037236,0.036058863699,0.0543116398028,0.0136686252767,0.0394654120921,0.412932316648,0.0546899056171,0.0023622465045,0.158361116596,0.0390116742876,0.00783831839787,17,1,8,20,7.22703647664e-06,2.82306112369e-08,7.22703647664e-06,0.0203612630758,0.00373332361756,0.000354747635871,7.22703647664e-06,2.82306112369e-08,7.22703647664e-06,0.179455327675,0.723622423213,0.0724439501755
200,0.0193459874683,0.00278469318212,0.092877539015,0.177864916589,0.029135158137,0.0301315464728,0.117097624867,0.0571717924409,0.103588861148,0.269312431504,0.0251036586285,0.0755857905478,17,1,8,20,1.74614339634e-06,6.82087264197e-09,1.74614339634e-06,0.0363861437126,0.000458869488571,7.29178084411e-09,1.74614339634e-06,6.82087264197e-09,1.74614339634e-06,0.163812800897,0.726593760938,0.0727414194567
201,0.0231617868184,0.17381794649,0.0316116967951,0.04987298742,0.00978632200045,0.103113146514,0.00982923552435,0.0544531638527,0.259256860255,0.149902447823,0.0490915310633,0.0861028754436,17,1,8,20,6.46589318976e-06,2.52573952725e-08,6.46589318976e-06,1.17116712788e-06,0.000178559559938,3.72969987471e-07,6.46589318976e-06,2.52573952725e-08,6.46589318976e-06,0.183920415599,0.741627114329,0.0742464522874
202,0.042578264534,0.167513603291,0.030301341301,0.00242474645362,0.185801327454,0.0116324091908,0.0469397443032,0.0521336214557,0.256870794862,0.0678708648096,0.00448232459627,0.131450957749,17,1,8,20,2.38771456729e-12,9.3270100285e-15,2.38771456729e-12,0.0716818275955,0.00112036252334,0.00151975372447,2.38771456729e-12,9.3270100285e-15,2.38771456729e-12,0.170286174778,0.686649407567,0.0687424738014
203,0.00245871342014,0.00771615127727,0.0464756097915,0.110024343789,0.0151854742195,0.0103959060653,0.142088526598,0.145752725504,0.03545445282,0.159506075025,0.0195050927315,0.305436928759,17,1,8,20,3.11874550972e-06,1.21825996474e-08,3.11874550972e-06,0.0145883320175,0.000484381994155,1.4585809037e-05,3.11874550972e-06,1.21825996474e-08,3.11874550972e-06,0.181180580683,0.730579206154,0.073140413995
204,0.157767542546,0.193448176761,0.0258231543705,0.0740675058068,0.112319247671,0.00304269853589,0.030744245533,0.181989338995,0.0229134748102,0.100820319065,0.0602268364452,0.0368374594605,17,1,8,20,2.9201364142e-05,1.1406782868e-07,2.9201364142e-05,8.91110344851e-08,0.00300043434723,0.000108839675965,2.9201364142e-05,1.1406782868e-07,2.9201364142e-05,0.183364791781,0.739386657836,0.0740221536569
205,0.0137991909236,0.00680493059746,0.0592854586579,0.00918604048727,0.0678555278474,0.0428250881147,0.0778980922636,0.530074095379,0.0643357629597,0.0665921660505,0.0515042471371,0.00983939958143,17,1,8,20,6.40940901724e-07,2.50367539736e-09,6.40940901724e-07,0.00489364849846,0.0124154976068,0.00212600397095,6.40940901724e-07,2.50367539736e-09,6.40940901724e-07,0.180382584291,0.72736142438,0.0728182724816
206,0.0389092738131,0.162950970363,0.32450336944,0.0406819223101,0.0215838373424,0.0229128877395,0.00384439319806,0.0708771396449,0.0577690050528,0.134361085673,0.0208710639174,0.100735051506,17,1,8,20,0.000101341577266,3.95865536194e-07,0.000101341577266,0.000113183442008,0.000349975867976,0.000153814772521,0.000101341577266,3.95865536194e-07,0.000101341577266,0.183770100623,0.741020995309,0.0741857719455
207,0.0586712900221,0.113269674611,0.0536813699243,0.0829099920707,0.0526963198972,0.152574692153,0.0645702073029,0.043646896825,0.240905469601,0.00786039827475,0.103997235167,0.0252164541516,17,1,8,20,1.04281760558e-08,4.07350627179e-11,1.04281760558e-08,3.97390360312e-08,0.0122734928105,8.87761612936e-09,1.04281760558e-08,4.07350627179e-11,1.04281760558e-08,0.181700486604,0.732675636433,0.0733502937414
208,0.0290638227764,0.159865592631,0.0641652464955,0.175371393092,0.0165094095963,0.188129041661,0.0370698626661,0.11228931197,0.0172496042175,0.0994736392001,0.0682020473986,0.0326110282963,17,1,8,20,8.17658858946e-05,3.19397991776e-07,8.17658858946e-05,0.0402266939617,0.00661148009319,0.000216337061649,8.17658858946e-05,3.19397991776e-07,8.17658858946e-05,0.175241962169,0.706632759008,0.0707430653664
209,0.141359363128,0.0443373507893,0.137090434622,0.0532439956381,0.0268530480357,0.00792592085273,0.138497261443,0.127474571231,0.121389445167,0.0268930517107,0.0067389631255,0.168196594257,17,1,8,20,9.82066996525e-07,3.83619920517e-09,9.82066996525e-07,0.0775749804017,0.000131489557126,0.00786091142316,9.82066996525e-07,3.83619920517e-09,9.82066996525e-07,0.168216758998,0.678304848056,0.067907075624
210,0.0636074698942,0.0932301274937,0.0156409716101,0.0139660726911,0.0342906981604,0.339881939846,0.136704822999,0.0386412166138,0.016047078169,0.229354783748,0.00953105776906,0.00910376100593,17,1,8,20,2.15072858054e-12,8.40128351775e-15,2.15072858054e-12,2.24112561507e-05,0.000163749905665,1.00690355054e-13,2.15072858054e-12,8.40128351775e-15,2.15072858054e-12,0.183918137076,0.741647235115,0.074248466638
211,0.0505370317499,0.0547722509085,0.0198813069255,0.0309812173523,0.119543844418,0.0149541345591,0.0224465212905,0.244936360644,0.0377602139414,0.159807366847,0.0854154488191,0.158964302544,17,1,8,20,2.21127588564e-05,8.63779642828e-08,2.21127588564e-05,1.62297920348e-05,3.07640665365e-05,0.000218577310374,2.21127588564e-05,8.63779642828e-08,2.21127588564e-05,0.183893157176,0.741517199473,0.0742354483908
212,0.173043876851,0.0944053459637,0.0303151039248,0.0350396555167,0.0731641830522,0.03381695617,0.22172802796,0.0645192844787,0.207592888237,0.0119529877647,0.0320718823136,0.0223498077681,17,1,8,20,1.54419560025e-06,6.03201406348e-09,1.54419560025e-06,0.0507722974677,0.0384392535089,0.00792796013138,1.54419560025e-06,6.03201406348e-09,1.54419560025e-06,0.018172380953,0.804173741621,0.0805081774715
213,0.116712064187,0.0789845394763,0.00870922418229,0.149941342887,0.109297904925,0.0917828618032,0.159686330146,0.0296555805199,0.0370325927363,0.0464864737146,0.0646488783634,0.107062207059,17,1,8,20,1.22300093362e-09,4.77734739695e-12,1.22300093362e-09,7.89433773676e-08,0.00445535758194,3.02984851284e-12,1.22300093362e-09,4.77734739695e-12,1.22300093362e-09,0.183138698789,0.738474977137,0.0739308826446
214,0.0350811739998,0.00419639276241,0.311845415243,0.00489640148454,0.0972548894164,0.0742653645191,0.0489786595997,0.0945392577574,0.10571528694,0.120721724036,0.0809356467689,0.0215697874719,17,1,8,20,9.66097530741e-07,3.77381847946e-09,9.66097530741e-07,0.00769832454071,0.00525133780358,0.00105965469043,9.66097530741e-07,3.77381847946e-09,9.66097530741e-07,0.181380471663,0.731385231793,0.0732211075714
215,0.141716109333,0.00692811260559,0.0406807709317,0.180251932586,0.0128157831169,0.239257732447,0.0907955524184,0.0268942228947,0.067742677922,0.0257161452637,0.0741339039616,0.0930670565188,17,1,8,20,3.68739083715e-05,1.44038704576e-07,3.68739083715e-05,0.0648798427114,3.49954077131e-05,4.7188589811e-05,3.68739083715e-05,1.44038704576e-07,3.68739083715e-05,0.171980823316,0.693482783299,0.0694265829655
216,0.0340874482534,0.0463523257623,0.176611893472,0.0184656891411,0.136277017556,0.114214509669,0.093979958988,0.021803679882,0.0679371167318,0.0661809827047,0.0388644610957,0.185224916745,17,1,8,20,6.52851314765e-06,2.5502004483e-08,6.52851314765e-06,0.00480980492864,1.18040267008e-05,0.0022520399475,6.52851314765e-06,2.5502004483e-08,6.52851314765e-06,0.168873137591,0.74903860975,0.0749884386989
217,0.0205828007333,0.0190024076818,0.0687918640317,0.19916062249,0.0591824991173,0.078999525117,0.171674152005,0.0660829931656,0.0138817990118,0.116676524993,0.09202423411,0.0939405775436,17,1,8,20,4.12406075511e-09,1.61096123246e-11,4.12406075511e-09,0.0417627251207,0.000789865034275,0.000315372717226,4.12406075511e-09,1.61096123246e-11,4.12406075511e-09,0.176072393056,0.709981327249,0.0710783002942
218,0.168412680218,0.0196862856416,0.00215717203239,0.0342820299366,0.143775042809,0.0570947115195,0.0256091722478,0.0741716511414,0.0595493184561,0.209383889669,0.0117365606784,0.194141485651,17,1,8,20,1.42037317401e-05,5.54833271099e-08,1.42037317401e-05,1.19811804397e-05,0.000611642379006,6.14216216166e-08,1.42037317401e-05,5.54833271099e-08,1.42037317401e-05,0.183833110255,0.741275070697,0.0742112081733
219,0.0933486876807,0.0837703688834,0.0984475204659,0.00883629611195,0.254064333542,0.0688254375439,0.00257384513295,0.230399644448,0.0299337715242,0.0989406834494,0.0254788858005,0.00538052541693,17,1,8,20,0.000465307888642,1.81760894001e-06,0.000465307888642,0.00711172172357,0.000363988801517,0.00101674417026,0.000465307888642,1.81760894001e-06,0.000465307888642,0.182052998886,0.734097080951,0.0734925986956
220,0.0456468111186,0.271090360169,0.0588161169166,0.0401147266163,0.118453065422,0.0792998311456,0.140863821337,7.18726010805e-05,0.162419416029,0.0114472416322,0.0650950629193,0.0066816740937,17,1,8,20,0.00070830373456,2.76681146312e-06,0.00070830373456,0.0284213028552,0.00116729918543,0.0222471108932,0.00070830373456,2.76681146312e-06,0.00070830373456,0.173900492513,0.701223515738,0.0702015302544
221,0.127013761534,0.0298206726631,0.0379312863399,0.0510466405392,0.0582895550379,0.121320886874,0.232615416166,0.0717612632166,0.079420334229,0.0807005914503,0.0873412574027,0.0227383345478,17,1,8,20,2.08714109959e-05,8.15289492028e-08,2.08714109959e-05,0.0016638088013,0.00595440574281,2.19923622816e-06,2.08714109959e-05,8.15289492028e-08,2.08714109959e-05,0.182541087936,0.736065215226,0.0736896343552
222,0.180198067386,0.112084024183,0.042030537285,0.195038312713,0.0831318391063,0.0127167515595,0.00758189318315,0.0121312651275,0.0255706294999,0.0898486046909,0.150753050847,0.0889150244183,17,1,8,20,4.31147410506e-06,1.68416957229e-08,4.31147410506e-06,2.02549838313e-05,0.00213644356349,5.74786250227e-06,4.31147410506e-06,1.68416957229e-08,4.31147410506e-06,0.183557335565,0.740163057186,0.0740998812591
223,0.0716258651346,0.0476132079917,0.0908993140328,0.145582711106,0.0506522150007,0.0365629222362,0.19131286308,0.0187168661761,0.196008018532,0.0751908381559,0.0385843464659,0.0372508320872,17,1,8,20,1.22148142572e-05,4.77141181922e-08,1.22148142572e-05,0.0722425675696,0.000367883515013,0.00420911486593,1.22148142572e-05,4.77141181922e-08,1.22148142572e-05,0.169817710776,0.684760408036,0.0685533605518
224,0.0163432136979,0.0948732670534,0.139178272983,0.0952970681338,0.0584023337809,0.0219575086399,0.0439043287934,0.172280423383,0.116423872046,0.196171923578,0.0421871811324,0.00298060677882,17,1,8,20,5.99683684737e-05,2.3425143935e-07,5.99683684737e-05,5.82541395418e-05,0.000199619446124,0.000274919694737,5.99683684737e-05,2.3425143935e-07,5.99683684737e-05,0.183816089625,0.741206437967,0.0742043371506
225,0.0902298371583,0.140639503851,0.111245464683,0.0837165371873,0.0553153529181,0.0473238014497,0.110450958372,0.0920844007354,0.0127727944344,0.063817740888,0.0273207289709,0.165082879352,17,1,8,20,2.67131081743e-08,1.04348078806e-10,2.67131081743e-08,0.0827834379625,8.3710057643e-05,6.20838318324e-05,2.67131081743e-08,1.04348078806e-10,2.67131081743e-08,0.168702772893,0.680264614626,0.0681032735681
226,0.064277556926,0.00536219931154,0.0248446842287,0.148134383763,0.00400730721519,0.0964976944425,0.076562509153,0.079565761173,0.13773953332,0.00459500527604,0.0769284000264,0.281484965165,17,1,8,20,2.6273885742e-06,1.0263236618e-08,2.6273885742e-06,0.0119102476212,0.00591855326104,2.58328139173e-06,2.6273885742e-06,1.0263236618e-08,2.6273885742e-06,0.180676145816,0.728545160213,0.0729367797265
227,0.0571696253021,0.089595856108,0.157251663633,0.129761628828,0.0517040787037,0.00424711166794,0.0424277720757,0.0252914994805,0.0557491955537,0.134071928792,0.0193896001949,0.233340039661,17,1,8,20,1.15686995117e-06,4.51902324676e-09,1.15686995117e-06,0.00298274610846,2.92747927803e-07,0.00090924018032,1.15686995117e-06,4.51902324676e-09,1.15686995117e-06,0.183241444266,0.738889280425,0.0739723597544
228,0.00320829939341,0.0676281601203,0.00607386902808,0.091055140921,0.116176812733,0.1424303539,0.120265331493,0.0144543401924,0.012129143755,0.207706919765,0.185148785038,0.0337228436598,17,1,8,20,1.35121765148e-06,5.27819395108e-09,1.35121765148e-06,0.0139691131585,0.000469132775948,0.000430015277386,1.35121765148e-06,5.27819395108e-09,1.35121765148e-06,0.167550941343,0.743174060445,0.0744013215726
229,0.01993956771,0.0122235707743,0.171188766684,0.387247176862,0.0176898515779,0.00734881420094,0.0349010144554,0.187526771516,0.0900998675976,0.0239853888878,0.0236475311954,0.0242016785393,17,1,8,20,0.000106703507112,4.16810574655e-07,0.000106703507112,0.257067295675,3.01962915114e-05,0.000271552762948,0.000106703507112,4.16810574655e-07,0.000106703507112,0.126233992804,0.559914629122,0.0560546856945
230,0.0732067718853,0.0184562564723,0.127823822216,0.0324787903665,0.0537990135513,0.120376968776,0.098128530755,0.104268820465,0.0132844541254,0.0471491904256,0.201734578558,0.109292802403,17,1,8,20,8.21568334014e-09,3.20925130474e-11,8.21568334014e-09,0.00368975719699,6.16211767842e-06,0.00596181240473,8.21568334014e-09,3.20925130474e-11,8.21568334014e-09,0.0199340436286,0.88209871774,0.0883094739852
231,0.0958229229682,0.0999447685664,0.0810546918395,0.109845625302,0.0281123758528,0.112778530153,0.240958608983,0.0431168429406,0.0249393318666,0.0606271058613,0.0319423038696,0.0708568917967,17,1,8,20,0.000214569921208,8.38163754719e-07,0.000214569921208,9.65609822057e-05,0.000308532256859,0.000530836899291,0.000214569921208,8.38163754719e-07,0.000214569921208,0.183627946095,0.740447781877,0.0741283858779
232,0.028133440859,0.0367253778139,0.034257749408,0.103783290183,0.0210823962131,0.0786053024265,0.0111696841759,0.130426144977,0.0236733029377,0.0459975096444,0.0241119203995,0.462033880962,17,1,8,20,3.42865065983e-07,1.33931666399e-09,3.42865065983e-07,1.60992027428e-10,0.000422452168131,5.52543540209e-07,3.42865065983e-07,1.33931666399e-09,3.42865065983e-07,0.183880246236,0.741465138352,0.0742302364003
233,0.0697460771938,0.123854735693,0.0182529564072,0.156776639861,0.121743266735,0.0145894727036,0.0362455989155,0.0857247398114,0.0316197709271,0.0532923352689,0.0767344422806,0.211419964204,17,1,8,20,0.000228294730862,8.91776292428e-07,0.000228294730862,0.0134723774961,4.2796424903e-07,0.00061503720968,0.000228294730862,8.91776292428e-07,0.000228294730862,0.167528911934,0.743076707623,0.0743915752977
234,0.00483820986361,0.00886598658713,0.103544503083,0.00113277106147,0.136388630401,0.0739502384767,0.0493754226523,0.0553637033352,0.205231440946,0.0811936346506,0.11418551677,0.165929942173,17,1,8,20,3.93368061148e-07,1.53659398886e-09,3.93368061148e-07,3.71503983745e-07,0.999998049624,2.23630921076e-09,3.93368061148e-07,1.53659398886e-09,3.93368061148e-07,1.66042069058e-11,6.69535794074e-11,6.70291800677e-12
235,0.0751679170608,0.00833826602943,0.0430823381847,0.195214736254,0.0501141588107,0.00687894576696,0.0123199180344,0.225018723267,0.118827905212,0.101853984833,0.134407783553,0.0287753229938,17,1,8,20,4.78125549895e-05,1.86767792928e-07,4.78125549895e-05,1.48742437074e-06,1.24881168797e-08,0.00014499052912,4.78125549895e-05,1.86767792928e-07,4.78125549895e-05,0.183896115366,0.74152912786,0.0742366425765
236,0.377648879189,0.0963074447983,0.00304203790369,0.00811610853679,0.00351683033712,0.160307826703,0.00432438374722,0.0474546594318,0.0160105318402,0.213489129566,0.0527138623632,0.0170683055828,17,1,8,20,4.73433189157e-05,1.84934839514e-07,4.73433189157e-05,6.64421314144e-06,4.36005012266e-05,0.000353624808513,4.73433189157e-05,1.84934839514e-07,4.73433189157e-05,0.183849114298,0.741339604221,0.0742176688125
237,0.202406953545,0.184181791318,0.0117085924306,0.152065069412,0.0346594802848,0.00244743996433,0.0737602973215,0.0775240109713,0.0832125950745,0.0100652913305,0.0585690495023,0.109399428846,17,1,8,20,5.69675751181e-08,2.22529590305e-10,5.69675751181e-08,0.000170079914913,0.00803667013361,9.31058960728e-08,5.69675751181e-08,2.22529590305e-10,5.69675751181e-08,0.182448555251,0.735692093253,0.0736522800267
238,0.00922779625302,0.00222009401247,0.0254806026723,0.138177914873,0.0528922522467,0.0672619874265,0.0166975788997,0.0223469710761,0.00249270244958,0.340143692585,0.040480388225,0.282578019281,17,1,8,20,7.42451543562e-07,2.90020134204e-09,7.42451543562e-07,0.016510304198,2.89658702248e-06,9.05823403968e-06,7.42451543562e-07,2.90020134204e-09,7.42451543562e-07,0.180918359972,0.72952184674,0.0730345586619
239,0.0091516820759,0.0836315314462,0.0628195490017,0.235898070167,0.097775295338,0.0677089661691,0.102464541496,0.00591864470812,0.0356504620305,0.107371996478,0.104312725785,0.0872965353048,17,1,8,20,6.15492216402e-07,2.40426647032e-09,6.15492216402e-07,0.0157269355711,0.00781192057871,0.000560499591177,6.15492216402e-07,2.40426647032e-09,6.15492216402e-07,0.165981359516,0.736212444099,0.0737043738668
240,0.0553925768947,0.0329616863143,0.0380796929717,0.246756227335,0.0545425473436,0.135241097066,0.0383560429836,0.0297061034573,0.122102696119,0.00554235379562,0.239405466247,0.00191350947203,17,1,8,20,0.0532485197071,0.000208002030106,0.0532485197071,0.00709334318773,0.00836798033145,0.771128593591,0.0532485197071,0.000208002030106,0.0532485197071,2.74182970245e-13,1.10559518772e-12,1.10684357096e-13
241,0.0811989139183,0.102482897991,0.266579572766,0.112256976585,0.0911903445493,0.111888062333,0.0524355232773,0.0373798551452,0.0020466433595,0.0626759815233,0.0436406529738,0.0362245755784,17,1,8,20,3.54589502967e-10,1.38511524596e-12,3.54589502967e-10,0.182929155964,9.59260558377e-10,3.23781500067e-07,3.54589502967e-10,1.38511524596e-12,3.54589502967e-10,0.150306915043,0.606086515044,0.0606770877869
242,0.0117619644057,0.195041099944,0.00281377736245,0.0566854708187,0.101555984585,0.021476844988,0.134579868769,0.270679178183,0.0264771068951,0.109437835367,0.0422280464748,0.0272628222057,17,1,8,20,3.61170976515e-05,1.41082412701e-07,3.61170976515e-05,0.0208275179541,7.63575135689e-05,0.00684877286605,3.61170976515e-05,1.41082412701e-07,3.61170976515e-05,0.178826355811,0.721086203475,0.0721900418244
243,0.142738079344,0.0057613267817,0.042828644296,0.0815151848201,0.184024870913,0.0481935175702,0.0428924095821,0.144182126559,0.027214198434,0.00544052183946,0.102446264545,0.172762855316,17,1,8,20,4.97156006527e-07,1.9420156505e-09,4.97156006527e-07,1.53735338901e-06,7.8019090707e-09,0.00254476667598,4.97156006527e-07,1.9420156505e-09,4.97156006527e-07,0.183489532513,0.739889653162,0.0740725099853
244,0.171213213639,0.025922449655,0.0662571234858,0.0780429767956,0.148129179383,0.0924225463087,0.0344470812389,0.0253219648903,0.206388694173,0.0192989819485,0.0388025528386,0.0937532356438,17,1,8,20,0.000487833778949,1.90560069902e-06,0.000487833778949,0.00687027141652,0.000883903156303,0.000737542926367,0.000487833778949,1.90560069902e-06,0.000487833778949,0.0199181446523,0.881395880619,0.0882391109122
245,0.133573345549,0.00141223691282,0.0274508854764,0.0466027987967,0.00851075429424,0.156086034637,0.3835879514,0.0674739873421,0.0311594712062,0.00942512745324,0.100766170255,0.0339512366766,17,1,8,20,5.1897658905e-07,2.02725230098e-09,5.1897658905e-07,0.0194676266611,0.0038300638445,0.0183659431559,5.1897658905e-07,2.02725230098e-09,5.1897658905e-07,0.176293559842,0.710873143879,0.0711675826567
246,0.159117284981,0.0418480672422,0.104829352674,0.0534812896756,0.12706188276,0.00646850073394,0.0110640470341,0.00199129405877,0.0998818030511,0.309897572721,0.0741455206794,0.0102133843895,17,1,8,20,3.51712860514e-08,1.37387836138e-10,3.51712860514e-08,0.000531839485104,0.00179305565021,1.5770922027e-05,3.51712860514e-08,1.37387836138e-10,3.51712860514e-08,0.183527703371,0.740043570512,0.0740879190999
247,0.0347588811763,0.0439338632003,0.0472351748733,0.0276282222813,0.087131632015,0.00709034774571,0.0118086303003,0.00269964480165,0.169795079463,0.0288711054899,0.146236497095,0.392810921558,17,1,8,20,3.16425740657e-09,1.23603804944e-11,3.16425740657e-09,3.40123364759e-11,1.08214885721e-11,0.000291787456822,3.16425740657e-09,1.23603804944e-11,3.16425740657e-09,0.183904635214,0.741563482666,0.0742400819363
248,0.0920312310797,0.184030084394,0.029816541048,0.0237268940966,0.0272772459613,0.0096393714599,0.0806252614397,0.0429858162686,8.69922163276e-05,0.408726629476,0.0539097585107,0.0471441740486,17,1,8,20,2.69298819918e-06,1.0519485153e-08,2.69298819918e-06,7.76093821882e-09,3.12454633518e-06,5.52963570725e-08,2.69298819918e-06,1.0519485153e-08,2.69298819918e-06,0.183955742437,0.741769563662,0.0742607133055
249,0.0417423673344,0.0282465164052,0.0879933744585,0.00321951782982,0.162265121949,0.28212605148,0.0123152626762,0.0880066615945,0.0663053579002,0.00632201812152,0.0994788449806,0.12197890527,17,1,8,20,9.83927567542e-05,3.84346706071e-07,9.83927567542e-05,0.0362260990976,0.000281883390764,0.00214725150213,9.83927567542e-05,3.84346706071e-07,9.83927567542e-05,0.17677482053,0.71281374397,0.0713618617887
250,0.064819383782,0.0200353364648,0.0614271290289,0.16294288715,0.238419985173,0.137257403773,0.0259573771117,0.0545397050937,0.121796968456,0.0260006941528,0.0719762435517,0.0148268862619,17,1,8,20,3.99130484443e-05,1.55910345485e-07,3.99130484443e-05,0.0934141516134,0.00802206688422,0.000347386673365,3.99130484443e-05,1.55910345485e-07,3.99130484443e-05,0.165204947144,0.666160240146,0.0666912435241
251,0.0126490626748,0.0832339082483,0.0230527331598,0.10850975676,0.0138487143488,0.000375451764659,0.167062476272,0.0973758013613,0.0436088808908,0.110091108113,0.0111401693087,0.329051937098,17,1,8,20,1.16570456891e-07,4.5535334723e-10,1.16570456891e-07,0.0402244163742,5.03653335227e-05,4.87149238682e-09,1.16570456891e-07,4.5535334723e-10,1.16570456891e-07,0.176549346493,0.711904559095,0.0712708406406
252,0.0364192147641,0.0380592547676,0.0409050312819,0.0407518136649,0.406785561439,0.0998635029672,0.0672847935553,0.0583712885256,0.0188066993572,0.0703994101602,0.0138416877881,0.108511741729,17,1,8,20,1.62608568267e-07,6.35189719792e-10,1.62608568267e-07,0.0171938906407,3.02432424124e-07,0.00442918368128,1.62608568267e-07,6.35189719792e-10,1.62608568267e-07,0.17998039446,0.72573966378,0.0726559133005
253,0.0936214020554,0.0240325936351,0.00283138164549,0.031122636595,0.0592041959788,0.0434522388079,0.0472232506388,0.315902112918,0.0253978351979,0.33947398013,0.0152601181627,0.00247825423465,17,1,8,20,7.50770645804e-06,2.93269783517e-08,7.50770645804e-06,0.00625151664598,1.98448910714e-05,0.000455521311956,7.50770645804e-06,2.93269783517e-08,7.50770645804e-06,0.182715313045,0.736767747698,0.0737599669288
254,0.0620577409252,0.221977700496,0.0445741857765,0.113485558201,0.255517082568,0.0105513550842,0.0300862910379,0.0404270604755,0.0358073632382,0.0274005247863,0.128399283837,0.0297158535738,17,1,8,20,8.31471606385e-07,3.24793596244e-09,8.31471606385e-07,0.043699404355,0.00425144597356,8.0343345233e-05,8.31471606385e-07,3.24793596244e-09,8.31471606385e-07,0.0191614254527,0.847916641773,0.084887406718
255,0.0456626713226,0.147795586709,0.0400781380695,0.00209965055235,0.222489394943,0.00497796058294,0.0495819976129,0.336412994908,0.0208767436563,0.0133516699106,0.0144660880314,0.102207103701,17,1,8,20,7.94375382179e-05,3.10302883664e-07,7.94375382179e-05,3.04214834612e-06,0.00708030774419,0.000102274701563,7.94375382179e-05,3.10302883664e-07,7.94375382179e-05,0.182577891948,0.736213621008,0.0737044916906
256,0.0918345885923,0.0843676268154,0.112176226198,0.107317163948,0.0358061994832,0.00620937767117,0.0596275370966,0.270752125942,0.174909939798,0.000158492121617,0.0113598416807,0.0454808806529,17,1,8,20,0.00121461801455,4.74460161935e-06,0.00121461801455,0.173801736126,0.0148681425927,1.7742363707e-06,0.00121461801455,4.74460161935e-06,0.00121461801455,0.148355093105,0.598216131891,0.059889160787
257,0.0820977280963,0.0419080069328,0.158034488269,0.0276656856226,0.0501296709346,0.00176172362619,0.0570968342822,0.191021724818,0.0314859753015,0.139574708717,0.144579831042,0.0746436223579,17,1,8,20,3.11839722574e-06,1.21812391631e-08,3.11839722574e-06,0.00592666838547,4.06694999133e-07,2.74877336973e-08,3.11839722574e-06,1.21812391631e-08,3.11839722574e-06,0.182865675382,0.737374057707,0.0738206663912
258,0.156396479976,0.067100772067,0.00440173173502,0.0101904583065,0.283482309999,0.00470552814749,0.103843589359,0.00272021327915,0.036390643978,0.00952342342008,0.172832508503,0.14841234123,17,1,8,20,6.09694360824e-06,2.38161859697e-08,6.09694360824e-06,0.0394796270867,9.1392048959e-05,7.66913893687e-06,6.09694360824e-06,2.38161859697e-08,6.09694360824e-06,0.176672990411,0.712403131709,0.0713207541984
259,0.0877402910837,0.0411026196103,0.0550542386696,0.245469113425,0.0245402924989,0.0328478384989,0.000245027640291,0.090115573422,0.181051264776,0.0705451305236,0.0513258666366,0.119962743215,17,1,8,20,2.96611317879e-05,1.15863796047e-07,2.96611317879e-05,4.28061831451e-08,3.34611039653e-06,3.48575962606e-05,2.96611317879e-05,1.15863796047e-07,2.96611317879e-05,0.183929410244,0.741663383671,0.074250083317
260,0.126508474534,0.179680785828,0.13999099421,0.0244982914179,0.105293353436,0.020991295834,0.0533866202444,0.0315745347544,0.0536577171594,0.129637147298,0.0306864406671,0.104094344617,17,1,8,20,2.61307492256e-05,1.02073239162e-07,2.61307492256e-05,3.34658984381e-08,0.000464253950824,0.00166505818603,2.61307492256e-05,1.02073239162e-07,2.61307492256e-05,0.183547338027,0.740122743853,0.0740958453738
261,0.253498948297,0.0560681450637,0.0426630056952,0.00625975886461,0.0317580808261,0.0659623959269,0.0578782960823,0.0362369992538,0.0245490811506,0.131446680036,0.0393961971686,0.254282411635,17,1,8,20,1.80683815881e-08,7.05796155785e-11,1.80683815881e-08,0.00109706428686,0.00072665099617,0.000190449836173,1.80683815881e-08,7.05796155785e-11,1.80683815881e-08,0.183587778542,0.740285813202,0.0741121707217
262,0.0365193507341,0.0322260621133,0.0164713844359,0.0565799764478,0.00810954063965,0.22549716741,0.0581174242205,0.00170411181744,0.0317616948146,0.473948509076,0.00577620832454,0.0532885699663,17,1,8,20,1.08243680448e-05,4.22826876751e-08,1.08243680448e-05,0.000937242424722,3.79405173707e-07,0.00106575068496,1.08243680448e-05,4.22826876751e-08,1.08243680448e-05,0.183581796767,0.74026169273,0.074109755951
263,0.0185201948277,0.0668573496822,0.110291001986,0.000451741155886,0.0699412553224,0.00804826360739,0.00698330871247,0.00887791678814,0.0401883085089,0.00613936211554,0.161674455726,0.502026841568,17,1,8,20,4.91137395158e-06,1.91850544983e-08,4.91137395158e-06,0.00763201681162,1.03176828677e-07,0.000156437369338,4.91137395158e-06,1.91850544983e-08,4.91137395158e-06,0.182521923391,0.735987937526,0.0736818978593
264,0.00781289277918,0.0666440510125,0.159495029652,0.143403455133,0.0548152956778,0.082081923789,0.0126919918373,0.277778329987,0.00977710173079,0.0133169585135,0.078048013288,0.0941349566003,17,1,8,20,2.59388591852e-12,1.01323668692e-14,2.59388591852e-12,0.114537165713,5.07636474615e-05,0.000892544687793,2.59388591852e-12,1.01323668692e-14,2.59388591852e-12,0.162714720943,0.65611883574,0.065685969258
265,0.0574596872013,0.0578011944407,0.0230072247529,0.0350930488049,0.0520923019163,0.0395676027003,0.148628174226,0.0961910977733,0.192427362987,0.00340451646441,0.275332594699,0.0189951940336,17,1,8,20,2.32750343922e-08,9.09181030947e-11,2.32750343922e-08,0.00921693659379,1.08168131489e-06,0.0016452609923,2.32750343922e-08,9.09181030947e-11,2.32750343922e-08,0.181959906582,0.733721702413,0.0734550184559
266,0.0778733103255,0.0311459397829,0.0139681493001,0.0803408038644,0.0137468801365,0.0303220177321,0.0158931834714,0.0745311318319,0.0230298185406,0.0778468733192,0.545778518258,0.0155233734374,17,1,8,20,6.20358471144e-07,2.42327527791e-09,6.20358471144e-07,0.0101377589038,0.000132484434262,4.27210701258e-07,6.20358471144e-07,2.42327527791e-09,6.20358471144e-07,0.182068481667,0.734159512594,0.0734988489095
267,0.159244585899,0.00423591113379,0.213182269389,0.0321063654401,0.174524865961,0.0805196780533,0.1834496497,0.0465055978409,0.053035210018,0.0347197767084,0.00757286289767,0.0109032269584,17,1,8,20,8.52273630849e-05,3.32919387051e-07,8.52273630849e-05,0.0678806973094,0.0150058098806,0.0445301599754,8.52273630849e-05,3.32919387051e-07,8.52273630849e-05,0.160456123366,0.647011433506,0.0647742006719
268,0.189648048877,0.00214036869229,0.0316558181862,0.346886893067,0.00397738077916,0.113154698574,0.0119487698041,0.0360069470315,0.0202574915039,0.0730899185234,0.14981031482,0.0214233501415,17,1,8,20,5.3580809192e-06,2.09300035906e-08,5.3580809192e-06,0.0313169246217,0.00976174939991,0.00137925233636,5.3580809192e-06,2.09300035906e-08,5.3580809192e-06,0.162855636166,0.722348544798,0.0723164184939
269,0.0278073411245,0.00127835982372,0.0919282632162,0.115932464477,0.0294471077642,0.06034034011,0.152253229458,0.10812449373,0.0493228083465,0.118757110557,0.173842042799,0.0709664385947,17,1,8,20,1.74347998798e-09,6.81046870304e-12,1.74347998798e-09,2.7296113303e-09,0.00137323054297,1.95742565113e-09,1.74347998798e-09,6.81046870304e-12,1.74347998798e-09,0.18370569496,0.740761290665,0.0741597721566
270,0.000418079679008,0.0801488490864,0.328766591653,0.114917388246,0.045110205115,0.0537565183558,0.151354354671,0.0436065762966,0.0275615726953,0.0127129541801,0.0273993797659,0.114247530256,17,1,8,20,6.31060505491e-05,2.46508009958e-07,6.31060505491e-05,7.3461546224e-07,0.00852308082899,1.45672577005e-08,6.31060505491e-05,2.46508009958e-07,6.31060505491e-05,0.168587885016,0.747773575338,0.0748617924162
271,0.0108477330596,0.185806863219,0.0306250192688,0.0203447959922,0.0760601016341,0.0144399686376,0.0478686963762,0.189046442023,0.0364434767347,0.0994398857367,0.217715952579,0.0713610647387,17,1,8,20,4.99709516639e-06,1.95199029937e-08,4.99709516639e-06,5.14481881764e-07,4.76255009905e-06,2.65441375678e-08,4.99709516639e-06,1.95199029937e-08,4.99709516639e-06,0.170076398037,0.75437553693,0.0755227340362
272,0.066533746497,0.0100180038403,0.227325705252,0.149367660144,0.0178839017207,0.00755479291712,0.251497127785,0.0277552518608,0.0726745011535,0.0152499125165,0.0740723958536,0.0800670004589,17,1,8,20,0.000225416166799,8.80531901559e-07,0.000225416166799,0.00150818060589,0.000744691984573,0.00783632195515,0.000225416166799,8.80531901559e-07,0.000225416166799,0.181936130388,0.733625829042,0.0734454202933
273,0.184695965618,0.308551068264,0.00691343577081,0.0282158630188,0.0388058939269,0.0246576271588,0.200640406073,0.0944495097674,0.0681089226687,0.0233671772192,0.00630469093485,0.0152894395789,17,1,8,20,0.0141250304238,5.5175900093e-05,0.0141250304238,0.221040862806,0.0234764377347,0.0228585629478,0.0141250304238,5.5175900093e-05,0.0141250304238,0.114975724601,0.509982139783,0.0510557986316
274,0.0340833352477,0.0848341570246,0.145011755319,0.107228870751,0.194231328767,9.09614230691e-05,0.0437750720396,0.0324189276119,0.0710185913552,0.0728966748377,0.0491869089107,0.165223416712,17,1,8,20,1.67247907857e-08,6.53312140068e-11,1.67247907857e-08,0.00715459918933,0.00815582353298,1.76889699958e-08,1.67247907857e-08,6.53312140068e-11,1.67247907857e-08,0.019820211895,0.877063860876,0.0878054197877
275,0.0132174078515,0.111015535032,0.122450097561,0.0695028737321,0.00357554093574,0.100942106617,0.124220022665,0.0226845108967,0.250752537339,0.0886036118909,0.0218160613328,0.0712196941468,17,1,8,20,2.09298202588e-05,8.17571103861e-08,2.09298202588e-05,3.96477701376e-05,3.77216906947e-05,0.00621504119081,2.09298202588e-05,8.17571103861e-08,2.09298202588e-05,0.18278534209,0.737050127654,0.0737882368093
276,0.200117826958,0.179899452997,0.0421160078409,0.00491307729013,0.0152401623997,0.0732138409225,0.229147408377,0.0818957523255,0.0420911697497,0.0222954758117,0.0379473948214,0.0711224305054,17,1,8,20,0.000156308719079,6.10580933904e-07,0.000156308719079,0.00033291667305,0.00664693354568,0.00623983097704,0.000156308719079,6.10580933904e-07,0.000156308719079,0.181411202219,0.731509147421,0.0732335131261
277,0.0618961040658,0.0891011486259,0.0562144255967,0.0747468342576,0.0745603498034,0.100152799036,0.0236317014974,0.0115536225708,0.438220791337,0.00112031072966,0.0232783346639,0.0455235778165,17,1,8,20,6.37099287938e-06,2.48866909351e-08,6.37099287938e-06,0.267937974354,0.00426900802568,2.88062885704e-05,6.37099287938e-06,2.48866909351e-08,6.37099287938e-06,0.133873580368,0.539821948366,0.054043148853
278,0.0946975685011,0.0463082874149,0.0320126498186,0.163710346271,0.0584089033378,0.0113440313507,0.0154776747144,0.0598510637186,0.0466071585744,0.0947077750561,0.376546364728,0.000328176514246,17,1,8,20,5.95068566288e-06,2.32448658706e-08,5.95068566288e-06,0.0107329512787,0.00042748694168,0.00210129059098,5.95068566288e-06,2.32448658706e-08,5.95068566288e-06,0.181514321743,0.73192495898,0.0732751412334
279,0.0341504971223,0.0262014738487,0.0630950465918,0.127305154164,0.0683416866804,0.00955886807951,0.320734010415,0.07694339013,0.104875340088,0.0582120286981,0.0111827185261,0.099399785656,17,1,8,20,0.000217339873014,8.4898387896e-07,0.000217339873014,7.08694405708e-05,0.000591049327223,0.00253525322783,0.000217339873014,8.4898387896e-07,0.000217339873014,0.183209929651,0.73876220321,0.073959637684
280,0.290909270844,0.0503068173506,0.00523721597398,0.0102675789784,0.0140596027413,0.304162953415,0.130428088229,0.00513198305571,0.0143166619612,0.0100989537133,0.120556897249,0.0445239764884,17,1,8,20,1.98897110955e-11,7.76941839666e-14,1.98897110955e-11,0.0764407005945,5.01179233944e-05,0.0033660261692,1.98897110955e-11,7.76941839666e-14,1.98897110955e-11,0.156498404061,0.694151246415,0.0694935047566
281,0.0555774444425,0.0521635238081,0.0588691249367,0.333449668752,0.0494117735677,0.162408609888,0.0166625116868,0.00896519276794,0.147606192029,0.00571130656844,0.0802670448599,0.0289076066925,17,1,8,20,5.74580989767e-08,2.24445699128e-10,5.74580989767e-08,0.239883572794,2.3149817253e-07,1.17651237931e-09,5.74580989767e-08,2.24445699128e-10,5.74580989767e-08,0.139829651344,0.563838770026,0.0564475428793
282,0.0322510333304,0.00170632684425,0.114626083556,0.0572036485275,0.0276233950285,0.074727443727,0.227863246574,0.0951519807204,0.110918412792,0.103173186906,0.0532251327323,0.101530109262,17,1,8,20,3.55861460203e-07,1.39008382892e-09,3.55861460203e-07,0.0810110090203,0.00110521567286,9.63944948036e-07,3.55861460203e-07,1.39008382892e-09,3.55861460203e-07,0.168851912322,0.680865993458,0.068163479356
283,0.0667703514195,0.110587329706,0.080036363139,0.00212762954643,0.404040824939,0.0450402491522,0.000621641746709,0.00604374580539,0.0307124290624,0.131726633353,0.0789294892481,0.0433633128819,17,1,8,20,2.59348777721e-05,1.01308116297e-07,2.59348777721e-05,8.90542797147e-06,0.00271054292377,2.37442294096e-05,2.59348777721e-05,1.01308116297e-07,2.59348777721e-05,0.183434560182,0.739667986791,0.0740503183187
284,0.0614185682353,0.157931765188,0.0116603478062,0.00981239006866,0.0891557336271,0.145213578358,0.324101939084,0.0587425359584,0.0190060740339,0.0733629176279,0.000385086700771,0.0492090633123,17,1,8,20,8.03389932005e-06,3.13824192189e-08,8.03389932005e-06,5.3926705645e-06,7.91043782834e-06,0.0150894114075,8.03389932005e-06,3.13824192189e-08,8.03389932005e-06,0.0198236717383,0.877220330923,0.0878210844603
285,0.00623620483555,0.00241355330486,0.0811238254592,0.177996831565,0.132027694863,0.159761633929,0.164891024331,0.00136353079033,0.0670717905211,0.0790621918997,0.0308956252117,0.0971560932893,17,1,8,20,0.000141369918363,5.52226243606e-07,0.000141369918363,0.0537436770664,7.67427657898e-06,0.000457063014531,0.000141369918363,5.52226243606e-07,0.000141369918363,0.173881997876,0.701148939437,0.0701940642036
286,0.237215987387,0.0419671659497,0.028750648479,0.0938335811784,0.0525626025878,0.342485906354,0.0240006701698,0.0764435315442,0.0255952905729,0.0608580500921,0.00490693140823,0.0113796342774,17,1,8,20,0.00225791332345,8.81997391972e-06,0.00225791332345,6.13102567251e-06,0.00301463862883,9.96813923717e-06,0.00225791332345,8.81997391972e-06,0.00225791332345,0.181736092138,0.732819209561,0.0733646672658
287,0.0776866063079,0.0222326042842,0.155413041445,0.111727744645,0.0779327789568,0.214366553134,0.0381421530567,0.0783982563268,0.0449858355166,0.0410438748824,0.0285422646663,0.109528286779,17,1,8,20,7.89312296533e-05,3.08325115833e-07,7.89312296533e-05,5.18992554827e-06,0.000110880585605,3.66860369796e-06,7.89312296533e-05,3.08325115833e-07,7.89312296533e-05,0.0201197254225,0.890312422029,0.0891317718648
288,0.0628542912918,0.0291902656947,0.0732382283907,0.015056145275,0.0983730874194,0.029659307792,0.0127992590707,0.0900607248828,0.0907742386309,0.138887185429,0.159781483149,0.199325782974,17,1,8,20,4.58755761372e-05,1.79201469286e-07,4.58755761372e-05,0.000235257203871,1.77652806393e-05,5.58298811248e-05,4.58755761372e-05,1.79201469286e-07,4.58755761372e-05,0.183867675617,0.741414449516,0.0742251617932
289,0.00258095882422,0.105805483744,0.0190016841003,0.0103233980208,0.097048435895,0.121834775212,0.00348078833818,0.281918856344,0.014042170501,0.0579841158193,0.173951049469,0.112028283734,17,1,8,20,1.50649325374e-05,5.88473927241e-08,1.50649325374e-05,5.2823683659e-06,1.40450703396e-05,9.04054023636e-06,1.50649325374e-05,5.88473927241e-08,1.50649325374e-05,0.183941988829,0.741714104627,0.0742551611398
290,0.00515511991145,0.0688647182207,0.210965814908,0.0407101599501,0.0761560128429,0.116442790276,0.0317823576875,0.182400243616,0.0248201910031,0.0405466090759,0.135386286383,0.0667696961266,17,1,8,20,1.82780651458e-06,7.13986919757e-09,1.82780651458e-06,0.0189280144685,0.000905778067609,0.00934909799628,1.82780651458e-06,7.13986919757e-09,1.82780651458e-06,0.178588531348,0.720127217656,0.0720940349585
291,0.0874156855561,0.0887788296427,0.00790830662476,0.00618090800862,0.0500958524281,0.0366357144915,0.264668290692,0.0933022509716,0.0648682443629,0.186482459134,0.0247481169048,0.0889153411836,17,1,8,20,0.000337220914351,1.31726919668e-06,0.000337220914351,0.023569972872,8.05162275179e-05,0.00110566596325,0.000337220914351,1.31726919668e-06,0.000337220914351,0.179155590721,0.722413786036,0.0723229499844
292,0.119458492225,0.0125683720896,0.0742757988103,0.0102098178218,0.220762816288,0.0524528154636,0.0960517163357,0.0818614928636,0.108724193456,0.0128954277924,0.0341677345211,0.176571322333,17,1,8,20,3.81601402622e-05,1.49063047899e-07,3.81601402622e-05,4.34508131501e-06,3.4930838383e-06,4.17190059183e-05,3.81601402622e-05,1.49063047899e-07,3.81601402622e-05,0.183921063487,0.741629726823,0.0742467138319
293,0.00242452651893,0.026818786003,0.163424617072,0.0866838366129,0.0175389873216,0.035734421222,0.0279765047244,0.0199980511611,0.0367701202289,0.159578212502,0.070352435282,0.352699501351,17,1,8,20,2.0629829797e-07,8.05852726444e-10,2.0629829797e-07,4.31824558106e-11,1.23324513274e-10,4.10349298733e-05,2.0629829797e-07,8.05852726444e-10,2.0629829797e-07,0.183950613429,0.741748881878,0.0742586427918
294,0.00728176669182,0.00593447685394,0.0163386232282,0.0284769832994,0.109428801208,0.230399942192,0.074981050911,0.0348693341675,0.206745882671,0.0187616962485,0.138425209811,0.128356232718,17,1,8,20,3.37995311168e-06,1.32029418425e-08,3.37995311168e-06,0.00816235491197,0.00246510745248,4.38612579457e-05,3.37995311168e-06,1.32029418425e-08,3.37995311168e-06,0.18199274364,0.73385411214,0.0734682743797
295,0.0960275143543,0.0228379328953,0.0441945180296,0.0930902981583,0.116912566021,0.107201520324,0.0254331963538,0.0191142029009,0.106094015777,0.0432874755568,0.118398499775,0.207408259854,17,1,8,20,0.000107309509428,4.19177771203e-07,0.000107309509428,0.0353189604792,0.000400076249363,1.32571057808e-05,0.000107309509428,4.19177771203e-07,0.000107309509428,0.0194004681617,0.858491113685,0.0859460479261
296,0.239536863847,0.197505489825,0.15647148769,0.0267457117175,0.0188380668379,0.00623660177068,0.0667801646156,0.0160102938488,0.140229603032,0.00279074004832,0.0367466431047,0.0921083336635,17,1,8,20,6.32484148956e-08,2.47064120686e-10,6.32484148956e-08,0.113063428351,0.0140552991283,1.95693804234e-07,6.32484148956e-08,2.47064120686e-10,6.32484148956e-08,0.160573684832,0.64748547969,0.0648216588172
297,0.0109861427413,0.00306838674701,0.0261772019299,0.151393322964,0.0356615417932,0.00658884208374,0.370119449954,0.172798625877,0.088777683569,0.0824321873965,0.0503051364269,0.00169147851701,17,1,8,20,4.07496659541e-06,1.59178382633e-08,4.07496659541e-06,0.0751688321334,0.000487961132435,0.00661990293007,4.07496659541e-06,1.59178382633e-08,4.07496659541e-06,0.168819827594,0.680736617369,0.0681505271386
298,0.0652049456861,0.0222979331909,0.0693787380489,0.0401744467137,0.0507430449243,0.368412900486,0.0293532515589,0.0230293611608,0.17701256228,0.0882631591137,0.0247606336999,0.0413690231372,17,1,8,20,0.000238129744133,9.30194313021e-07,0.000238129744133,0.0125266127135,0.0034811819455,0.000445772658557,0.000238129744133,9.30194313021e-07,0.000238129744133,0.180755977757,0.728867068643,0.0729690069178
299,0.0200454936305,0.0333314074365,0.218450373553,0.0133174614106,0.118897270961,0.00730712035218,0.0610226591186,0.0926743662667,0.0504118582261,0.157481333237,0.140196945689,0.0868637101194,17,1,8,20,4.65513852537e-06,1.81841348647e-08,4.65513852537e-06,0.0371125738725,1.33682331739e-05,4.61440354978e-06,4.65513852537e-06,1.81841348647e-08,4.65513852537e-06,0.177124407604,0.714223393093,0.0715029858716
300,0.079053951177,0.204550757829,0.144812096485,0.00309914293354,0.01547391806,0.388615981558,0.0252070111722,0.00282764889482,0.00505853134103,0.0183996876651,0.0591071565325,0.0537941163519,17,1,8,20,3.31279345659e-05,1.29405994398e-07,3.31279345659e-05,0.00210093301292,0.000132605523942,0.0126235973171,3.31279345659e-05,1.29405994398e-07,3.31279345659e-05,0.18120079637,0.730660722401,0.0731485748241
301,0.162589307415,0.0179621854633,0.2957678557,0.0137828903306,0.0507226133018,0.11101026358,0.00803096388056,0.153532351188,0.0615187645501,0.0731306747359,0.0436211069401,0.00833102291458,17,1,8,20,1.37723513956e-05,5.3798247639e-08,1.37723513956e-05,0.0239371673492,0.0336041145406,0.000503864528221,1.37723513956e-05,5.3798247639e-08,1.37723513956e-05,0.173270273049,0.698682265269,0.0699471182622
302,0.00635836090664,0.18235562793,0.321847201525,0.00873938632182,0.0332822649795,0.0150094839509,0.0156813599191,0.0996118019612,0.0140732759378,0.148660303919,0.111996739378,0.0423841932705,17,1,8,20,5.30776033178e-06,2.0733438796e-08,5.30776033178e-06,0.00240465962721,0.000303469750391,4.18803125632e-06,5.30776033178e-06,2.0733438796e-08,5.30776033178e-06,0.183455447691,0.739752212038,0.0740587503538
303,0.0305602313977,0.226868500367,0.0656956234658,0.0543616561995,0.121226492279,0.00970950807661,0.0444432433229,0.0931675795854,0.0931717233131,0.260644606811,9.82339954565e-05,5.26011870148e-05,17,1,8,20,2.45468036826e-05,9.58859518853e-08,2.45468036826e-05,0.0108459174621,0.00144013088698,0.000456393717333,2.45468036826e-05,9.58859518853e-08,2.45468036826e-05,0.181596138489,0.732254870792,0.0733081696665
304,0.00139964504262,0.179006459498,0.313257732759,0.0470721072943,0.0495060902934,0.0385368384938,0.038966804972,0.173881440329,0.00395318565093,0.0542511341438,0.0822244294198,0.0179441321044,17,1,8,20,0.000323769841089,1.26472594175e-06,0.000323769841089,0.0209521331843,0.000575633175121,0.000114923155869,0.000323769841089,1.26472594175e-06,0.000323769841089,0.0196666402956,0.87026799548,0.0871250658927
305,0.054974777124,0.0618595828157,0.0408262281492,0.126241624571,0.198050662575,0.0449895000596,0.112852557297,0.057229177086,0.0913835537667,0.0735537115634,0.126422320152,0.0116163048402,17,1,8,20,0.000142226300752,5.55571487314e-07,0.000142226300752,0.0662335667039,0.000110679918245,0.000359896714008,0.000142226300752,5.55571487314e-07,0.000142226300752,0.171582673274,0.691877312446,0.0692658545983
306,0.0279687814028,0.007943327653,0.104904779697,0.0795296410676,0.214516892321,0.226624245954,0.00447926137383,0.129184840918,0.00749315855364,0.0372029340012,0.0726205521269,0.0875315849317,17,1,8,20,9.97402952607e-06,3.89610528362e-08,9.97402952607e-06,0.0552736953889,0.00241302064921,1.47593159121e-06,9.97402952607e-06,3.89610528362e-08,9.97402952607e-06,0.173338738178,0.698958339004,0.0699747568085
307,0.0885685947269,0.0283991129576,0.0912397189045,0.0429084575979,0.349748079509,0.0434201338303,0.017823619283,0.0476720010315,0.0972691515544,0.036013427839,0.127349555657,0.0295881471097,17,1,8,20,5.25032800888e-07,2.05090937847e-09,5.25032800888e-07,5.00594115801e-06,0.00437326506005,0.00176952359723,5.25032800888e-07,2.05090937847e-09,5.25032800888e-07,0.0200046441152,0.885223183675,0.0886222733779
308,0.199956623795,0.0626566344537,0.0575926849204,0.0983275956013,0.0446843247576,0.0276659023205,0.0824957777509,0.0738220995007,0.019052362951,0.092708567794,0.0626852077635,0.178352218392,17,1,8,20,8.51059619894e-09,3.32445164021e-11,8.51059619894e-09,1.76160508913e-05,1.16483645125e-05,0.00169519502405,8.51059619894e-09,3.32445164021e-11,8.51059619894e-09,0.183641079358,0.740500739476,0.0741336876176
309,0.0719835872406,0.209788563097,0.00319309766957,0.0167343917172,0.0443801238442,0.274489156537,0.117141804731,0.00905036681134,0.200714599214,0.0146001411638,0.0329272561026,0.00499691187134,17,1,8,20,0.000160955380904,6.28731956655e-07,0.000160955380904,2.99682013101e-11,0.0545362798638,0.0223395369234,0.000160955380904,6.28731956655e-07,0.000160955380904,0.16969770097,0.684276489199,0.0685049140264
310,0.0188655116193,0.0452558217344,0.257285718436,0.020928452867,0.0757921817647,0.0332980167345,0.0188349010882,0.175299782595,0.0439886054949,0.248850627603,0.0380937847945,0.0235065952679,17,1,8,20,0.000324576727205,1.26787784064e-06,0.000324576727205,0.00281140050396,0.00120800650383,0.00038154052821,0.000324576727205,1.26787784064e-06,0.000324576727205,0.18290942257,0.737550460628,0.0738383266018
311,0.182281803682,0.176497505872,0.0329107736929,0.0182606962414,0.0204813663484,0.0663800381654,0.00347947041892,0.0591761394189,0.0639745732603,0.0996124030133,0.255791000072,0.0211542298139,17,1,8,20,3.19863731577e-05,1.24946770147e-07,3.19863731577e-05,8.63915033343e-05,0.000931135667163,5.85376146103e-05,3.19863731577e-05,1.24946770147e-07,3.19863731577e-05,0.0201042575618,0.889628208966,0.0890632733006
312,0.149608335372,0.141563102916,0.049954806937,0.1428010691,0.0924643268497,0.17862425375,0.0765415379413,0.0191312568177,0.0380230355975,0.0417922366184,0.0268601280814,0.042635910018,17,1,8,20,4.61597492392e-08,1.80311520466e-10,4.61597492392e-08,0.0921637942965,0.0323303000314,1.17107842081e-07,4.61597492392e-08,1.80311520466e-10,4.61597492392e-08,0.161056534978,0.649432488993,0.0650165795941
313,0.0140996204619,0.047689035934,0.150319287611,0.412929407707,0.000879873560787,0.0732809141118,0.0130918767125,0.0521848176677,0.134652387862,0.0323365479073,0.00467899436001,0.0638572361037,17,1,8,20,1.8850171334e-09,7.36334817733e-12,1.8850171334e-09,6.46957347808e-06,0.0161860532507,0.00461360347492,1.8850171334e-09,7.36334817733e-12,1.8850171334e-09,0.180130852973,0.726346361586,0.0727166515864
314,0.00787458017722,0.0197608730297,0.0821338955372,0.115311020408,0.234191231891,0.0462235960839,0.0702719819517,0.159509713708,0.0560540490032,0.0780104967992,0.10254784331,0.0281107181012,17,1,8,20,6.53126542757e-06,2.55127555765e-08,6.53126542757e-06,2.01354182108e-08,0.00298762512681,4.38645475013e-08,6.53126542757e-06,2.55127555765e-08,6.53126542757e-06,0.18340388872,0.739544309447,0.0740379366193
315,0.130910460729,0.107812446216,0.0479352521756,0.0109777353653,0.0890324367031,0.0567806120056,0.187713963356,0.0420834530774,0.119542722495,0.0210298129048,0.148988589532,0.0371925154408,17,1,8,20,2.40024850081e-05,9.37597070629e-08,2.40024850081e-05,2.9979191685e-06,4.74030770701e-06,0.00389221562279,2.40024850081e-05,9.37597070629e-08,2.40024850081e-05,0.183223189025,0.738815669332,0.0739649903334
316,0.0250732483391,0.109829765836,0.033142387508,0.00837763777811,0.225453994408,0.0235271514513,0.00679257350044,0.194219516192,0.0295765054084,0.176523552075,0.0756558804543,0.0918277870488,17,1,8,20,8.83835292191e-07,3.45248161012e-09,8.83835292191e-07,0.00457801966222,0.00113504030198,0.000381111626646,8.83835292191e-07,3.45248161012e-09,8.83835292191e-07,0.182836589125,0.737256772419,0.0738089246191
317,0.147978990061,0.0113268208986,0.0640229944685,0.0942277196938,0.0392937890032,0.206323761225,0.0472554959373,0.10127008464,0.144172477587,0.0216441009797,0.0461073598454,0.076376405661,17,1,8,20,0.000290496698059,1.13475272679e-06,0.000290496698059,0.000142585643216,0.000625701869524,0.000104776393558,0.000290496698059,1.13475272679e-06,0.000290496698059,0.183583532293,0.74026869094,0.0741104565622
318,0.131243673956,0.163776645888,0.00211329470101,0.0746963755025,0.11752534494,0.115759522967,0.0441157768622,0.0365705077671,0.0263043613123,0.0838084431114,0.101630786105,0.102455266887,17,1,8,20,1.55552016596e-06,6.0762506483e-09,1.55552016596e-06,4.4477334667e-08,0.000424543624434,4.90087087633e-08,1.55552016596e-06,6.0762506483e-09,1.55552016596e-06,0.183879041511,0.74146033193,0.0742297552154
319,0.0645036140038,0.00975235020238,0.018956377664,0.0469718306358,0.288562976336,0.126260182432,0.117460461827,0.00640526006547,0.0205140616799,0.116319662237,0.04845142819,0.135841794728,17,1,8,20,2.30891116554e-08,9.01918424039e-11,2.30891116554e-08,1.54980209762e-09,0.00216498636824,1.69128678123e-08,2.30891116554e-08,9.01918424039e-11,2.30891116554e-08,0.183560026622,0.740173908404,0.0741009676062
320,0.0496407055864,0.0269016910955,0.0554816547586,0.258125508826,0.0110356659077,0.329777313355,0.0446587184993,0.0240614026576,0.108558454314,0.0167024919692,0.000905532305379,0.0741508607252,17,1,8,20,2.04201174725e-05,7.9766083877e-08,2.04201174725e-05,0.244417511324,0.00194554083346,1.05965941068e-07,2.04201174725e-05,7.9766083877e-08,2.04201174725e-05,0.138622707764,0.558971979789,0.0559603143218
321,0.171699458504,0.0661982284922,0.165383579616,0.0666717442869,0.00240996494738,0.0783399444832,0.0115134230865,0.150878895226,0.111044720399,0.0906553643709,0.0808584922893,0.00434618429798,17,1,8,20,0.000603259028265,2.35648057916e-06,0.000603259028265,0.0108449042683,0.000114249587492,0.00282773930394,0.000603259028265,2.35648057916e-06,0.000603259028265,0.180977335615,0.729759655737,0.0730583664138
322,0.0430519820188,0.0246255465882,0.0751403108185,0.272831972326,0.105721485126,0.046733035435,0.113082059028,0.122931754433,0.0869639823832,0.0781732164527,0.0014373279307,0.0293073274599,17,1,8,20,4.31820684189e-06,1.68679954761e-08,4.31820684189e-06,0.00372240234211,8.98730038865e-08,0.0230965536527,4.31820684189e-06,1.68679954761e-08,4.31820684189e-06,0.179021544129,0.721873266447,0.0722688369928
323,0.0298210040905,0.0462600977615,0.298313233764,0.0194156960405,0.0737811365929,0.0745723834003,0.151206955994,0.045118171832,0.152303728988,0.00931254622436,0.0909922799189,0.00890276539312,17,1,8,20,4.07896193123e-08,1.59334450438e-10,4.07896193123e-08,0.136210998766,0.00216177804811,0.00553889422246,4.07896193123e-08,1.59334450438e-10,4.07896193123e-08,0.157484535801,0.635029023053,0.0635746066322
324,0.101557766128,0.0572630885226,0.0136448343411,0.036335062591,0.147601227395,0.0483320834454,0.0398396838989,0.144269781341,0.0214626657837,0.140060564974,0.242062704446,0.0075705371333,17,1,8,20,1.89034614174e-05,7.38416461616e-08,1.89034614174e-05,1.5349316791e-05,2.6671236203e-05,3.11716302654e-06,1.89034614174e-05,7.38416461616e-08,1.89034614174e-05,0.183936073862,0.741690253553,0.0742527733393
325,0.0351257335045,0.0253704221898,0.0640072122217,0.192972929576,0.0645285934897,0.0219085318809,0.059784452522,0.0151614746898,0.0350438531401,0.200742581847,0.24825859776,0.0370956171779,17,1,8,20,5.44934387223e-08,2.12864995009e-10,5.44934387223e-08,2.99093231752e-09,0.000196883602862,1.29514261667e-07,5.44934387223e-08,2.12864995009e-10,5.44934387223e-08,0.183922030657,0.741633630223,0.0742471046126
326,0.0784180244228,0.0367698146949,0.0249979739462,0.00771250992444,0.126533202646,0.0119821605483,0.280349457126,0.0184027177503,0.0445616540894,0.0862699146788,0.22013518552,0.0638673846538,17,1,8,20,2.13158317915e-06,8.32649679357e-09,2.13158317915e-06,0.00185733372852,0.00145310012552,0.000165049033384,2.13158317915e-06,8.32649679357e-09,2.13158317915e-06,0.169488124958,0.751766330404,0.0752615187649
327,0.00234143375395,0.0548600422783,0.142348134171,0.156092476123,0.0459884984843,0.0554845697265,0.0642086240833,0.00693306673088,0.0156573055693,0.0490739482192,0.302230073951,0.10478182691,17,1,8,20,1.83662596105e-06,7.17432016036e-09,1.83662596105e-06,0.0284168505549,4.14058938706e-06,2.14932321523e-05,1.83662596105e-06,7.17432016036e-09,1.83662596105e-06,0.178724728702,0.720676409876,0.0721490161926
328,0.111281038296,0.0357289037309,0.0721196431006,0.175439670136,0.2398576651,0.0486760990817,0.0135780715246,0.0402830068583,0.105603499397,0.0536426862727,0.0494385283995,0.0543511881029,17,1,8,20,5.08919625569e-06,1.98796728738e-08,5.08919625569e-06,1.02659980594e-12,0.00393459944311,0.00381206764704,5.08919625569e-06,1.98796728738e-08,5.08919625569e-06,0.18252949835,0.736018482235,0.0736849557792
329,0.0290175295576,0.0379773444676,0.0264205982918,0.0592611795449,0.171516784238,0.109770137773,0.0461150003899,0.0324801736533,0.0962751430821,0.00835923017729,0.275073118376,0.107733760449,17,1,8,20,3.2315568331e-05,1.26232688793e-07,3.2315568331e-05,0.0701628403991,0.771780376854,0.157927267963,3.2315568331e-05,1.26232688793e-07,3.2315568331e-05,8.32724625588e-12,3.35781736882e-11,3.36160884961e-12
330,0.278805676154,0.033130312564,0.0718649972855,0.0153042254687,0.0970816120665,0.245630635471,0.0958342077322,0.0309049092973,0.0186446537231,0.0414079720348,0.000578163335947,0.0708126348665,17,1,8,20,0.000876378407912,3.42335315591e-06,0.000876378407912,0.0342134302075,0.00792766902056,0.000146238583924,0.000876378407912,3.42335315591e-06,0.000876378407912,0.175533079017,0.707806637108,0.0708605857249
331,0.00908795601264,0.100505859011,0.0740993361917,0.0533648958701,0.0352332819725,0.120387859921,0.00786268446099,0.0602450228406,0.0690455077904,0.149670585389,0.156990016243,0.163506994297,17,1,8,20,6.58565571915e-08,2.57252176529e-10,6.58565571915e-08,0.0278837449063,1.00364305859e-05,0.000154149341085,6.58565571915e-08,2.57252176529e-10,6.58565571915e-08,0.0195638326852,0.865718381883,0.0866695908132
332,0.0363368296461,0.0565882028018,0.0558902898654,0.0759672426086,0.0878159652808,0.0270757131527,0.236173088199,0.0486516795701,0.00355730807163,0.0765345974333,0.0987042018661,0.196704881504,17,1,8,20,4.5827636684e-07,1.79014205797e-09,4.5827636684e-07,0.00937078575397,0.00147389018301,0.00429905778043,4.5827636684e-07,1.79014205797e-09,4.5827636684e-07,0.181172160684,0.73054525397,0.0731370149429
333,0.0464954380247,0.170742010946,0.0715044646522,0.163617418933,0.150411077484,0.0243289026783,0.0291282460912,0.0103376759098,0.0895354732868,0.00321079163442,0.0869254288839,0.153763071475,17,1,8,20,7.77705836631e-06,3.03791342434e-08,7.77705836631e-06,0.000191996282797,0.00343762149691,8.51137181974e-06,7.77705836631e-06,3.03791342434e-08,7.77705836631e-06,0.0200546097003,0.887432625152,0.0888434670047
334,0.0748136451036,0.202523626016,0.0186043426806,0.127631986356,0.189251825713,0.0153010964344,0.0825602773358,0.00127382426431,0.00194347807048,0.136799210586,0.0837665078873,0.0655301795531,17,1,8,20,3.22625747112e-07,1.26025682466e-09,3.22625747112e-07,4.24321408777e-07,0.0025380661478,5.76184153358e-11,3.22625747112e-07,1.26025682466e-09,3.22625747112e-07,0.169648719637,0.752478664232,0.075332832581
335,0.10816185502,0.094946691257,0.0362142557614,0.385362831274,0.0712932671707,0.0988832431609,0.00964311260971,0.0196293361231,0.0275487177948,0.00498844783902,0.0331172979627,0.110210944026,17,1,8,20,0.000173126981641,6.76277272035e-07,0.000173126981641,0.35782793846,0.303548865172,0.0136961538782,0.000173126981641,6.76277272035e-07,0.000173126981641,0.0596453895865,0.240509668422,0.0240781240008
336,0.116867567258,0.0630028411341,0.00887791314305,0.225341503052,0.0813628034292,0.149233788335,0.0167426294659,0.10954936493,0.0189927294753,0.00704168734506,0.0817613730117,0.121225799421,17,1,8,20,5.84180427599e-07,2.28195479531e-09,5.84180427599e-07,5.60319435577e-06,0.00509874918045,1.05378812782e-08,5.84180427599e-07,2.28195479531e-09,5.84180427599e-07,7.49928135179e-17,0.904355618592,0.0905376772092
337,0.0394059376986,0.00359737844551,0.0427866284278,0.247547787368,0.0202216196318,0.0180164647179,0.0341794975488,0.00671164744453,0.0461584119444,0.270462812369,0.0587655116059,0.212146302797,17,1,8,20,1.90955750494e-07,7.45920900367e-10,1.90955750494e-07,2.27211985105e-10,0.000164383157247,1.27513450803e-09,1.90955750494e-07,7.45920900367e-10,1.90955750494e-07,0.183927933573,0.74165742925,0.0742494872026
338,0.0818448882253,0.0118172164035,0.0494233935403,0.0144223715391,0.133490231482,0.0457773831194,0.0872740868754,0.0850227205725,0.134223705064,0.104486471958,0.0541594852285,0.198058045992,17,1,8,20,8.0419733969e-06,3.14139585816e-08,8.0419733969e-06,0.0171267528392,0.000130794651888,0.000558980206824,8.0419733969e-06,3.14139585816e-08,8.0419733969e-06,0.180674886773,0.728540083342,0.0729362714661
339,0.0753257272886,0.00265348825959,0.342093501616,0.0410845674794,0.00897836812701,0.0144515221886,0.144940974032,0.0844736267258,0.0422772701594,0.0262940331311,0.141043935338,0.0763829856541,17,1,8,20,6.4711779834e-08,2.52780389976e-10,6.4711779834e-08,0.0128077858898,0.000632786080046,0.00335432285128,6.4711779834e-08,2.52780389976e-10,6.4711779834e-08,0.019790350261,0.875741464712,0.0876730308529
340,0.0956677861418,0.167577535061,0.0428778573871,0.224273314405,0.00862806952417,0.0123660591662,0.0176637551235,0.157094152853,0.238338524485,0.0108903535206,0.0240675573448,0.00055503498779,17,1,8,20,5.44275548239e-07,2.12607636031e-09,5.44275548239e-07,0.463617731626,0.0079797413702,8.13994289612e-07,5.44275548239e-07,2.12607636031e-09,5.44275548239e-07,0.0972034871115,0.391956169815,0.0392398747278
341,0.175465878755,0.2018497233,0.11431918479,0.0329533676904,0.0603509645508,0.0679226205666,0.0943187821656,0.00410278900404,0.0239354049771,0.158712921676,0.0243643387005,0.0417040238236,17,1,8,20,6.45526192728e-08,2.52158669034e-10,6.45526192728e-08,1.38695069145e-07,0.00302080181453,2.07818698868e-10,6.45526192728e-08,2.52158669034e-10,6.45526192728e-08,0.183402507253,0.73953889841,0.0740373949046
342,0.0170525927961,0.0772122285491,0.118341186136,0.136525374884,0.0876522903759,0.233719956659,0.04774049041,0.0117102000848,0.0423938857649,0.118946943259,0.100157780905,0.00854707017532,17,1,8,20,6.76017119481e-05,2.64069187297e-07,6.76017119481e-05,8.49604455313e-05,0.00171732628908,1.01978680387e-06,6.76017119481e-05,2.64069187297e-07,6.76017119481e-05,0.183576740313,0.740241303458,0.0741077147215
343,0.00688029715605,0.0935232986032,0.00113826580863,0.204855355495,0.267369013108,0.0321110006023,0.0313537872318,0.068777318429,0.0397924358792,0.0575811268101,0.18745277043,0.00916533044705,17,1,8,20,3.31568678579e-08,1.2951901507e-10,3.31568678579e-08,4.96755585943e-08,0.00312781378178,7.83765210888e-09,3.31568678579e-08,1.2951901507e-10,3.31568678579e-08,0.183382891907,0.739459643451,0.0740294604597
344,0.250362524603,0.246936617142,0.186066891198,0.031872436891,0.0133504947717,0.0907383902291,0.0822347589634,0.0341447280319,0.0400463541792,0.000380204787348,0.0102455741265,0.0136210250772,17,1,8,20,4.24024583951e-08,1.65634603106e-10,4.24024583951e-08,3.79337473323e-07,0.287122733866,2.42251013193e-07,4.24024583951e-08,1.65634603106e-10,4.24024583951e-08,0.131139554561,0.528797464416,0.0529394556279
345,0.180793422062,0.0113481107493,0.0626969672386,0.0487815333951,0.0819483003255,0.0374684642484,0.0138811546113,0.177962038723,0.0777522209179,0.069811439452,0.0693546255938,0.168201722684,17,1,8,20,3.27653172755e-07,1.27989520607e-09,3.27653172755e-07,0.0402413430858,0.000292854242348,0.000526526388133,3.27653172755e-07,1.27989520607e-09,3.27653172755e-07,0.176404611197,0.711320939166,0.0712124127483
346,0.126113542761,0.268068890536,0.167333268916,0.199638358604,0.00718414218224,0.0795429133744,0.00640649392656,0.00969001122794,0.0113276647748,0.0258995648689,0.0767116385697,0.0220835102579,17,1,8,20,1.18400774875e-05,4.62503026854e-08,1.18400774875e-05,0.186898822179,0.000315472913813,0.000187979242713,1.18400774875e-05,4.62503026854e-08,1.18400774875e-05,0.149475378465,0.602733487921,0.0603414064675
347,0.0837957560847,0.00541892355452,0.0875346787996,0.0542358118014,0.0815055309151,0.293978266628,0.0458311506127,0.091258533606,0.013381113735,0.0541390740026,0.10876705576,0.0801541045008,17,1,8,20,0.000953760188736,3.72562573725e-06,0.000953760188736,0.0581285472596,0.00365003506346,0.000182369695398,0.000953760188736,3.72562573725e-06,0.000953760188736,0.171856902813,0.692983095408,0.0693765577541
348,0.163357166069,0.00391268085452,0.127308634462,0.184231989369,0.0279018525533,0.120710850988,0.119607883856,0.107846045406,0.0214175014342,0.0227554646303,0.0679648638795,0.032985066498,17,1,8,20,0.000649505860063,2.53713226587e-06,0.000649505860063,0.0804837549131,0.000420844350076,0.00215847028779,0.000649505860063,2.53713226587e-06,0.000649505860063,0.168199310564,0.678234490278,0.0679000319018
349,0.103382902757,0.00570577362782,0.0351128894569,0.108510943331,0.106627217067,0.0160594073124,0.0271130070365,0.122490862089,0.0133707509702,0.0145753479744,0.380408905954,0.0666419924244,17,1,8,20,4.10637385761e-10,1.60405228813e-12,4.10637385761e-10,0.0202322538155,0.000270703298329,0.000173766988617,4.10637385761e-10,1.60405228813e-12,4.10637385761e-10,0.180154658662,0.72644235393,0.0727262616598
350,0.0879510936078,0.0999754553065,0.015134154331,0.0574960765452,0.0438669715061,0.166618561688,0.00532648739073,0.152099200388,0.113062339046,0.0322965521206,0.162198292099,0.0639748159712,17,1,8,20,5.05089138417e-06,1.97300444694e-08,5.05089138417e-06,0.00873966113584,0.00677732634895,0.000820969595157,5.05089138417e-06,1.97300444694e-08,5.05089138417e-06,0.180949087365,0.729645749592,0.0730469629375
351,0.0861281095007,0.282187343294,0.228554230162,0.092377092667,0.0423909194762,0.0107491623089,0.0409723077955,0.00055358682052,0.165826010704,0.0366648694251,0.0113519882119,0.00224437963436,17,1,8,20,0.000883914214919,3.45278990203e-06,0.000883914214919,0.00187270032404,0.0740275934293,0.0103795002622,0.000883914214919,3.45278990203e-06,0.000883914214919,0.167434745005,0.675151512528,0.0675913860122
352,0.00568318400909,0.0110296007583,0.198202856058,0.0433242783661,0.0752887873012,0.121695333565,0.135173932053,0.330546863123,0.012396897737,0.0231222154751,0.0107427863383,0.0327932652157,17,1,8,20,6.65837663622e-05,2.60092837352e-07,6.65837663622e-05,7.02265776338e-05,0.00812576234861,0.0463338300355,6.65837663622e-05,2.60092837352e-07,6.65837663622e-05,0.173878010467,0.701132860796,0.070192454524
353,0.0696364813091,0.0538964128487,0.0069550870467,0.195071618211,0.0848250516653,0.0582101798548,0.0933784033661,0.146799244374,0.0590376768275,0.0116562011637,0.133971208508,0.0865624348252,17,1,8,20,1.27291322688e-05,4.97231729248e-08,1.27291322688e-05,2.79882975829e-12,3.58738260094e-07,1.12811245965e-07,1.27291322688e-05,4.97231729248e-08,1.27291322688e-05,0.183948842725,0.741741741772,0.074257927975
354,0.0549015359066,0.154251463618,0.00803186264361,0.0821706268481,0.0741259732642,0.213192901846,0.0745457860813,0.0320549846982,0.151158578407,0.00927660548899,0.0292176800066,0.117072001192,17,1,8,20,2.02504442369e-08,7.91032978003e-11,2.02504442369e-08,0.0191972406806,2.58844426964e-08,0.0195183015089,2.02504442369e-08,7.91032978003e-11,2.02504442369e-08,0.176836248714,0.713061442446,0.0713866596053
355,0.0478325243423,0.114858457034,0.0428169824611,0.0428607796877,0.0793891201172,0.194140647751,0.266527100137,0.0512752973978,0.0887590047966,0.0162597105538,0.0372840340033,0.0179963417186,17,1,8,20,0.000337008071195,1.3164377781e-06,0.000337008071195,0.00206500298082,0.0409511362309,0.00386777378822,0.000337008071195,1.3164377781e-06,0.000337008071195,0.175085162595,0.706000491974,0.0706797672705
356,0.0187075572694,0.293926268653,0.0121005587992,0.104653520915,0.0994608066457,0.174316759096,0.0164078268894,0.0444039486487,0.0878594194686,0.0707172941745,0.0471507205111,0.0302953189292,17,1,8,20,2.65624584583e-05,1.03759603353e-07,2.65624584583e-05,0.0649939238504,0.00229657913906,0.00221109159935,2.65624584583e-05,1.03759603353e-07,2.65624584583e-05,0.171153334388,0.690146077999,0.0690925356712
357,0.0456421715765,0.0604817898423,0.026976448314,0.0721912284149,0.0761767716784,0.238624739173,0.105474033398,0.109138366858,0.100390607916,0.054429020939,0.010760987003,0.0997138348865,17,1,8,20,0.000813055905067,3.17599962917e-06,0.000813055905067,0.0120060689403,0.0009722308402,0.00132324294066,0.000813055905067,3.17599962917e-06,0.000813055905067,0.180727984515,0.72875419076,0.0729577063839
358,0.037836733566,0.222492087886,0.202283679233,0.0749320632942,0.0850979858116,0.0507454233957,0.119469792503,0.0798492723193,0.00482444340007,0.0377934886369,0.070054841179,0.0146201887748,17,1,8,20,6.05835620348e-09,2.36654539199e-11,6.05835620348e-09,0.146995634529,0.00448769666891,0.000187548866932,6.05835620348e-09,2.36654539199e-11,6.05835620348e-09,0.01707504847,0.755607934259,0.0756461129253
359,0.012217138886,0.0252255837221,0.233620619091,0.0398911620129,0.0312401060741,0.223950070188,0.059726686268,0.0158552768242,0.126046807046,0.0326000417657,0.0686179582721,0.13100854985,17,1,8,20,8.30900933481e-07,3.24570677141e-09,8.30900933481e-07,0.014421919572,0.000189350708193,0.0120214331918,8.30900933481e-07,3.24570677141e-09,8.30900933481e-07,0.17905839445,0.722021858961,0.0722837130225
360,0.1591854565,0.00932636472197,0.137696510698,0.134796976898,0.0701587070006,0.0510287841975,0.043134007699,0.0552345149076,0.0595551561156,0.0980195272697,0.0267730738855,0.155090920107,17,1,8,20,9.535715864e-05,3.72488900938e-07,9.535715864e-05,0.000291366369978,9.96120855906e-06,0.00024893669536,9.535715864e-05,3.72488900938e-07,9.535715864e-05,0.183786784582,0.741088270473,0.0741925070583
361,0.0321565994682,0.0578979745896,0.120771974719,0.0725195563712,0.0364916635299,0.0133280934943,0.217003354689,0.0170188700248,0.119204074737,0.0946173344238,0.180796830206,0.0381936737468,17,1,8,20,5.89327129111e-05,2.30205909809e-07,5.89327129111e-05,0.0159295663475,0.000276121490001,0.000167885866614,5.89327129111e-05,2.30205909809e-07,5.89327129111e-05,0.167255662162,0.741864368388,0.0742702044829
362,0.0436459977359,0.0704024020196,0.141102391573,0.0504285544549,0.0904402473916,0.00898656905251,0.0636821698776,0.0723909494941,0.0536880538564,0.309526530852,0.0904283762665,0.00527775742567,17,1,8,20,4.7108768841e-06,1.84018628285e-08,4.7108768841e-06,1.56321421463e-06,1.29969386046e-06,1.48089884023e-07,4.7108768841e-06,1.84018628285e-08,4.7108768841e-06,0.183954287195,0.741763695653,0.074260125842
363,0.0869002223896,0.0945151602284,0.0359073443185,0.0668191157528,0.137374694457,0.0441915760225,0.0102964846957,0.0510384340135,0.0134354917843,0.310861202793,0.0565898626158,0.0920704109291,17,1,8,20,3.00920031536e-08,1.17546887319e-10,3.00920031536e-08,2.89605213834e-08,0.000625517189808,0.000239535285154,3.00920031536e-08,1.17546887319e-10,3.00920031536e-08,0.183799153175,0.741138144676,0.0741975001102
364,0.107519055402,0.116294270645,0.00680904516959,0.0909983952243,0.278522492918,0.0201175804646,0.0143918443711,0.178269095241,0.0334734270925,0.0655645487388,0.0326451948303,0.0553950499027,17,1,8,20,1.31348419485e-09,5.13079763612e-12,1.31348419485e-09,0.177907426599,3.17988232056e-06,4.27108389246e-09,1.31348419485e-09,5.13079763612e-12,1.31348419485e-09,0.151230177195,0.609809409214,0.0610497975747
365,0.0737510463884,0.00551149129363,0.375909443411,0.0128316687363,0.214501377103,0.0114751946842,0.117195417755,0.0966650086013,0.0089235398101,0.0164798653113,0.0355420710699,0.0312138758351,17,1,8,20,2.26502870112e-06,8.84776836376e-09,2.26502870112e-06,0.147955955176,0.0189704990953,1.62513539569e-06,2.26502870112e-06,8.84776836376e-09,2.26502870112e-06,0.153248836251,0.617949300693,0.0618647058388
366,0.0140141916005,0.280073564923,0.238190530789,0.0300659798534,0.0784638361395,0.0701765629904,0.0865931902876,0.0160116688139,0.0655075028753,0.00773394768187,0.0218558217401,0.0913132023056,17,1,8,20,0.000121675379537,4.75294451318e-07,0.000121675379537,0.0800166111481,0.00012556047565,7.92645926516e-07,0.000121675379537,4.75294451318e-07,0.000121675379537,0.169125641982,0.681969760908,0.068273980733
367,0.0503249886559,0.0982271675253,0.0239925785187,0.107598590032,0.0066980897634,0.045873360343,0.226328299015,0.113550827512,0.0377001024475,0.0896461375272,0.0686825831107,0.13137727555,17,1,8,20,9.00964859609e-06,3.51939398285e-08,9.00964859609e-06,5.02701526485e-06,9.19646801101e-06,4.14727981462e-08,9.00964859609e-06,3.51939398285e-08,9.00964859609e-06,0.0201274990001,0.890655962372,0.0891661646899
368,0.0394722758269,0.0994971902383,0.179856763287,0.0380480198796,0.00666276665124,0.187473755652,0.13295752481,0.0436460435866,0.0169216614441,0.0582299508218,0.116005034113,0.0812290136884,17,1,8,20,3.86091862179e-06,1.50817133664e-08,3.86091862179e-06,0.0594753586485,2.03923445362e-06,1.68891256968e-06,3.86091862179e-06,1.50817133664e-08,3.86091862179e-06,0.173013795176,0.697648062938,0.0698435812521
369,0.120163018799,0.00608917638021,0.143954815292,0.0356873305389,0.172710274554,0.00730201017192,0.00563131307088,0.0692822890894,0.128126524719,0.0264576595591,0.0194059140723,0.265189673754,17,1,8,20,2.22596247369e-06,8.69516591284e-09,2.22596247369e-06,0.00226114167719,0.00423766450239,6.37341871271e-07,2.22596247369e-06,8.69516591284e-09,2.22596247369e-06,0.182761046473,0.736952159803,0.0737784289622
370,0.119321977982,0.120849800967,0.0875331198397,0.0122986450978,0.206570649068,0.0331851559043,0.0797362386751,0.0620303433739,0.0384301494626,0.0624023007216,0.0600343121812,0.117607306727,17,1,8,20,7.58795647526e-07,2.96404549815e-09,7.58795647526e-07,0.00380158883796,0.00297116803608,0.000949346010735,7.58795647526e-07,2.96404549815e-09,7.58795647526e-07,0.182537209817,0.736049577383,0.0736880688051
371,0.216047852117,0.00811983606037,0.119836824299,0.00280719344746,0.228495122888,0.0224755856138,0.115341690084,0.000254371375227,0.0563765509217,0.0392949889288,0.0657987635734,0.125151220691,17,1,8,20,2.06162767624e-06,8.05323311032e-09,2.06162767624e-06,0.0470538891981,0.00242243917467,5.17329058954e-06,2.06162767624e-06,8.05323311032e-09,2.06162767624e-06,0.161663326929,0.717059947217,0.0717869615736
372,0.16509989223,0.0277922735061,0.00991263865995,0.123884708708,0.023274811016,0.0243549161702,0.0876477452571,0.0500209936474,0.116580218158,0.19779501001,0.0150727527107,0.158564039927,17,1,8,20,5.64549192085e-06,2.20527028158e-08,5.64549192085e-06,8.6985742109e-09,1.31791545389e-07,5.62716170379e-06,5.64549192085e-06,2.20527028158e-08,5.64549192085e-06,0.183953091022,0.741758872292,0.0742596429612
373,0.00385482885749,0.10966933293,0.188264179095,0.0685937752853,0.00406005037603,0.0347519318394,0.192259955859,0.0413802141607,0.0401601972816,0.188197411509,0.0452880761731,0.083520046633,17,1,8,20,1.81991676675e-07,7.10904987012e-10,1.81991676675e-07,4.38597477579e-07,0.000309543698528,0.00119293199484,1.81991676675e-07,7.10904987012e-10,1.81991676675e-07,0.169824954726,0.753260315615,0.0754110859794
374,0.0809577154392,0.0400602876095,0.065366240756,0.0960299964146,0.234882910833,0.0026763946659,0.096623940421,0.0412969877809,0.226613820866,0.0528245660496,0.0449495135671,0.0177176255972,17,1,8,20,0.000397078017832,1.55108600716e-06,0.000397078017832,0.00058200875406,0.00124934213941,0.00810732612388,0.000397078017832,1.55108600716e-06,0.000397078017832,0.181837258132,0.733227143851,0.0734055067567
375,0.116672633258,0.0820340719607,0.105979474431,0.00930178447881,0.321475366193,0.0667003195241,0.0467641101577,0.00615477338367,0.0175470093765,0.0815770627173,0.140278138433,0.00551525608581,17,1,8,20,9.5641791046e-05,3.73600746273e-07,9.5641791046e-05,0.000126352404882,0.000168126579163,0.00200386396674,9.5641791046e-05,3.73600746273e-07,9.5641791046e-05,0.183465001124,0.7397907346,0.0740626069596
376,0.0404689899287,0.0470531159039,0.0232778237328,0.0901519629626,0.0568376273643,0.162874775264,0.162900135949,0.0906383070388,0.0789805868585,0.122964161897,0.00166389590212,0.122188617198,17,1,8,20,2.66267322383e-08,1.04010672806e-10,2.66267322383e-08,2.20853584725e-09,0.00292780803247,5.37813040345e-10,2.66267322383e-08,1.04010672806e-10,2.66267322383e-08,0.183419699517,0.739608063741,0.0740443192475
377,0.0420050798172,0.0225567117966,0.137409476888,0.106598514287,0.178169354623,0.123972584096,0.0197189324443,0.0273374005334,0.243047672918,0.0501284770751,0.00635023063463,0.0427055648862,17,1,8,20,0.000170474606449,6.65916431442e-07,0.000170474606449,0.000332840526828,0.0152715589265,0.00520451086005,0.000170474606449,6.65916431442e-07,0.000170474606449,0.180004656334,0.725837495568,0.072665707526
378,0.0762173183181,0.144013588766,0.0116758739832,0.109346460448,0.138568033344,0.0317473887081,0.0141191193313,0.102059401155,0.191764299065,0.0161264295785,0.0158673726112,0.148494714693,17,1,8,20,0.000108900190191,4.25391367933e-07,0.000108900190191,1.36730747348e-07,0.00443604278158,8.19796540674e-05,0.000108900190191,4.25391367933e-07,0.000108900190191,0.18304687245,0.738104703381,0.0738938134595
379,0.0711518740943,0.0342974002803,0.004694498381,0.0056520934295,0.164456928435,0.174259443235,0.174831392095,0.0485245876715,0.136174150706,0.00602388329168,0.0496231854306,0.13031056295,17,1,8,20,2.51506153045e-09,9.82445910332e-12,2.51506153045e-09,0.0901032075988,4.87503291772e-09,0.00233630372551,2.51506153045e-09,9.82445910332e-12,2.51506153045e-09,0.166953294856,0.673210148468,0.067397030397
380,0.0792696331603,0.296723057113,0.0179281931581,0.024366940821,0.089229529864,0.10105137321,0.0140895387578,0.177766830099,0.0010608330772,0.114128740023,0.0843674039504,1.79267663569e-05,17,1,8,20,0.000112320313353,4.38751224035e-07,0.000112320313353,4.5859377443e-05,0.000281480413945,0.00296624534823,0.000112320313353,4.38751224035e-07,0.000112320313353,0.183269621468,0.739002900087,0.07398373455
381,0.235342267882,0.0479422301922,0.0303012761981,0.000546296871082,0.15888166068,0.0622859243567,0.0433568363388,0.254936766777,0.0324534510733,0.0252391774227,0.0780373021988,0.0306768100088,17,1,8,20,3.07733946813e-05,1.20208572974e-07,3.07733946813e-05,0.116082590094,4.36670683046e-06,7.20137802787e-06,3.07733946813e-05,1.20208572974e-07,3.07733946813e-05,0.162579140333,0.65557213049,0.0656312370017
382,0.100759741778,0.239775347982,0.000748912319392,0.00526631394529,0.0155137087612,0.01668971745,0.121010306875,0.170549612214,0.00563922805325,0.0779650325002,0.162567414337,0.0835146637836,17,1,8,20,6.01880559451e-06,2.35109593536e-08,6.01880559451e-06,3.06000646093e-09,0.000614132741227,1.53019768054e-08,6.01880559451e-06,2.35109593536e-08,6.01880559451e-06,0.183840898595,0.741306475826,0.0742143522322
383,0.0440139580102,0.168257413601,0.0679050234792,0.0361270315086,0.0479018461604,0.171419222811,0.0826507491216,0.204781341924,0.0568963526732,0.0518239162666,0.0652617451788,0.00296139926461,17,1,8,20,4.16437271182e-05,1.62670809055e-07,4.16437271182e-05,5.77580949614e-06,0.0106355360111,0.0050537155919,4.16437271182e-05,1.62670809055e-07,4.16437271182e-05,0.0198090271658,0.87657278811,0.0877562570616
384,0.0331813525527,0.0518725287888,0.095547429615,0.170065215685,0.00585365428347,0.119713954254,0.0994327302497,0.0376427027568,0.0777144783844,0.0128988065542,0.17241939325,0.123657753625,17,1,8,20,1.62140239216e-05,6.33360309438e-08,1.62140239216e-05,3.00687907146e-09,0.00094539646058,9.11998845117e-08,1.62140239216e-05,6.33360309438e-08,1.62140239216e-05,0.183772429294,0.741030385269,0.0741867120018
385,0.176092645877,0.0231967773713,0.0420027053309,0.0332583144612,0.0727811694737,0.0267182014308,0.0561576430306,0.0945229454987,0.239216291104,0.132290783715,0.0989957100241,0.00476681268293,17,1,8,20,1.45242899885e-06,5.67355077675e-09,1.45242899885e-06,0.0147600610945,0.00313631390014,0.000155313686914,1.45242899885e-06,5.67355077675e-09,1.45242899885e-06,0.180636485225,0.728385235803,0.0729207692276
386,0.0296837721264,0.0221492826988,0.00890272508558,0.0443467002984,0.198540623294,0.00913614235218,0.140074594807,0.0736650937372,0.159248148706,0.256646896506,0.0337100246503,0.0238959957382,17,1,8,20,1.71021206396e-08,6.68051587486e-11,1.71021206396e-08,6.49476851447e-12,9.26524239376e-12,0.00182427681868,1.71021206396e-08,6.68051587486e-11,1.71021206396e-08,0.183622710784,0.740426671394,0.0741262724459
387,0.197472970659,0.0526343032123,0.0325289046102,0.112456630543,0.0169182425487,0.0297336651361,0.041586725116,0.188937852453,0.0219964629515,0.166637391288,0.0769064122713,0.0621904392121,17,1,8,20,9.28825277937e-06,3.62822374194e-08,9.28825277937e-06,1.54552801505e-05,0.00139238872713,5.58096868551e-08,9.28825277937e-06,3.62822374194e-08,9.28825277937e-06,1.20596865524e-15,0.907683984941,0.0908708896667
388,0.0141057927517,0.0836851463419,0.036572507741,0.0433071760268,0.110570737792,0.0179350679768,0.23236458326,0.105962964321,0.055832696861,0.214358233839,0.071058448712,0.0142466443765,17,1,8,20,6.13499985522e-06,2.39648431845e-08,6.13499985522e-06,0.00493169234007,0.00189745106858,0.000903240380654,6.13499985522e-06,2.39648431845e-08,6.13499985522e-06,0.182531354843,0.736025968216,0.0736857052226
389,0.0675829829904,0.0110832915213,0.0302800868591,0.0701888593503,0.00983849573174,0.0851289138092,0.327888285735,0.00701828615041,0.055443751393,0.0182319431523,0.0476075630033,0.269707540304,17,1,8,20,1.03684467791e-09,4.05017452308e-12,1.03684467791e-09,3.02321434547e-06,0.00134235401513,0.000280372653164,1.03684467791e-09,4.05017452308e-12,1.03684467791e-09,0.183659243311,0.740573982464,0.0741410201865
390,0.141056383535,0.00378206052849,0.108801144695,0.115847715195,0.000380158471082,0.320348268398,0.0641334010577,0.0443066631767,0.0286864469275,0.0272465482519,0.0234703414206,0.121940868343,17,1,8,20,6.09297898376e-05,2.38006991553e-07,6.09297898376e-05,1.55061042195e-05,1.34166311984e-05,3.17876866588e-07,6.09297898376e-05,2.38006991553e-07,6.09297898376e-05,0.183908013498,0.741577105008,0.0742414457086
391,0.0157876831453,0.0861418008612,0.0906643891843,0.00248020032884,0.127258841918,0.0174519932436,0.186417450515,0.149295935748,0.201654544981,0.0373492085433,0.0131328060711,0.0723651454606,17,1,8,20,3.45704287454e-06,1.35040737287e-08,3.45704287454e-06,0.00305952253888,0.0155166563227,1.51608352263e-06,3.45704287454e-06,1.35040737287e-08,3.45704287454e-06,0.180538244063,0.727989095359,0.0728811104531
392,0.0112362952348,0.137175523259,0.0505622117837,0.051074893005,0.125367219008,0.0463410838365,0.289146472812,0.029942807809,0.00990790017255,0.111641365131,0.0975635634779,0.0400406644705,17,1,8,20,6.4420926792e-06,2.51644245281e-08,6.4420926792e-06,6.151419245e-10,2.89040913321e-05,0.0022561419144,6.4420926792e-06,2.51644245281e-08,6.4420926792e-06,0.183533211395,0.740065780662,0.0740901426227
393,0.0703525572339,0.411693396527,0.00743267466915,0.0800220757292,0.0585264686953,0.00489589366417,0.0305016931676,0.0396649973586,0.12308684137,0.067817787276,0.0175532476655,0.0884523666431,17,1,8,20,2.67524582061e-08,1.04501789868e-10,2.67524582061e-08,0.0972736698182,0.000304458577941,0.00126427416825,2.67524582061e-08,1.04501789868e-10,2.67524582061e-08,0.165775412764,0.668460543822,0.0669215336306
394,0.0609733879389,0.0238398635655,0.0845040767916,0.0708362505701,0.0772132340184,0.0979001191079,0.144332247167,0.0149981441827,0.105035397942,0.153695759094,0.108544250819,0.0581272688031,17,1,8,20,1.42056654646e-06,5.54908807209e-09,1.42056654646e-06,0.0448208395905,5.09715013781e-06,3.59801187863e-06,1.42056654646e-06,5.54908807209e-09,1.42056654646e-06,0.0192258723306,0.850766213866,0.0851726856868
395,0.305162442208,0.0269946633649,0.0134256278265,0.0289743503087,0.142986870336,0.0348146432842,0.0590415131501,0.106657612836,0.0182341614274,0.0710073875728,0.141461340878,0.0512393868077,17,1,8,20,5.74790974524e-06,2.24527724424e-08,5.74790974524e-06,0.052190815603,0.000491657490574,1.90484619415e-05,5.74790974524e-06,2.24527724424e-08,5.74790974524e-06,0.174259193454,0.70266991495,0.0703463334959
396,0.120580986852,0.14425096952,0.030331234473,0.0244610563633,0.10537587854,0.192587434843,0.0411242031934,0.00922788435341,0.108489087738,0.00131912573795,0.00878158033348,0.213470558052,17,1,8,20,0.00024735679663,9.66237486838e-07,0.00024735679663,0.0021050007724,0.000961885308513,0.0033682549829,0.00024735679663,9.66237486838e-07,0.00024735679663,0.182592147729,0.736271104968,0.0737102465774
397,0.132472623665,0.0832104146347,0.181864123738,0.027204287595,0.055824581537,0.0597954487142,0.0237260281955,0.00787664601573,0.139188707325,0.2375436958,0.0406248108421,0.0106686319369,17,1,8,20,1.74017036361e-05,6.79754048284e-08,1.74017036361e-05,7.91487252178e-07,0.00029316210653,0.00146227559898,1.74017036361e-05,6.79754048284e-08,1.74017036361e-05,0.169770130034,0.753017155496,0.0753867425112
398,0.00847839613848,0.0311868014328,0.138130856853,0.0294044556732,0.0837549452557,0.0226178250295,0.0413762425528,0.168157375659,0.0379543013604,0.30594888702,0.07814583136,0.0548440816647,17,1,8,20,5.11911590604e-07,1.9996546508e-09,5.11911590604e-07,0.0228305862401,0.00015603169648,9.50630584363e-05,5.11911590604e-07,1.9996546508e-09,5.11911590604e-07,0.17971186974,0.724656884508,0.0725475131112
399,0.124646932845,0.0273333281015,0.0586969160701,0.11390582099,0.110694438918,0.0106908766672,0.0575490384706,0.0505441675539,0.0787585716312,0.0375781453129,0.0313372086197,0.29826455482,17,1,8,20,6.81052669685e-08,2.66036199096e-10,6.81052669685e-08,0.0229440638482,0.000826566911333,0.000406772734327,6.81052669685e-08,2.66036199096e-10,6.81052669685e-08,0.179510629681,0.723845418944,0.0724662749281
400,0.349882621518,0.0437898689724,0.00580406771047,0.0189180171676,0.0380613010556,0.00331048307246,0.0309077216523,0.079029532187,0.165050481239,0.0596839036672,0.132455382725,0.0731066190317,17,1,8,20,4.23590830225e-09,1.65465168057e-11,4.23590830225e-09,0.0831089331331,0.000489331619899,7.88297403089e-09,4.23590830225e-09,1.65465168057e-11,4.23590830225e-09,0.155862062422,0.691328715051,0.069210932914
401,0.104690029586,0.0914096653027,0.227640598409,0.0209781134757,0.138397017646,0.217121307686,0.0179851983388,0.0866329128749,0.00141697066673,0.033958785583,0.0463629420002,0.0134064584308,17,1,8,20,3.83163179989e-07,1.49673117183e-09,3.83163179989e-07,8.39033667696e-06,0.00681893412092,0.0182915065385,3.83163179989e-07,1.49673117183e-09,3.83163179989e-07,0.179337213982,0.723146150273,0.0723962691031
402,0.0783566350704,0.109017435901,0.10352602001,0.0256600461904,0.00438878752346,0.167200605042,0.149710086634,0.219888896983,0.0621559973326,0.0196281668591,0.050215331316,0.0102519911375,17,1,8,20,0.000139102204715,5.43367987167e-07,0.000139102204715,0.0582825896453,0.00343571139334,0.0431305188779,0.000139102204715,5.43367987167e-07,0.000139102204715,0.164567946175,0.663591644434,0.0664340939199
403,0.119942275338,0.0387021646805,0.000177942607062,0.0151024370405,0.199880742795,0.0067213504205,0.0043600606762,0.0513070303094,0.063984947188,0.0363738592201,0.0328039747807,0.430643214944,17,1,8,20,5.0624513162e-07,1.97752004539e-09,5.0624513162e-07,7.03595515149e-06,4.28181824557e-07,0.000536974510672,5.0624513162e-07,1.97752004539e-09,5.0624513162e-07,1.63675707564e-16,0.908500862733,0.0909526696837
404,0.0139265477776,0.0212594250971,0.0317865809852,0.0135454423907,0.0718243612532,0.0133708498088,0.125561392163,0.0525256883719,0.114958780871,0.37801681133,0.0819137203478,0.0813103996037,17,1,8,20,3.45382008024e-10,1.34914846884e-12,3.45382008024e-10,0.00171779588409,0.000377330232632,1.95124980729e-05,3.45382008024e-10,1.34914846884e-12,3.45382008024e-10,0.183569308674,0.740211336669,0.0741047146589
405,0.00564171748114,0.0193597233995,0.0724998184243,0.101699666148,0.00461076344736,0.12035292639,0.0418633615751,0.173636999179,0.17597281002,0.13136488259,0.035445201371,0.117552129975,17,1,8,20,1.40977573732e-05,5.5069364739e-08,1.40977573732e-05,3.45677357233e-07,3.01873973624e-07,1.73535201891e-05,1.40977573732e-05,5.5069364739e-08,1.40977573732e-05,0.183944608977,0.741724669921,0.0742562188622
406,0.143296500833,0.00567340414714,0.0108933125078,0.0354819993909,0.214984113542,0.145370130394,0.0198005884368,0.0295260628375,0.0103126382406,0.00186738810004,0.35556288657,0.0272309750003,17,1,8,20,6.19750769719e-05,2.42090144421e-07,6.19750769719e-05,0.00337058860904,7.91182099536e-05,0.000177953222216,6.19750769719e-05,2.42090144421e-07,6.19750769719e-05,0.183245283666,0.738904762131,0.0739739096732
407,0.0236015291328,0.11882503531,0.143741680766,0.129787401189,0.181801705051,0.0396031221898,0.059278448237,0.0608596371833,0.132370903797,0.0697363669994,0.0147573377252,0.0256368324201,17,1,8,20,0.000485372526368,1.89598643112e-06,0.000485372526368,0.0429267049023,0.0154466617344,0.0015223035511,0.000485372526368,1.89598643112e-06,0.000485372526368,0.172582156951,0.695907556685,0.0696693340975
408,0.116175863206,0.125042774969,0.0137947219377,0.0744276456929,0.0257911497701,0.020168745213,0.123455576388,0.0447719818,0.032015410169,0.0600341800451,0.246852647909,0.117469302899,17,1,8,20,1.18921138257e-05,4.64535696315e-08,1.18921138257e-05,2.78402713884e-08,0.000178352690871,0.000133213776952,1.18921138257e-05,4.64535696315e-08,1.18921138257e-05,0.183892226216,0.74151344554,0.0742350725736
409,0.229871645502,0.0174074269038,0.102963313811,0.0153220261176,0.00126601771826,0.146671413429,0.043499613002,0.213341112188,0.0257829632106,0.0766116952811,0.0205532751837,0.106709497653,17,1,8,20,9.55136804893e-07,3.73100314411e-09,9.55136804893e-07,0.0575970517198,1.29838176189e-06,0.00211175662971,9.55136804893e-07,3.73100314411e-09,9.55136804893e-07,0.172973439486,0.697485335627,0.0698272901466
410,0.0898231257257,0.00433301003573,0.0869468508029,0.180483584378,0.0763932830693,0.00749371824367,0.122460827238,0.107754424431,0.102892095032,0.081316330487,0.0968266933863,0.043276057171,17,1,8,20,3.35162177305e-07,1.3092272551e-09,3.35162177305e-07,3.29155401757e-10,0.00352368589327,0.000446875114962,3.35162177305e-07,1.3092272551e-09,3.35162177305e-07,0.183227649408,0.738833655051,0.0739667909361
411,0.046074848888,0.0196768417883,0.00575008103995,0.00362348058643,0.00891257853262,0.13134908988,0.185353346588,0.0836759082624,0.0280874565077,0.278895802646,0.0108865637087,0.197714001572,17,1,8,20,7.23212567055e-08,2.82504909006e-10,7.23212567055e-08,0.00020143252277,0.000196042434202,0.00032609576657,7.23212567055e-08,2.82504909006e-10,7.23212567055e-08,0.183825154113,0.741242988939,0.0742079963749
412,0.0199852178666,0.0779770093762,0.00272991594514,0.222045951085,0.0373399354642,0.177406635121,0.03158251267,0.0794913482625,0.0623152936935,0.180940418989,0.0808949469413,0.0272908145858,17,1,8,20,6.75407348598e-09,2.63830995546e-11,6.75407348598e-09,2.50326565418e-08,2.80190041888e-10,0.000298493978659,6.75407348598e-09,2.63830995546e-11,6.75407348598e-09,0.18390338837,0.741558483785,0.0742395814837
413,0.139397097486,0.0136876982963,0.010524577562,0.0584621389517,0.167742303531,0.160075403404,0.129414929577,0.0148106417606,0.0541582396715,0.0472842136662,0.0433765815316,0.161066174561,17,1,8,20,3.13463756528e-05,1.22446779894e-07,3.13463756528e-05,3.18866812414e-07,0.000990944252722,0.000369952685456,3.13463756528e-05,1.22446779894e-07,3.13463756528e-05,0.183684796563,0.74067702151,0.0741513357258
414,0.0492259144641,0.0567557669558,0.246880363483,0.103937151366,0.0215287223486,0.0202511343726,0.0517758827074,0.165648215318,0.16477554149,0.0719363267581,0.00416767188921,0.0431173088477,17,1,8,20,0.00104695755455,4.08967794745e-06,0.00104695755455,0.00329674019288,0.00116615184379,0.000451008168176,0.00104695755455,4.08967794745e-06,0.00104695755455,0.182282470638,0.735022385911,0.0735852336725
415,0.211647131931,0.0417004263936,0.0374707196533,0.223315572469,0.0328917163964,0.0131715224506,0.048786943629,0.0439281799028,0.0475956716373,0.0222182208773,0.00312555865455,0.274148336006,17,1,8,20,3.17486563219e-06,1.24018188757e-08,3.17486563219e-06,6.13188086098e-06,0.00205156636975,7.94836057219e-05,3.17486563219e-06,1.24018188757e-08,3.17486563219e-06,0.183562821178,0.740185176965,0.0741020957347
416,0.107230334344,0.0710643094759,0.09120884723,0.0882832828336,0.136501783819,0.041423319125,0.0661861668768,0.00485973935037,0.0651181537003,0.0337021908279,0.0159282656287,0.278493606788,17,1,8,20,2.12972676767e-06,8.31924518619e-09,2.12972676767e-06,1.92080817118e-06,0.00101801344359,0.000189347175071,2.12972676767e-06,8.31924518619e-09,2.12972676767e-06,0.183734286726,0.740876581994,0.0741713143076
417,0.0658734831117,0.0207265548091,0.048803895341,0.195145925567,0.0297747001,0.0565244588019,0.0208665234429,0.0766853435991,0.0222427223879,0.0988420727685,0.0527757457591,0.311738574312,17,1,8,20,1.82666676203e-05,7.13541703919e-08,1.82666676203e-05,3.22640702334e-05,9.55293001298e-06,0.000357337517115,1.82666676203e-05,7.13541703919e-08,1.82666676203e-05,0.183871419018,0.741429544127,0.0742266729587
418,0.10776175843,0.0765595193365,0.198297694086,0.113190620584,0.0621526175302,0.172261130923,0.0582843570278,0.0532560048343,0.0032103786013,0.0570236732383,0.026646874806,0.0713553706025,17,1,8,20,5.67743911835e-08,2.21774965561e-10,5.67743911835e-08,0.151582058095,1.78479606626e-05,7.9180242957e-08,5.67743911835e-08,2.21774965561e-10,5.67743911835e-08,0.156070194634,0.629325938388,0.0630036542017
419,0.00825985247812,0.072766407336,0.0103533853813,0.0510375283285,0.123575974189,0.12265023317,0.0189547106159,0.193044568666,0.0558114769918,0.164831813586,0.107122676977,0.0715913722808,17,1,8,20,3.65948702515e-09,1.4294871192e-11,3.65948702515e-09,2.42720296627e-05,5.26429705805e-10,0.00156851440084,3.65948702515e-09,1.4294871192e-11,3.65948702515e-09,0.183665305182,0.740598425904,0.0741434672906
420,0.0037004155852,0.036661333889,0.0219707047279,0.114923728241,0.0783453361959,0.0529894273624,0.13684359414,0.184336221367,0.0714104303918,0.102667813302,0.189788012655,0.00636298214265,17,1,8,20,1.05849782317e-05,4.13475712175e-08,1.05849782317e-05,0.0369526542266,0.000132457746339,9.36014170965e-06,1.05849782317e-05,4.13475712175e-08,1.05849782317e-05,0.177126673733,0.714232530864,0.0715039006805
421,0.0193263809327,0.0379996259569,0.000592888587746,0.026475987157,0.188388003984,0.0970207705634,0.0960246005362,0.0631693467006,0.0421224871512,0.0382639678289,0.137523957513,0.253091983088,17,1,8,20,4.09276036214e-07,1.59873451646e-09,4.09276036214e-07,4.64097068985e-07,0.000544710219665,0.000494032628444,4.09276036214e-07,1.59873451646e-09,4.09276036214e-07,0.169903670906,0.753609443643,0.075446038204
422,0.00627309182349,0.00142005761184,0.00448055066799,0.00677268086384,0.0783486725854,0.148625643415,0.0619161710251,0.136055141608,0.00950258672571,0.0550147362397,0.114878281141,0.376712386293,17,1,8,20,1.57593737555e-08,6.15600537324e-11,1.57593737555e-08,0.000841912757108,0.000277866874142,0.000214368469354,1.57593737555e-08,6.15600537324e-11,1.57593737555e-08,0.183712875029,0.740790243046,0.0741626706638
423,0.0108848651794,0.0105698744078,0.318943377252,0.0969539536779,0.0380416383524,0.103659094176,0.0052104675772,0.123983119579,0.0422267085244,0.053278812425,0.189312131486,0.00693595736231,17,1,8,20,5.42681618217e-06,2.11985007116e-08,5.42681618217e-06,4.32690230303e-07,4.97575791003e-07,0.00124911746003,5.42681618217e-06,2.11985007116e-08,5.42681618217e-06,0.169864388846,0.753435217817,0.0754285959488
424,0.138914454187,0.188387753692,0.0170944746372,0.0189179215487,0.175577108945,0.0454210678208,0.00430643875461,0.0838155094714,0.177174754726,0.0745895856163,0.000139566287459,0.075661364313,17,1,8,20,0.000123749849778,4.83397850695e-07,0.000123749849778,1.37722508818e-07,0.000334332967813,0.0010372230852,0.000123749849778,4.83397850695e-07,0.000123749849778,0.183614742704,0.740394541497,0.0741230558283
425,0.206280021987,0.027787196798,0.0415422640182,0.0919624946203,0.00829681264846,0.0637741252447,0.208066665503,0.0272605881223,0.0251250545803,0.174778573092,0.0386273510841,0.0864988523014,17,1,8,20,3.89837820809e-08,1.52280398753e-10,3.89837820809e-08,0.0132266717397,0.00522970909298,5.96937854185e-11,3.89837820809e-08,1.52280398753e-10,3.89837820809e-08,0.18056308082,0.728089245293,0.0728911367549
426,0.147797084024,0.124632495056,0.015707757563,0.0226532518852,0.0289050516156,0.102349473322,0.0158541860139,0.0748815719361,0.00465285275294,0.281134187464,0.0183327646743,0.163099323694,17,1,8,20,8.64996641577e-08,3.37889313116e-10,8.64996641577e-08,0.00445625228882,3.79745826983e-09,0.000480190288042,8.64996641577e-08,3.37889313116e-10,8.64996641577e-08,0.183050150155,0.738117920166,0.0738951366304
427,0.0304856411231,0.081116222228,0.0609896736371,0.162010060614,0.210743218372,0.140747136194,0.0405495728453,0.00385166638694,0.0796933672516,0.00836188213454,0.10426664125,0.0771849179631,17,1,8,20,1.16203940333e-07,4.53921641927e-10,1.16203940333e-07,7.63243279815e-06,0.00405023934083,0.00218158000681,1.16203940333e-07,4.53921641927e-10,1.16203940333e-07,0.169019371,0.749687327748,0.0750533837487
428,0.0233153897252,0.0716634634746,0.0482258865772,0.0692867425617,0.0664771384466,0.091242371024,0.00941487514851,0.000901372129527,0.332347006962,0.0827856644088,0.0162975114296,0.188042578112,17,1,8,20,2.97293140842e-08,1.16130133141e-10,2.97293140842e-08,2.14997089225e-06,0.00220532983239,7.20143690087e-09,2.97293140842e-08,1.16130133141e-10,2.97293140842e-08,0.183552206777,0.740142376239,0.0740978108293
429,0.155112678255,0.0547902205256,0.10937778306,0.0801468651747,0.112253805973,0.0457069727212,0.103244915614,0.155791800398,0.0806746167636,0.0779280979796,0.0218493767538,0.00312286678167,17,1,8,20,0.00114720653794,4.48127553885e-06,0.00114720653794,0.00286680964846,0.00177910521758,2.69437022922e-06,0.00114720653794,4.48127553885e-06,0.00114720653794,0.182257362506,0.734921141732,0.0735750978227
430,0.0764580162382,0.0801085227663,0.0888104107346,0.0161751753333,0.0885154844413,0.086637446637,0.279785497673,0.0385790151712,0.0517145281027,0.0401943456934,0.000273208982517,0.152748348226,17,1,8,20,8.72905241417e-06,3.40978609929e-08,8.72905241417e-06,0.0038028186287,0.00248610608393,0.00716696317322,8.72905241417e-06,3.40978609929e-08,8.72905241417e-06,0.181476556159,0.731772675827,0.073259895723
431,0.0309533732649,0.0625366560479,0.198394448463,0.047663497625,0.0887158779493,0.0917859475955,0.0349059520288,0.269338970935,0.0161713170311,0.0229064080569,0.126445063775,0.010182487227,17,1,8,20,4.90297661552e-09,1.91522524044e-11,4.90297661552e-09,6.64946212798e-09,1.10165707256e-10,2.212802836e-10,4.90297661552e-09,1.91522524044e-11,4.90297661552e-09,0.183958306592,0.741779916971,0.0742617498054
432,0.0144745606554,0.201362396126,0.334387842471,0.0148661152742,0.0464913410722,0.076827754327,0.0989263075433,0.0700033666138,0.00678053887601,0.0150515387043,0.102224774713,0.0186034636238,17,1,8,20,0.000312616881309,1.22115969261e-06,0.000312616881309,0.000787458332529,0.000807850449134,0.00877210905356,0.000312616881309,1.22115969261e-06,0.000312616881309,0.181820658392,0.733160208286,0.0733988056421
433,0.111100962273,0.126390361157,0.335846857017,0.0203913740962,0.08421211927,0.0663573582807,0.0300808187236,0.0664432856352,0.0483244867285,0.0186349510347,0.0523124278676,0.0399049979161,17,1,8,20,0.000183821435458,7.18052482258e-07,0.000183821435458,0.0135375530189,0.000227234520332,0.0181810753549,0.000183821435458,7.18052482258e-07,0.000183821435458,0.177946081088,0.717536648629,0.0718346855416
434,0.0698268379936,0.0755013970978,0.0558452506059,0.300333703889,0.0660439596279,0.0166429067086,0.0152394883,0.0919629463879,0.0224993082589,0.0489039718477,0.0293021275306,0.207898101752,17,1,8,20,3.23082522652e-09,1.26204110411e-11,3.23082522652e-09,0.0696183601862,0.00141715854772,2.29170566518e-09,3.23082522652e-09,1.26204110411e-11,3.23082522652e-09,0.1708907372,0.689087200471,0.0689865283553
435,0.0153569302884,0.132799607604,0.162915037733,0.00932455760611,0.094606761263,0.0090996577546,0.240995371082,0.0124494570073,0.168176045586,0.108386000597,0.0390355496965,0.00685502378168,17,1,8,20,5.11676707091e-08,1.99873713707e-10,5.11676707091e-08,2.79353083092e-06,0.00996810153549,4.23069564337e-05,5.11676707091e-08,1.99873713707e-10,5.11676707091e-08,0.182116264795,0.734352189733,0.0735181383795
436,0.151481797853,0.111859444078,0.0108287922542,0.0342088974498,0.20261549449,0.0401329563701,0.0715947243209,0.110968189741,0.0868895078711,0.104287957509,0.0634353492691,0.0116968887938,17,1,8,20,0.000182700084796,7.13672206233e-07,0.000182700084796,8.45580654982e-05,0.000218724236389,0.00110368081184,0.000182700084796,7.13672206233e-07,0.000182700084796,0.183564792351,0.740193125378,0.0741028914735
437,0.131816577392,0.104029623168,0.0847065159392,0.0651052654249,0.017373752403,0.145777152382,0.116093146925,0.0460201097473,0.106336205807,0.00749676353253,0.0252415169109,0.150003370369,17,1,8,20,3.85304195191e-07,1.50509451246e-09,3.85304195191e-07,5.90721165553e-06,0.00610105767839,3.24800328567e-07,3.85304195191e-07,1.50509451246e-09,3.85304195191e-07,0.182834543494,0.737248523766,0.0738080988225
438,0.0220072180355,0.0562459523906,0.0214446255819,0.11683775779,0.158223556521,0.121353824282,0.0794078497837,0.00535984924847,0.210853980605,0.0891376785137,0.0638247420166,0.0553029652312,17,1,8,20,3.35453449093e-05,1.31036503552e-07,3.35453449093e-05,2.51202981487e-08,1.57780589513e-07,2.63960632894e-05,3.35453449093e-05,1.31036503552e-07,3.35453449093e-05,0.183928692871,0.741660490989,0.0742497937223
439,0.177329244703,0.136413300719,0.0472354117162,0.0363354746432,0.123448140725,0.0407234166443,0.0686601153038,0.0634934816673,0.0580261367228,0.00287777261926,0.219663434733,0.0257940698032,17,1,8,20,5.24867438432e-05,2.05026343137e-07,5.24867438432e-05,0.0165524244639,0.000106914318874,0.00752092174937,5.24867438432e-05,2.05026343137e-07,5.24867438432e-05,0.0196374118074,0.868976227407,0.0869957432254
440,0.169943757498,0.108460658457,0.0222940905642,0.0189719015773,0.0821974926865,0.0449862826831,0.223933104047,0.0671482816652,0.00109947728244,0.0628347553732,0.00350658429621,0.194623613871,17,1,8,20,3.24233239485e-05,1.26653609174e-07,3.24233239485e-05,0.0064549101114,0.00963720349838,3.48888702425e-05,3.24233239485e-05,1.26653609174e-07,3.24233239485e-05,0.180967713335,0.729720855566,0.0730544820155
441,0.0957913603627,0.00333510468484,0.00243082014674,0.201691773618,0.101191174803,0.100519689819,0.062483933697,0.0527245185409,0.0787165484556,0.102515327038,0.100086156316,0.0985135925187,17,1,8,20,1.40583868273e-08,5.4915573544e-11,1.40583868273e-08,0.0233371648624,0.00604503717542,1.43748062219e-08,1.40583868273e-08,5.4915573544e-11,1.40583868273e-08,0.178553200918,0.719984753836,0.0720797724902
442,0.0622064954605,0.0559775406352,0.186546598231,0.0652738299634,0.0247395147583,0.0593253672822,0.0705763592085,0.0163628000277,0.0337111723526,0.203381929787,0.180068323117,0.0418300691768,17,1,8,20,9.78576366784e-09,3.82256393275e-11,9.78576366784e-09,0.00135358936015,0.00192410993239,0.000396790853908,9.78576366784e-09,3.82256393275e-11,9.78576366784e-09,0.183282354056,0.739054242036,0.0739888745422
443,0.0192501843195,0.0668104882106,0.0513922242521,0.0424431859991,0.047102779597,0.312805503129,0.0705565308845,0.212939112988,0.0382633868007,0.0361998482525,0.0151754304942,0.0870613250728,17,1,8,20,0.000156175835844,6.10061858764e-07,0.000156175835844,0.0199519867798,0.00136695556122,0.00710352728419,0.000156175835844,6.10061858764e-07,0.000156175835844,0.0195436119772,0.864827584445,0.086580410485
444,0.0393755791491,0.0040875610242,0.0661234036306,0.076548421611,0.116478666293,0.0752711109178,0.078117114762,0.0126466845882,0.162322130062,0.143385419631,0.191118202525,0.0345257058062,17,1,8,20,4.2265345535e-09,1.65099005996e-11,4.2265345535e-09,0.00429512953857,0.0053758501285,5.36572538775e-09,4.2265345535e-09,1.65099005996e-11,4.2265345535e-09,0.182179253064,0.734606178981,0.0735435659835
445,0.00517978195005,0.00475010170019,0.00396992316093,0.07047747116,0.0123610937246,0.0396015608944,0.116751769065,0.0730819484881,0.0512851793133,0.203785435278,0.165120915869,0.253634819395,17,1,8,20,3.22901251e-07,1.26133301172e-09,3.22901251e-07,7.64664647189e-07,0.000253266100137,1.0363107347e-07,3.22901251e-07,1.26133301172e-09,3.22901251e-07,0.170037261327,0.754201954006,0.0755053561437
446,0.0423018763382,0.00653675656555,0.0435911006112,0.0238868235331,0.0606915709215,0.343009910986,0.0646457563653,0.146061136741,0.0349563104181,0.072602791674,0.0645844225657,0.0971315432802,17,1,8,20,3.79946196314e-07,1.48416482935e-09,3.79946196314e-07,2.5906522658e-05,0.0011537952815,0.00263772747336,3.79946196314e-07,1.48416482935e-09,3.79946196314e-07,0.183255786306,0.738947112201,0.0739781494622
447,0.0821482587672,0.0148497578704,0.117508102879,0.00450272404077,0.153368357312,0.00615401017291,0.129486807253,0.191597264083,0.197924734522,0.0170114024691,0.0272426249047,0.0582059557257,17,1,8,20,1.63103806245e-08,6.37124243145e-11,1.63103806245e-08,2.21374115896e-05,0.00337807379244,1.50206184842e-09,1.63103806245e-08,6.37124243145e-11,1.63103806245e-08,0.183327619835,0.739262389317,0.0740097127732
448,0.0367707899893,0.0181781973226,0.141352632682,0.156104552654,0.0732791010281,0.0450650203623,0.105175450136,0.0851969801242,0.089053802586,0.140936850395,0.0569733845334,0.0519132381872,17,1,8,20,1.64126253459e-06,6.41118177573e-09,1.64126253459e-06,0.0183720910714,0.000818471184027,0.00855075405888,1.64126253459e-06,6.41118177573e-09,1.64126253459e-06,0.178853858444,0.721197103064,0.0722011443054
449,0.2371787384,0.0198904977832,0.130220700549,0.104062429984,0.0211266806188,0.0318062001345,0.0825404034648,0.118083368457,0.188872707969,0.0140279836518,0.00807669335019,0.0441135956385,17,1,8,20,0.000468565894155,1.83033552404e-06,0.000468565894155,6.70578760514e-07,0.0392115529857,0.0128785759114,0.000468565894155,1.83033552404e-06,0.000468565894155,0.160901280166,0.71368128251,0.0714487136008
450,0.00281766403976,0.137898967185,0.182088773723,0.202813172317,0.0259740044764,0.0164638194208,0.0431175218347,0.155001181184,0.0479973810836,0.0277838658842,0.0228212386948,0.135222410156,17,1,8,20,2.18656591818e-07,8.54127311789e-10,2.18656591818e-07,0.0805833363172,0.00193852659783,3.67540866929e-05,2.18656591818e-07,8.54127311789e-10,2.18656591818e-07,0.168770809028,0.680538958684,0.0681307389515
451,0.0359686291022,0.0340684250022,0.0582306665034,0.0451385980949,0.0131554307733,0.132432909437,0.211256005195,0.0539991315756,0.174320478337,0.038320578597,0.0814210459149,0.121688101469,17,1,8,20,1.31575895717e-05,5.13968342645e-08,1.31575895717e-05,6.18171418893e-07,1.56269283834e-06,1.41675121494e-07,1.31575895717e-05,5.13968342645e-08,1.31575895717e-05,0.170071341927,0.754353113246,0.0755204891358
452,0.0412771288094,0.0363490858258,0.148437187965,0.100058365124,0.0164125935688,0.169964787505,0.117339481771,0.161818496611,0.0943164309073,0.0794262853241,0.00764402573907,0.0269561308499,17,1,8,20,3.91694827149e-05,1.53005791855e-07,3.91694827149e-05,4.34728244796e-06,0.0138286431861,3.70956368626e-05,3.91694827149e-05,1.53005791855e-07,3.91694827149e-05,0.181377918123,0.73137493509,0.0732200767384
453,0.0815250758088,0.0835413115522,0.0950505458766,0.050923373821,0.149623479457,0.0508038556136,0.0462917325325,0.144017764238,0.125263459665,0.0814752579964,0.0762615294409,0.0152226139988,17,1,8,20,0.000175727496549,6.86435533393e-07,0.000175727496549,0.0032991646186,0.000465322342809,0.00496834645266,0.000175727496549,6.86435533393e-07,0.000175727496549,0.182222278283,0.734779670701,0.0735609347453
454,0.0740187991973,0.021160370312,0.153525959613,0.0977429629597,0.0563813279585,0.0890061424945,0.317667454729,0.00320532519526,0.00414106965495,0.0916776894285,0.0549685501307,0.0365043483268,17,1,8,20,4.17714373525e-06,1.63169677158e-08,4.17714373525e-06,0.0413557996219,5.89819951481e-06,0.0186689895978,4.17714373525e-06,1.63169677158e-08,4.17714373525e-06,0.172912090536,0.697237956531,0.0698025243042
455,0.00207492523276,0.00445660318172,0.0833932606255,0.085803640641,0.0745668540439,0.286973611997,0.261117841759,0.0376786661804,0.0322196671493,0.0095641036829,0.0337311629486,0.0884196625586,17,1,8,20,8.13590631535e-05,3.17808840443e-07,8.13590631535e-05,1.42792833387e-09,2.04492791191e-07,0.00307341024013,8.13590631535e-05,3.17808840443e-07,8.13590631535e-05,0.183332913063,0.739258114133,0.0740092847722
456,0.0142273035055,0.257765792562,0.00921541722353,0.0353889171805,0.0594720668581,0.206533422573,0.0449059579596,0.0923367623725,0.00357189534992,0.183134080012,0.082867308193,0.0105810762106,17,1,8,20,2.5115749395e-06,9.81083960742e-09,2.5115749395e-06,1.90487984098e-07,0.00157569683062,2.11650465083e-06,2.5115749395e-06,9.81083960742e-09,2.5115749395e-06,0.183666175651,0.740601935917,0.0741438186882
457,0.295500622595,0.078203927163,0.0785530786127,0.0323755251021,0.0199163632458,0.162477602171,0.094587271787,0.034526251529,0.0228315344868,0.0166746283935,0.122898404546,0.0414547903692,17,1,8,20,2.81970349714e-07,1.10144667857e-09,2.81970349714e-07,0.00082550702361,0.00161773538226,0.00623280485628,2.81970349714e-07,1.10144667857e-09,2.81970349714e-07,0.182362075366,0.735343378146,0.0736173691409
458,0.122384536051,0.110274511477,0.121526066336,0.151453054619,0.0432847672147,0.0251737308191,0.23693537997,0.0036735160313,0.0704818949655,0.0358910950176,0.0574200281772,0.0215014193207,17,1,8,20,7.90898681357e-06,3.08944797405e-08,7.90898681357e-06,2.48845673431e-06,0.0020296794537,6.33122686762e-05,7.90898681357e-06,3.08944797405e-08,7.90898681357e-06,0.169718364757,0.752790414517,0.0753640428107
459,0.0102332074866,0.0727518306271,0.246023023879,0.010918330988,0.37660503921,0.0345603684646,0.0483291251605,0.0155127162099,0.0846989744178,0.0155847581733,0.0446678134021,0.0401148119816,17,1,8,20,0.000958242836426,3.74313607979e-06,0.000958242836426,0.000125104429044,6.46420494828e-06,0.000855673447182,0.000958242836426,3.74313607979e-06,0.000958242836426,0.183070218785,0.738198843422,0.0739032380935
460,0.0767162147982,0.0189903620287,0.0599634457977,0.0436691317491,0.0951681450929,0.114638404106,0.0879796456526,0.058329451266,0.0456991905547,0.117290094376,0.198265717769,0.0832901968093,17,1,8,20,1.72835535985e-05,6.75138812441e-08,1.72835535985e-05,0.00303215071446,0.00453364813186,2.05402161166e-05,1.72835535985e-05,6.75138812441e-08,1.72835535985e-05,0.182550001485,0.736101157563,0.0736932326473
461,0.0458143092156,0.134068411037,0.232986546504,0.0589673017237,0.111140238012,0.163954298908,0.000898598831084,0.0272076310627,0.0355635534088,0.0282241181668,0.0896269773287,0.071548015802,17,1,8,20,2.33152137565e-07,9.10750537362e-10,2.33152137565e-07,0.00422477592481,0.00389703254664,0.00806588634652,2.33152137565e-07,9.10750537362e-10,2.33152137565e-07,0.167327253542,0.742182103353,0.0743020138565
462,0.0439425201202,0.0569547149758,0.0407840410441,0.0860712832705,0.227253445979,0.134592033687,0.200443656095,0.0263493805651,0.0202689732566,0.0441914300408,0.024647071271,0.094501449695,17,1,8,20,2.54093350807e-08,9.92552151589e-11,2.54093350807e-08,0.156803322208,4.63298651568e-06,9.59669945448e-08,2.54093350807e-08,9.92552151589e-11,2.54093350807e-08,0.155112150792,0.625462792777,0.0626169034334
463,0.109161340752,0.0144261164959,0.121253381652,0.0437902034394,0.143608310441,0.0207195047385,0.148392402328,0.0260490241985,0.0421396084227,0.192775057166,0.0869863168357,0.0506987335292,17,1,8,20,1.45347844544e-09,5.67765017751e-12,1.45347844544e-09,4.80493696328e-12,0.00175758612393,1.68246988363e-09,1.45347844544e-09,5.67765017751e-12,1.45347844544e-09,0.183634990321,0.740476186495,0.074131229547
464,0.0123066565818,0.165341505787,0.0965051385864,0.144089489958,0.17599157953,0.0332872677667,0.0500704513837,0.00688120141211,0.0795793506415,0.125097158024,0.08971282839,0.021137371938,17,1,8,20,5.35853407937e-11,2.09317737475e-13,5.35853407937e-11,0.055168519503,0.000719132113278,0.000815568929427,5.35853407937e-11,2.09317737475e-13,5.35853407937e-11,0.173527285355,0.699718622844,0.07005087104
465,0.367513661296,0.0687300629024,0.0014335524356,0.105877067795,0.141392462491,0.0388999457179,0.0722768612337,0.0661804273592,0.00369502594889,0.0877916068628,0.00137936341516,0.0448299625418,17,1,8,20,0.00168198517839,6.57025460309e-06,0.00168198517839,0.129813091983,8.00564608979e-05,0.00456653370013,0.00168198517839,6.57025460309e-06,0.00168198517839,0.157983259879,0.63704004123,0.0637759355241
466,0.0185191487014,0.00567323963626,0.0287441178277,0.096492891979,0.0835890728143,0.00672170542051,0.205884732399,0.274384043283,0.0138864366927,0.171692885342,0.0229457493839,0.0714659765206,17,1,8,20,9.50292282819e-06,3.71207922976e-08,9.50292282819e-06,6.7891669982e-06,0.00255094250856,1.36955849957e-07,9.50292282819e-06,3.71207922976e-08,9.50292282819e-06,0.183480766858,0.739854307181,0.0740689713961
467,0.133360886021,0.197204689877,0.11922678859,0.0239077929367,0.168814472622,0.0628060542645,0.033011706302,0.0346321644123,0.0490899426043,0.090661368933,0.0584375217656,0.0288466116721,17,1,8,20,1.66935353118e-06,6.52091223118e-09,1.66935353118e-06,0.067239191261,0.0020957515867,2.72815284613e-06,1.66935353118e-06,6.52091223118e-09,1.66935353118e-06,0.171201842445,0.69034167831,0.0691121177885
468,0.0783272245137,0.119622207792,0.16956975938,0.0115619614553,0.0293486126965,0.0998948467925,0.0321277238498,0.0662569246337,0.131105107261,0.0102952354239,0.170544587667,0.0813458085348,17,1,8,20,1.11444814872e-06,4.35331308095e-09,1.11444814872e-06,0.00359152281368,0.000756064829633,0.00116383768884,1.11444814872e-06,4.35331308095e-09,1.11444814872e-06,0.182943620121,0.737688356308,0.0738521317403
469,0.176288615029,0.0177623460506,0.0169046044005,0.130779882373,0.0376211279437,0.0588127494407,0.000452360402602,0.173847950704,0.0765753979031,0.0733947673805,0.0147521088644,0.222808089507,17,1,8,20,1.20007257659e-06,4.6877835023e-09,1.20007257659e-06,0.0336373765505,0.00119238065069,1.01482935729e-05,1.20007257659e-06,4.6877835023e-09,1.20007257659e-06,0.0194269935515,0.859664747463,0.0860635438248
470,0.010776789629,0.00630228749342,0.0552925164443,0.0720392263174,0.0119055956056,0.00462179524031,0.121055246009,0.0331697269137,0.340501492801,0.157189317145,0.147777666709,0.0393683396924,17,1,8,20,3.22923024252e-05,1.26141806349e-07,3.22923024252e-05,0.0192126984494,0.000510443197903,0.000136562508666,3.22923024252e-05,1.26141806349e-07,3.22923024252e-05,0.166680890498,0.7393150037,0.0740149801526
471,0.198033586203,0.300138247969,0.113071594326,0.0131233682831,0.0726520214067,0.050475989399,0.171784653779,0.0121359375115,0.0235071492389,0.0331887936457,0.0118585328931,3.01253448297e-05,17,1,8,20,0.0805775905428,0.000314756213058,0.0805775905428,7.52413548002e-05,0.00638928285955,0.0704257600213,0.0805775905428,0.000314756213058,0.0805775905428,0.110406232265,0.445193945282,0.0445696636199
472,0.0282319047965,0.124493353078,0.00863435106006,0.177681417591,0.0342322569211,0.0859638870712,0.24016959334,0.120920038238,0.0826981112343,0.0381462829284,0.0231497640663,0.0356790396755,17,1,8,20,1.04662145001e-06,4.08836503909e-09,1.04662145001e-06,0.2356411352,2.16979242237e-06,4.17507401584e-07,1.04662145001e-06,4.08836503909e-09,1.04662145001e-06,0.140608920678,0.566981037703,0.0567621244563
473,0.0170222473053,0.0171516507901,0.180959423027,0.0380707615305,0.0825407939145,0.0214081589228,0.177050431418,0.0431274295478,0.00179785898126,0.105782977361,0.172059843973,0.14302842323,17,1,8,20,3.72270664044e-06,1.45418228142e-08,3.72270664044e-06,4.02347877547e-09,1.27625894145e-07,3.51805064585e-06,3.72270664044e-06,1.45418228142e-08,3.72270664044e-06,0.18395489825,0.741766159623,0.0742603725172
474,0.0017827264536,0.101514380598,0.121354230335,0.108530726636,0.0598254750928,0.0636813576751,0.0312286697204,0.236921313499,0.0703074393397,0.0757915618541,0.0120154195839,0.117046699213,17,1,8,20,1.38328798662e-07,5.40346869773e-10,1.38328798662e-07,5.11410906766e-06,0.00507241651317,4.24956935381e-08,1.38328798662e-07,5.40346869773e-10,1.38328798662e-07,0.0200262314389,0.886177798406,0.0887178426413
475,0.154925091077,0.0652732771797,0.0313820180825,0.127263412938,0.116615479193,0.134662164272,0.0940955770244,0.101955884051,0.0114701365347,0.065802888864,0.084626324917,0.0119277458663,17,1,8,20,1.621092629e-09,6.33239308202e-12,1.621092629e-09,1.40511681109e-07,0.00230709473395,0.00617438134447,1.621092629e-09,6.33239308202e-12,1.621092629e-09,0.182398049198,0.735488436372,0.0736318913427
476,0.0427819280085,0.28730256133,0.133464479406,0.00493103479749,0.0341555837056,0.00631418542999,0.0462511978634,0.0839216628239,0.166551148117,0.00195306154885,0.0521110829597,0.14026207401,17,1,8,20,0.0234601748356,9.16413079517e-05,0.0234601748356,0.370769845015,0.0366485580552,0.49855761493,0.0234601748356,9.16413079517e-05,0.0234601748356,7.61427597138e-12,3.07032448928e-11,3.07379134737e-12
477,0.135919212225,0.0199171453805,0.0207534115587,0.0669973543821,0.00137773894018,0.162521833569,0.113953307669,0.289972349133,0.00319917220033,0.126262304478,0.037490667554,0.0216355029098,17,1,8,20,8.68510321375e-08,3.39261844287e-10,8.68510321375e-08,0.030040409271,0.00302705836316,0.00156634828145,8.68510321375e-08,3.39261844287e-10,8.68510321375e-08,0.0194312020894,0.859852312414,0.0860823214988
478,0.0085166538962,0.163116724821,0.00154619793517,0.29806830442,0.0378255907176,0.137721999832,0.031069884604,0.0169814520358,0.062946714919,0.119389562688,0.0723219307041,0.0504949834277,17,1,8,20,3.28217518986e-05,1.28209968354e-07,3.28217518986e-05,0.0476882962966,0.000159476066603,0.00891915146494,3.28217518986e-05,1.28209968354e-07,3.28217518986e-05,0.0189829491091,0.84002157506,0.084097008575
479,0.193455072013,0.0887465878382,0.0324808271694,0.064400401134,0.0663658430812,0.235718499296,0.0438059547224,0.0196530674458,0.0234224616273,0.0678550655525,0.161508472757,0.00258774736313,17,1,8,20,1.67355008322e-05,6.53730501258e-08,1.67355008322e-05,5.97277368983e-10,1.29812171547e-05,0.0020069859172,1.67355008322e-05,6.53730501258e-08,1.67355008322e-05,0.183574385835,0.740231809437,0.0741067642473
480,0.0835952436298,0.00697620933921,0.0104763872114,0.120486812443,0.121507448626,0.0608260265496,0.0591034949641,0.159564767936,0.00700592981409,0.107520745385,0.0903595946532,0.172577339449,17,1,8,20,8.7493990892e-06,3.41773401922e-08,8.7493990892e-06,8.90425398414e-06,0.0009689314362,0.000262544387307,8.7493990892e-06,3.41773401922e-08,8.7493990892e-06,0.169863768268,0.753432465315,0.0754283203878
481,0.186500300164,0.0439121599671,0.0343909149032,0.00359633427946,0.208428767597,0.14012962972,0.108857458553,0.110602029309,0.00900946879782,0.0226614407659,0.0450483698481,0.0868631260945,17,1,8,20,4.34338260575e-05,1.69663383037e-07,4.34338260575e-05,0.00743947915359,0.0180268243121,3.71655886599e-05,4.34338260575e-05,1.69663383037e-07,4.34338260575e-05,0.179234716632,0.722732847522,0.0723548921599
482,0.0346926034761,0.025619785175,0.0238840277242,0.0948815174855,0.0516305709423,0.003060627302,0.109189593084,0.171668389728,0.00613339024454,0.187140319081,0.262458755738,0.0296404200191,17,1,8,20,1.26606770338e-05,4.94557696632e-08,1.26606770338e-05,1.06544602208e-05,3.128631317e-05,1.50786247045e-05,1.26606770338e-05,4.94557696632e-08,1.26606770338e-05,0.183938490749,0.741699999227,0.074253749007
483,0.00691990111812,0.00534451694665,0.0618014598212,0.00743045196534,0.159302133583,0.0344364214773,0.0556577118578,0.0647887142337,0.076596892116,0.368354688536,0.0621085157447,0.0972585926004,17,1,8,20,3.24256573759e-06,1.26662724125e-08,3.24256573759e-06,9.63349246195e-07,6.19698718639e-06,9.78939535097e-05,3.24256573759e-06,1.26662724125e-08,3.24256573759e-06,0.183936598026,0.741692367151,0.0742529849377
484,0.0143051647954,0.0435783801122,0.0304763019348,0.0847699317354,0.0770670677376,0.0767024622724,0.0373174081832,0.110238877858,0.107706147865,0.0374259897203,0.0270525941385,0.353359673648,17,1,8,20,1.04140458615e-06,4.06798666465e-09,1.04140458615e-06,0.0140701095098,0.000184000698811,2.61447270498e-08,1.04140458615e-06,4.06798666465e-09,1.04140458615e-06,0.181335379586,0.731203405859,0.0732029044471
485,0.161008667413,0.0915706394311,0.0218838137473,0.0574862540221,0.110085171267,0.0598336292029,0.0352103970868,0.00241079874656,0.221970912238,0.0905176345562,0.0460099488778,0.10201213341,17,1,8,20,1.25500868058e-05,4.90237765853e-08,1.25500868058e-05,3.55569226902e-05,0.00323642176651,6.90818642556e-06,1.25500868058e-05,4.90237765853e-08,1.25500868058e-05,0.183345882973,0.739310411356,0.0740145203996
486,0.0772827218202,0.0606009915748,0.0275996628763,0.0332546393643,0.296491143959,0.0797470988176,0.163698401368,0.105256535531,0.0417957298906,0.0585670871297,0.00557406028586,0.0501319273828,17,1,8,20,7.64478366867e-05,2.98624362057e-07,7.64478366867e-05,4.25180615945e-06,0.011814665245,7.28879220149e-05,7.64478366867e-05,2.98624362057e-07,7.64478366867e-05,0.181714355158,0.732731558965,0.0733558923091
487,0.0499413163794,0.0846478647178,0.0711986107344,0.0245873400993,0.0277748380415,0.124403969096,0.0534682456355,0.120369854651,0.176673664704,0.214265919932,0.0164422652706,0.0362261107391,17,1,8,20,2.16940173183e-07,8.47422551495e-10,2.16940173183e-07,3.53451013283e-07,0.000973731046658,0.000918806604877,2.16940173183e-07,8.47422551495e-10,2.16940173183e-07,0.183609858978,0.740375255421,0.074121125043
488,0.172612345209,0.039248550459,0.0467777266,0.0224792528394,0.00927788061074,0.117212851059,0.0494138826331,0.223845882366,0.0206304116067,0.246241712287,0.00421329853878,0.0480462057918,17,1,8,20,3.90750257902e-07,1.52636819493e-09,3.90750257902e-07,3.65548659345e-07,4.74254270643e-08,0.00238440875248,3.90750257902e-07,1.52636819493e-09,3.90750257902e-07,0.18351931841,0.740009759617,0.0740845341926
489,0.0822917653324,0.0453476942781,0.0406715462819,0.06652748964,0.00826383003052,0.0863469584359,0.244101809695,0.0798527740511,0.170320801664,0.0365671351759,0.106235216816,0.0334729785992,17,1,8,20,4.44366305963e-05,1.73580588267e-07,4.44366305963e-05,0.0339004779672,8.0102697873e-05,0.0106378099761,4.44366305963e-05,1.73580588267e-07,4.44366305963e-05,0.175717628542,0.708550800993,0.0709350861407
490,0.205218168777,0.00809356331561,0.00475327329512,0.0595574528722,0.143443655809,0.100767468146,0.0787562321854,0.144788570375,0.0830807108646,0.0118573645909,0.059253697612,0.100429842157,17,1,8,20,4.50827681031e-07,1.76104562903e-09,4.50827681031e-07,0.0170042605802,0.0175364641744,3.18964224989e-08,4.50827681031e-07,1.76104562903e-09,4.50827681031e-07,0.177603922534,0.71615695372,0.0716965602624
491,0.16946113852,0.0951931515583,0.00734212145129,0.0400066331253,0.0222017948113,0.101789909087,0.111397283044,0.0215236248876,0.0184763840955,0.2749121081,0.116367899285,0.0213279520346,17,1,8,20,7.50296166295e-06,2.93084439959e-08,7.50296166295e-06,1.69236428971e-07,0.000443652627927,2.69639943378e-06,7.50296166295e-06,2.93084439959e-08,7.50296166295e-06,0.183870641825,0.741426410232,0.0742263592153
492,0.0237746142783,0.0203874436857,0.0404997988908,0.0254351791326,0.395696681959,0.0782896193824,0.0751263678344,0.0433094382496,0.11523307234,0.114965928974,0.00444236411483,0.0628394911581,17,1,8,20,1.25892089595e-05,4.9176597498e-08,1.25892089595e-05,3.53025596209e-08,0.00426586010979,5.77398168368e-08,1.25892089595e-05,4.9176597498e-08,1.25892089595e-05,0.183164275082,0.738578109092,0.0739412074852
493,0.0685483619311,0.00666446548776,0.0755714864968,0.0923946569935,0.020070543987,0.0565385869407,0.0948339548818,0.10845131923,0.020292086841,0.303563841017,0.0953626523278,0.0577080438657,17,1,8,20,7.60209675101e-05,2.96956904336e-07,7.60209675101e-05,0.0139820103323,0.000303804412188,0.000856338433107,7.60209675101e-05,2.96956904336e-07,7.60209675101e-05,0.181116741299,0.730321784933,0.0731146428062
494,0.0634606548817,0.0860764855675,0.151432891429,0.34791137129,0.0303379270448,0.020498787341,0.00491165967455,0.010217848676,0.114485588969,0.0749614245155,0.0182699915833,0.0774353690266,17,1,8,20,3.48618152142e-07,1.3617896568e-09,3.48618152142e-07,0.00209292103015,0.00750322427212,0.00313349735514,3.48618152142e-07,1.3617896568e-09,3.48618152142e-07,0.181616333653,0.732336304283,0.0733163222107
495,0.031226899861,0.0687631974824,0.0537488601917,0.163445703121,0.166482532017,0.2832242679,0.0161748601914,0.0927082458729,0.0215498802116,8.39250361226e-06,0.0676198495612,0.0350473110864,17,1,8,20,0.00038082717574,1.48760615523e-06,0.00038082717574,0.106960712558,0.000646821795749,0.000549172006764,0.00038082717574,1.48760615523e-06,0.00038082717574,0.163781216287,0.660419292879,0.0661165005581
496,0.00238169713219,0.00823061236297,0.0096095640811,0.134585066485,0.0897742958611,0.113512161377,0.144193130815,0.0195196718847,0.149925531255,0.0195957878112,0.0586117651236,0.250060715811,17,1,8,20,5.02519429535e-08,1.96296652162e-10,5.02519429535e-08,0.0002573833099,0.00219702366594,0.000360586165253,5.02519429535e-08,1.96296652162e-10,5.02519429535e-08,0.183440435842,0.739691679366,0.0740526902514
497,0.0434264818034,0.192709013915,0.00713544785056,0.08310344286,0.103557629554,0.0685297915637,0.0482361527328,0.0810770892907,0.0502901752199,0.0385575823889,0.105640721491,0.177736471331,17,1,8,20,4.30246022831e-06,1.68064852668e-08,4.30246022831e-06,0.000100915296186,0.000670053515261,0.00146536884619,4.30246022831e-06,1.68064852668e-08,4.30246022831e-06,0.183543749301,0.740108272939,0.0740943966484
498,0.00181045296606,0.240599418758,0.106199825441,0.0351357366765,0.115763745191,0.00391240118777,0.293258810887,0.00167487030155,0.00711958097361,0.0300394185161,0.0990903868325,0.0653953522687,17,1,8,20,8.41140017489e-07,3.28570319332e-09,8.41140017489e-07,0.106899135936,0.0013665929583,3.12302744549e-05,8.41140017489e-07,3.28570319332e-09,8.41140017489e-07,0.164035568085,0.661444922304,0.0662191793097
499,0.0917454214502,0.129363523269,0.0112736510919,0.0995878076596,0.0197098753597,0.154053478474,0.171102133255,0.107507428717,0.00625104792394,0.13572294074,0.0178457237479,0.0558369683115,17,1,8,20,2.34788098401e-05,9.1714100938e-08,2.34788098401e-05,4.31639372602e-12,4.16467084228e-08,0.0040151741011,2.34788098401e-05,9.1714100938e-08,2.34788098401e-05,0.18320237173,0.738731727207,0.0739565866426
500,0.0244423373177,0.0306924871243,0.000384644737926,0.0934462288925,0.148824378363,0.177403432622,0.186565852872,0.0923504325165,0.0283503634879,0.164425788504,0.0388477649268,0.014266288635,17,1,8,20,0.000180132031672,7.0364074872e-07,0.000180132031672,0.000286421772535,0.000143624429665,0.00032234622378,0.000180132031672,7.0364074872e-07,0.000180132031672,0.169829937986,0.753282433877,0.0754133003031
501,0.0835132478504,0.133041328491,0.335679140855,0.0180691629984,0.0645989703236,0.0125384565361,0.109198034652,0.000301276039393,0.097305510613,0.0117651950528,0.0215457161794,0.112443960409,17,1,8,20,0.000126397133737,4.93738803659e-07,0.000126397133737,0.0144232799043,0.00247714665561,2.45775175368e-05,0.000126397133737,4.93738803659e-07,0.000126397133737,0.180751630195,0.728849537855,0.0729672518596
502,0.0995118093796,0.0720211305109,0.0303845115109,0.0424190631536,0.0241634244501,0.183743605959,0.000458794370409,0.165687226522,0.116262482776,0.156700182045,0.079296542542,0.0293512267808,17,1,8,20,7.80365236304e-10,3.04830170431e-12,7.80365236304e-10,0.00608317498112,0.00166212418733,0.00206669693524,7.80365236304e-10,3.04830170431e-12,7.80365236304e-10,0.182153315445,0.734501590043,0.0735330952801
503,0.157432010435,0.0294693983281,0.0439827133459,0.0352831872353,0.119289434514,0.2291945314,0.115542313125,0.0157708419711,0.118771484381,0.0439037369358,0.0813981678567,0.00996218047227,17,1,8,20,1.40630228409e-07,5.49336829724e-10,1.40630228409e-07,1.03087312328e-07,4.94385437795e-10,0.0121384706829,1.40630228409e-07,5.49336829724e-10,1.40630228409e-07,0.181725218942,0.732775365286,0.0733602778876
504,0.0186937181284,0.0188710788969,0.104188932157,0.148604695907,0.0112878889338,0.0280255854058,0.0284905281117,0.151682925662,0.242559679378,0.0753182633157,0.0731540737978,0.0991226303061,17,1,8,20,6.26257119881e-08,2.44631687454e-10,6.26257119881e-08,0.0454247500268,0.00198122979406,1.79259907259e-10,6.26257119881e-08,2.44631687454e-10,6.26257119881e-08,0.175237543944,0.706614943282,0.0707412817821
505,0.000573028979872,0.0409359611826,0.0164562061514,0.124975360134,0.0238317346998,0.013721618379,0.104054857535,0.0917954354303,0.00501423277297,0.299335083078,0.143332987315,0.135973494341,17,1,8,20,6.44088116929e-07,2.51596920675e-09,6.44088116929e-07,0.0171635500218,9.27925152128e-07,0.000151668623202,6.44088116929e-07,2.51596920675e-09,6.44088116929e-07,0.180772390284,0.728933249305,0.0729756324568
506,0.00897385818663,0.232571790964,0.00423815812928,0.0646262183233,0.00240556732266,0.0695240253884,0.240104177447,0.152808787466,0.0197613167065,0.0633389669963,0.0304746434942,0.111172489576,17,1,8,20,5.00353925377e-05,1.95450752101e-07,5.00353925377e-05,1.32640622622e-05,0.00202000866685,0.00015471906929,5.00353925377e-05,1.95450752101e-07,5.00353925377e-05,0.183518925385,0.740008174811,0.0740843755331
507,0.0250228566769,0.0510698447371,0.0784041944272,0.00784355145442,0.0348021780888,0.204419551539,0.0887880592117,0.107342447881,0.0364984197803,0.240990408588,0.0921499080157,0.0326685795996,17,1,8,20,2.67088589277e-08,1.04331480186e-10,2.67088589277e-08,0.00371505065339,0.0057520346226,1.44683322069e-08,2.67088589277e-08,1.04331480186e-10,2.67088589277e-08,0.182216742882,0.734757350159,0.0735587001708
508,0.123008097907,0.0700602090753,0.0629732398536,0.10845767356,0.104860988798,0.0422752676122,0.0529926177567,0.112601525257,0.0598768204608,0.0534339884824,0.189857443739,0.0196021274984,17,1,8,20,5.07515082487e-09,1.98248079096e-11,5.07515082487e-09,4.55375629164e-06,0.00200669780553,0.00122969443451,5.07515082487e-09,1.98248079096e-11,5.07515082487e-09,0.18336211158,0.739375850391,0.0740210716922
509,0.150097527297,0.0363459692514,0.132560130166,0.0967899406558,0.0661585108832,0.0154678192963,0.0674218537669,0.0264786641631,0.216348487314,0.0296584570966,0.104234826672,0.0584378134375,17,1,8,20,1.80108872903e-07,7.03550284779e-10,1.80108872903e-07,0.115127989055,0.000376474985053,4.12214096646e-07,1.80108872903e-07,7.03550284779e-10,1.80108872903e-07,0.16271009912,0.656100199276,0.0656841035073
510,0.153094755236,0.0843414504282,0.182403409838,0.0988554714184,0.0826436853783,0.00531073466016,0.109650698928,0.0176763458791,0.0417519405141,0.166560012515,0.0479153599703,0.00979613523455,17,1,8,20,6.503080807e-08,2.54026594023e-10,6.503080807e-08,1.0359570701e-09,0.00449360516487,8.47627670114e-12,6.503080807e-08,2.54026594023e-10,6.503080807e-08,0.183131630115,0.738446473938,0.0739280291062
511,0.150690480437,0.0818189034891,0.0257815709301,0.268387959197,0.0334549820705,0.013815845137,0.118464419429,0.116154806825,0.145601068937,0.0139216427439,0.00411263808727,0.0277956827171,17,1,8,20,0.00174128753159,6.80190442026e-06,0.00174128753159,5.44350935211e-06,0.0706832294026,0.00351681662363,0.00174128753159,6.80190442026e-06,0.00174128753159,0.0184933345446,0.81839092122,0.0819315007648
512,0.0293636004839,0.0726228006615,0.103072019849,0.1351281609,0.0738074893458,0.00125683103346,0.0116471481542,0.175179568532,0.0767935357426,0.102763850245,0.00646427512185,0.21190071993,17,1,8,20,2.28379134811e-06,8.92105995355e-09,2.28379134811e-06,5.55711766926e-06,0.000920369332201,4.23961937833e-05,2.28379134811e-06,8.92105995355e-09,2.28379134811e-06,0.020108825868,0.889830202972,0.0890834955093
513,0.134225278926,0.0710030188954,0.0691985876144,0.0235587323857,0.0264232372054,0.265420945957,0.176141462219,0.0113266735655,0.0308654280058,0.0366615520746,0.0416842095183,0.113490873633,17,1,8,20,0.000132405604258,5.17209391631e-07,0.000132405604258,8.49658525965e-05,0.000258151567638,5.71453865448e-05,0.000132405604258,5.17209391631e-07,0.000132405604258,0.183787063876,0.741089396676,0.0741926198058
514,0.155713870061,0.163415968646,0.108665607319,0.0658191760079,0.095736008632,0.0493731016928,0.0319001226315,0.0582482857932,0.206650515248,0.0508892023658,0.0106694508667,0.00291869073526,17,1,8,20,0.00176419482759,6.89138604526e-06,0.00176419482759,4.73729937105e-10,3.2956841385e-06,0.0418348973994,0.00176419482759,6.89138604526e-06,0.00176419482759,0.174961142043,0.705500400648,0.0706297016701
515,0.0134988156405,0.157086560669,0.0133014736075,0.0869257447138,0.0106093097569,0.0582469250141,0.0694732143478,0.0770818492261,0.22924335085,0.0609971081673,0.13388140021,0.0896542477963,17,1,8,20,4.86120810805e-06,1.89890941721e-08,4.86120810805e-06,0.0236766492698,8.63081330613e-07,0.000265708172401,4.86120810805e-06,1.89890941721e-08,4.86120810805e-06,0.179550175763,0.724004881694,0.0724822392089
516,0.0839213231318,0.226191364281,0.0213458355167,0.112698434064,0.205401995135,0.0184463505693,0.0139275520872,0.00965215535402,0.0101627552902,0.0240668014041,0.0141590942451,0.260026338921,17,1,8,20,2.55760586309e-07,9.99064790268e-10,2.55760586309e-07,0.0778541002984,8.30954908947e-07,9.29420529641e-07,2.55760586309e-07,9.99064790268e-10,2.55760586309e-07,0.169635892832,0.684027258626,0.0684799628272
517,0.0594159378118,0.00628049158452,0.11753186439,0.0577709811784,0.209092047774,0.0790979805832,0.0800310504385,0.00986125366167,0.0272766168956,0.0976431395759,0.157179620789,0.098819015317,17,1,8,20,1.56279189445e-08,6.10465583769e-11,1.56279189445e-08,6.51123200193e-08,0.00168882962144,2.1570574942e-07,1.56279189445e-08,6.10465583769e-11,1.56279189445e-08,0.183647576853,0.740526939496,0.0741363105779
518,0.0916059791635,0.229676977268,0.0215947347422,0.0765494757214,0.0196570433562,0.0640779498624,0.0428641956177,0.170637127039,0.0742596755747,0.105483391379,0.00668976933848,0.0969036809366,17,1,8,20,2.94105226041e-06,1.14884853922e-08,2.94105226041e-06,0.0282830311311,2.29961788185e-06,0.00315180714457,2.94105226041e-06,1.14884853922e-08,2.94105226041e-06,0.178173023028,0.718451752622,0.0719262992699
519,0.0340440211815,0.147321252846,0.118471063118,0.0560409758784,0.0174437185069,0.0215701502464,0.0801895695852,0.240092542841,0.0564586745414,0.0208560107786,0.203634214712,0.00387780576452,17,1,8,20,2.79155392628e-08,1.09045075245e-10,2.79155392628e-08,0.0662528875678,0.000275958897159,4.31369284436e-10,2.79155392628e-08,1.09045075245e-10,2.79155392628e-08,0.0187891283055,0.831443664022,0.083238248896
520,0.00355997334404,0.171914659813,0.0360628649657,0.00541047414547,0.227364285015,0.304016879952,0.0224428291953,0.00829394286946,0.0149276391954,0.059129776696,0.0181399949037,0.128736679905,17,1,8,20,4.7534584684e-06,1.85681971422e-08,4.7534584684e-06,4.29455659997e-06,0.00217755301114,0.00301576092466,4.7534584684e-06,1.85681971422e-08,4.7534584684e-06,0.182998666403,0.737910320874,0.0738743532601
521,0.0893211589936,0.0419453978358,0.0318499936234,0.073238066547,0.152423746636,0.0756608452067,0.0539504532792,0.170075750852,0.205545706033,0.0732590812442,0.011965208874,0.0207645908754,17,1,8,20,0.000355066010213,1.38697660239e-06,0.000355066010213,1.20661668045e-06,0.000890241816865,0.00685138362399,0.000355066010213,1.38697660239e-06,0.000355066010213,0.18227217628,0.734980875704,0.0735810779647
522,0.197654811888,0.129480887868,0.111632691417,0.0630813934899,0.0843069474149,0.00296397228514,0.0810927835143,0.048889423001,0.0127343886149,0.0305770084143,0.0428901483806,0.194695543712,17,1,8,20,2.69764701567e-06,1.0537683655e-08,2.69764701567e-06,6.57280936169e-05,0.00185019567613,0.00139877859833,2.69764701567e-06,1.0537683655e-08,2.69764701567e-06,0.183346558328,0.739313134608,0.0740147930323
523,0.165822753066,0.186367902358,0.00548422921852,0.0024941926865,0.0269877451811,0.110057629398,0.140957686844,0.00368571814759,0.0334248260308,0.13395225407,0.167681071709,0.0230839912904,17,1,8,20,2.00886734236e-05,7.8471380561e-08,2.00886734236e-05,0.00107943201595,9.14723759578e-05,0.000404736883872,2.00886734236e-05,7.8471380561e-08,2.00886734236e-05,0.183653651185,0.740551433189,0.0741387627129
524,0.0371772961368,0.0373903734032,0.206385132214,0.186980568216,0.134433480473,0.0486534354427,0.0363107576208,0.0958809703132,0.174496370849,1.6168004325e-05,0.0242358418245,0.0180396055031,17,1,8,20,8.4920541616e-06,3.31720865687e-08,8.4920541616e-06,4.01187342805e-05,0.103633458594,8.10435396047e-07,8.4920541616e-06,3.31720865687e-08,8.4920541616e-06,0.164880287736,0.664851107501,0.0665601824389
525,0.000537278335518,0.0149812669876,0.0991274208562,0.056859567105,0.0549957430585,0.259004933107,0.0303213767061,0.0767937777467,0.0294385800485,0.161976248734,0.00305050052856,0.212913306787,17,1,8,20,4.98588097814e-07,1.94760975709e-09,4.98588097814e-07,0.0125637574995,0.00122584737581,7.18000709045e-07,4.98588097814e-07,1.94760975709e-09,4.98588097814e-07,0.18142110214,0.731549067132,0.0732375096047
526,0.0624729129077,0.271653947335,0.0219824439852,0.0195018151945,0.300450387726,0.0223962113521,0.0449914407119,0.0424217774713,0.0629553121431,0.0926602122508,0.0156588335287,0.0428547053933,17,1,8,20,7.1782928017e-11,2.80402062566e-13,7.1782928017e-11,0.0103857718698,0.00880024159694,0.000466114993357,7.1782928017e-11,2.80402062566e-13,7.1782928017e-11,0.180343141807,0.727202379418,0.0728023500269
527,0.0229372013062,0.0452733099513,0.0629296935893,0.0572306583897,0.0618432356653,0.0936292214835,0.133201555497,0.0508099916329,0.237881001324,0.092078750002,0.100301764858,0.0418836163003,17,1,8,20,1.01866330087e-10,3.97915351902e-13,1.01866330087e-10,0.0184245707262,0.00154727764826,0.001927298175,1.01866330087e-10,3.97915351902e-13,1.01866330087e-10,0.166356015313,0.737874109677,0.0738707280517
528,0.01253109017,0.142723266318,0.0389760509201,0.102859087612,0.0814355923142,0.159804964944,0.0975992971813,0.0163996230344,0.0116446190263,0.147084881406,0.14261573277,0.0463257943034,17,1,8,20,1.43451575946e-08,5.60357718539e-11,1.43451575946e-08,1.60009716282e-08,0.00166090536625,3.02905296064e-08,1.43451575946e-08,5.60357718539e-11,1.43451575946e-08,0.18365275784,0.740547830929,0.0741384020802
529,0.0120001898285,0.031522707517,0.118698625336,0.115929450398,0.0175791523786,0.0154514496396,0.285953073672,0.087254488909,0.0657991738099,0.20521105183,0.039340042898,0.00526059378337,17,1,8,20,0.000683417871344,2.66960105994e-06,0.000683417871344,0.0546304565428,0.000297645011761,0.00190427705379,0.000683417871344,2.66960105994e-06,0.000683417871344,0.172999661929,0.697591072956,0.0698378758188
530,0.131948047722,0.147086556542,0.0346066852081,0.0425258854918,0.0148464934592,0.0158645017913,0.244915943032,0.0153770515674,0.183318704482,0.0681647699264,0.0134363594386,0.0879090013398,17,1,8,20,0.000160820527846,6.28205186897e-07,0.000160820527846,2.85367313243e-05,0.000420008223177,1.31737768105e-05,0.000160820527846,6.28205186897e-07,0.000160820527846,0.183754809064,0.740959334755,0.0741795989277
531,0.105953132831,0.0297743479347,0.0189344378638,0.216177038132,0.0448630532729,0.0838851277502,0.0169125374777,0.160737350877,0.00486712169291,0.0744508987748,0.0138879676428,0.229556985751,17,1,8,20,1.25455922224e-08,4.90062196187e-11,1.25455922224e-08,9.94808837381e-11,0.00133635077928,0.000391222639612,1.25455922224e-08,4.90062196187e-11,1.25455922224e-08,0.183640503522,0.74049841752,0.0741334551597
532,0.0487270584617,0.0967661344563,0.121606911967,0.11739674618,0.0124260131095,0.017521975796,0.0197960302552,0.0685758608033,0.171287556119,0.0429271500143,0.0122881640637,0.270680398774,17,1,8,20,2.80215753455e-09,1.09459278693e-11,2.80215753455e-09,0.0528324226492,0.000135780579047,8.36680743658e-09,2.80215753455e-09,1.09459278693e-11,2.80215753455e-09,0.17421436928,0.702489169366,0.0703282385286
533,0.0527241843889,0.0802775958543,0.0558993358113,0.184110221939,0.047122594589,0.127224056001,0.0638338823781,0.0891902722704,0.0626625021982,0.149606305708,0.0271839998193,0.0601650490418,17,1,8,20,4.08447217073e-07,1.59549694169e-09,4.08447217073e-07,0.0537639817608,0.000525748863488,0.00174378981271,4.08447217073e-07,1.59549694169e-09,4.08447217073e-07,0.173650181185,0.700214178806,0.070100482592
534,0.122789423814,0.0995898232581,0.0171453148263,0.155123581687,0.0967058966642,0.0589729800663,0.0288986573313,0.178212553704,0.0629333383755,0.01607121454,0.0464304008823,0.11712681485,17,1,8,20,9.39184474505e-05,3.66868935353e-07,9.39184474505e-05,1.9136279333e-05,0.000157875254275,1.56793130065e-05,9.39184474505e-05,3.66868935353e-07,9.39184474505e-05,0.183853623906,0.741357788433,0.0742194892869
535,0.0235890085138,0.14678597872,0.0232359773668,0.0689999986048,0.00663485201913,0.0105614355641,0.0836624042328,0.210236612448,0.227644090352,0.166834947893,0.0205007459446,0.0113139483413,17,1,8,20,0.000102840593344,4.01721067751e-07,0.000102840593344,0.0312953025289,0.000763337956512,1.74200865114e-06,0.000102840593344,4.01721067751e-07,0.000102840593344,0.177984719036,0.717692449439,0.0718502832149
536,0.100611324841,0.0642341853626,0.251227152644,0.0480654890665,0.00474813659012,0.0186328779104,0.163735778345,0.0199213280092,0.118208708564,0.0358043791513,0.135242796119,0.0395678433971,17,1,8,20,9.44270022204e-05,3.68855477423e-07,9.44270022204e-05,0.0268806392348,6.44247700715e-05,2.31393203347e-05,9.44270022204e-05,3.68855477423e-07,9.44270022204e-05,0.178927670813,0.721494738668,0.0722309414734
537,0.0708329682148,0.0264360424047,0.134705492681,0.0527290086694,0.0377886468878,0.120851479159,0.0834315138426,0.00805517113367,0.403181218671,0.0291640709517,0.0244579960175,0.00836639136664,17,1,8,20,0.000215771851768,8.42858795967e-07,0.000215771851768,0.00110534700906,8.32464121659e-05,0.0588970401351,0.000215771851768,8.42858795967e-07,0.000215771851768,0.172745980216,0.696568145531,0.0697354675724
538,0.0654296031685,0.022850458092,0.0129700475886,0.0775418921985,0.111276216333,0.014576079677,0.299636343684,0.0314396410004,0.0253747511,0.198492058435,0.092554394125,0.0478585145981,17,1,8,20,1.03500631589e-05,4.04299342146e-08,1.03500631589e-05,0.0187129769188,0.00101450232794,9.56128181128e-06,1.03500631589e-05,4.04299342146e-08,1.03500631589e-05,0.180319890784,0.727108623706,0.0727929638692
539,0.188941834724,0.119233456112,0.0834172236443,0.0962783054595,0.0823444640757,0.0186967926483,0.127048743586,0.0603351747002,0.0513600332037,0.102138137728,0.0194994553894,0.0507063787283,17,1,8,20,2.41994476027e-07,9.4529092198e-10,2.41994476027e-07,0.00659735590174,0.0145565345908,0.000173414323327,2.41994476027e-07,9.4529092198e-10,2.41994476027e-07,0.180034800824,0.725959047998,0.0726778764941
540,0.00209011438195,0.1422778421,0.0348148859781,0.0411636546553,0.0435031156337,0.069066643115,0.122383341916,0.0444565847686,0.00147204445083,0.0218243625559,0.175703854752,0.301243555692,17,1,8,20,3.52795905731e-08,1.37810900676e-10,3.52795905731e-08,0.0218023179729,1.44055449955e-05,0.000188252507525,3.52795905731e-08,1.37810900676e-10,3.52795905731e-08,0.179910289978,0.725456979636,0.0726276129668
541,0.0101320807284,0.0242059455965,0.161972093158,0.123386853969,0.010683408468,0.140917375019,0.0368503359238,0.231031722907,8.60039336985e-05,0.232604229978,0.0104019203602,0.0177280299569,17,1,8,20,3.77217979709e-09,1.47350773324e-11,3.77217979709e-09,0.0979337851413,4.27629611397e-05,1.32035146281e-08,3.77217979709e-09,1.47350773324e-11,3.77217979709e-09,0.165934708445,0.669102875775,0.0669858393549
542,0.0637487702241,0.0289482952621,0.0179800041126,0.0353558871135,0.0161242684615,0.0123426105117,0.119493153585,0.0762994192413,0.267067004399,0.0827997196584,0.261153740748,0.0186871266834,17,1,8,20,6.83580647595e-05,2.67023690467e-07,6.83580647595e-05,0.00362753791492,9.97010067314e-05,0.000127119750379,6.83580647595e-05,2.67023690467e-07,6.83580647595e-05,0.18319887458,0.738717625556,0.0739551748852
543,0.0125691969369,0.00764886162492,0.089457615952,0.0649144609873,0.0723567687235,0.283195459695,0.00282240155591,0.0546670204871,0.268029162568,0.0483896014639,0.0280962828133,0.0678531671917,17,1,8,20,3.77836714076e-05,1.47592466436e-07,3.77836714076e-05,1.60252582593e-06,1.96382771227e-05,0.00646295122954,3.77836714076e-05,1.47592466436e-07,3.77836714076e-05,0.182737636464,0.736857763009,0.073768978624
544,0.199002381834,0.126258026396,0.019941621013,0.0361802032207,0.0853070363165,0.0964628081035,0.0349577500722,0.206773356331,0.0279359741085,0.0429488801262,0.0896312222327,0.0346007402456,17,1,8,20,5.22998785394e-08,2.04296400544e-10,5.22998785394e-08,0.0565079504341,0.0155363593715,0.000919303195111,5.22998785394e-08,2.04296400544e-10,5.22998785394e-08,0.170536012473,0.687656834654,0.0688433302638
545,0.222392400075,0.30225940186,0.00576208511876,0.029301639092,0.0896239639886,0.0305163889715,0.060050528412,0.0504062695512,0.0452513446024,0.0379209106719,0.080405415861,0.0461096517962,17,1,8,20,6.86333673116e-08,2.68099091061e-10,6.86333673116e-08,7.44884351501e-07,0.00395773590489,0.00491587764121,6.86333673116e-08,2.68099091061e-10,6.86333673116e-08,0.182325751665,0.735196909134,0.0736027057011
546,0.205902889302,0.0160725286199,0.0343955444555,0.0256661655913,0.023976103166,0.0854728443415,0.0398800073371,0.104425260522,0.17417615217,0.0146721481885,0.27089624191,0.00446411439739,17,1,8,20,1.62209095565e-08,6.33629279553e-11,1.62209095565e-08,0.00108420386649,1.80802529632e-09,0.00281468926445,1.62209095565e-08,6.33629279553e-11,1.62209095565e-08,0.183241068184,0.738887763933,0.073972207934
547,0.161837381308,0.0946062825752,0.286518962989,0.00817173187757,0.121764143061,0.0434996806765,0.160037655449,0.0220615683614,0.0133091250141,0.0495942438542,0.00744209228291,0.0311571325503,17,1,8,20,2.89022097838e-05,1.12899256968e-07,2.89022097838e-05,2.70840992369e-05,3.12416773664e-05,0.0337147846438,2.89022097838e-05,1.12899256968e-07,2.89022097838e-05,0.177724161078,0.716641794752,0.0717450991115
548,0.103448914894,0.0538377697535,0.0908789291612,0.00203138936601,0.0632535658055,0.0297922408242,0.0299976837157,0.255578744361,0.152290357729,0.140221506846,0.0350633790025,0.0436055185416,17,1,8,20,3.6361964842e-05,1.42038925164e-07,3.6361964842e-05,0.00210330695982,0.00440918760631,0.000225541233852,3.6361964842e-05,1.42038925164e-07,3.6361964842e-05,0.168909870264,0.749201605337,0.0750047566622
549,0.0988658190617,0.0398975040526,0.0268579807214,0.436206755115,0.0696491021967,0.0303451008956,0.00637716501716,0.131585679748,0.0290201705059,0.0172300948186,0.0323206944705,0.0816439333967,17,1,8,20,0.000903167435265,3.52799779401e-06,0.000903167435265,0.00391100521365,5.28433631416e-06,0.00159410603007,0.000903167435265,3.52799779401e-06,0.000903167435265,0.182278752557,0.735007393398,0.0735837327283
550,0.00807462966194,0.112225893397,0.0116812880049,0.135554794145,0.0294434481769,0.123071957396,0.0810021649933,0.0202528809658,0.238452058264,0.118554134848,0.00209980851112,0.119586941636,17,1,8,20,3.42128120861e-06,1.33643797211e-08,3.42128120861e-06,0.0724663070287,0.00283616543116,2.99407731371e-07,3.42128120861e-06,1.33643797211e-08,3.42128120861e-06,0.157270646174,0.697576457484,0.0698364126213
551,0.0201543210866,0.159269269872,0.0277537082235,0.00199571789845,0.125307011309,0.0996952764387,0.000696721054491,0.0393070257957,0.0880908759536,0.283032868678,0.109203742473,0.0454934612175,17,1,8,20,9.78460036408e-06,3.82210951722e-08,9.78460036408e-06,1.09732181349e-05,1.10574208016e-05,3.63928202789e-05,9.78460036408e-06,3.82210951722e-08,9.78460036408e-06,1.43853287472e-15,0.908908847472,0.0909935142252
552,0.0299862682045,0.135789005079,0.121433948377,0.0351744816655,0.128029543241,0.0319061202515,0.136148796993,0.0392090387053,0.057344317612,0.168289756338,0.050528030004,0.0661606935287,17,1,8,20,0.000162340864358,6.341440014e-07,0.000162340864358,0.00244696670807,0.00116602693649,0.000264414975035,0.000162340864358,6.341440014e-07,0.000162340864358,0.183125343611,0.738421124703,0.0739254913205
553,0.0718988647469,0.0687589971648,0.133965945283,0.128611596744,0.0484742740226,0.098413997928,0.0179325732176,0.0546372035918,0.0447757282364,0.0412483324222,0.172772130768,0.118510355875,17,1,8,20,0.000110957826132,4.3342900833e-07,0.000110957826132,0.99942106003,0.000112348657995,2.18905189244e-05,0.000110957826132,4.3342900833e-07,0.000110957826132,7.05388480753e-11,2.32743489966e-09,2.33006292369e-10
554,0.0437081597029,0.160645119804,0.0117330839918,0.0229041138833,0.044352499709,0.114881950211,0.0926069836743,0.0542080058656,0.12458689199,0.0543143797362,0.231803514315,0.044255297117,17,1,8,20,4.60174670962e-05,1.79755730844e-07,4.60174670962e-05,7.41031816352e-05,0.000102644074995,0.000437838493731,4.60174670962e-05,1.79755730844e-07,4.60174670962e-05,0.183811328807,0.741187240797,0.0742024152659
555,0.0481738227425,0.0328725937149,0.0117374244997,0.0383472298289,0.116099934218,0.0518094770219,0.0436246702588,0.0702375604315,0.128030214207,0.0922918479241,0.0344716401236,0.332303585029,17,1,8,20,1.29760422723e-05,5.06876651263e-08,1.29760422723e-05,3.33003774672e-06,4.07170659752e-05,1.99560348469e-05,1.29760422723e-05,5.06876651263e-08,1.29760422723e-05,0.183936973522,0.741693881274,0.074253136521
556,0.0587335399793,0.0365969672879,0.0133766835117,0.0488493724263,0.158980206532,0.0738387861162,0.0780107267309,0.0143750924375,0.197261016848,0.157697291467,0.0202649108453,0.142015405817,17,1,8,20,2.45990044448e-07,9.60898611126e-10,2.45990044448e-07,0.0740318726763,1.87869081062e-07,9.05403944729e-07,2.45990044448e-07,9.60898611126e-10,2.45990044448e-07,0.0186380403886,0.824758981898,0.0825690258824
557,0.180674117083,0.170352057802,0.0136534703321,0.0666158294878,0.0943715366217,0.0460580793738,0.0428672888483,0.0877863456697,0.00775681208912,0.0172371323642,0.136972698166,0.135654632162,17,1,8,20,5.53492892019e-06,2.16208160945e-08,5.53492892019e-06,2.03910848632e-10,2.56470678341e-08,3.05057217836e-08,5.53492892019e-06,2.16208160945e-08,5.53492892019e-06,0.183954223177,0.74176343751,0.0742600999986
558,0.0346704683713,0.158683560413,0.338991460176,0.0198905524112,0.0281596699231,0.119315263319,0.0291958935569,0.00650845903902,0.0181755137025,0.0443717732562,0.111980608058,0.0900567777738,17,1,8,20,0.000270216032207,1.05553137581e-06,0.000270216032207,0.00253953432718,0.00499035090108,0.000280552824837,0.000270216032207,1.05553137581e-06,0.000270216032207,0.019949402141,0.882779550479,0.0883776341353
559,0.013930076973,0.193924382675,0.106014170612,0.181020067095,0.0126081089858,0.0109626207927,0.095043813771,0.0198958191013,0.00364117505583,0.0237246327079,0.230439836927,0.108795295303,17,1,8,20,4.7102352164e-06,1.83993563141e-08,4.7102352164e-06,4.30916156452e-07,0.00121123033209,6.75000446761e-05,4.7102352164e-06,1.83993563141e-08,4.7102352164e-06,0.16985992551,0.753415421387,0.0754266140705
560,0.0626379636812,0.428199446585,0.0359059218237,0.0677346581153,0.0506891943878,0.0467630733612,0.00592090696313,0.013927576717,0.0526529743993,0.015848694931,0.143941020128,0.0757785689074,17,1,8,20,3.8278272267e-06,1.49524501043e-08,3.8278272267e-06,8.79030829204e-06,0.00299118535561,1.16716589588e-05,3.8278272267e-06,1.49524501043e-08,3.8278272267e-06,0.0200675448125,0.888004725057,0.0889007415939
561,0.0764930810177,0.108342558979,0.0118336188015,0.106668149608,0.0079818690372,0.028115260382,0.00942599717892,0.0857910493022,0.101116292701,0.00674395184187,0.181263693815,0.276224477336,17,1,8,20,1.42374501034e-09,5.56150394666e-12,1.42374501034e-09,3.42083502648e-09,6.80299636451e-15,1.88571391353e-09,1.42374501034e-09,5.56150394666e-12,1.42374501034e-09,0.183958310815,0.74177992733,0.0742617508425
562,0.0175290401652,0.0652739026176,0.140283742761,0.0447318197606,0.170631677172,0.0708374268824,0.00879949201451,0.028552442763,0.185831751683,0.174535281339,0.0837531584548,0.00924026438599,17,1,8,20,3.1799150219e-11,1.24215430543e-13,3.1799150219e-11,1.85652542992e-07,1.17159126687e-11,4.14989343583e-07,3.1799150219e-11,1.24215430543e-13,3.1799150219e-11,0.183958203765,0.74177948854,0.0742617069139
563,0.0463507346022,0.043067754565,0.110809982647,0.0618074453706,0.0680091699506,0.208813839716,0.041490233251,0.245495258077,0.0191713732255,0.0478890638049,0.01752592553,0.0895692192604,17,1,8,20,8.75290803455e-08,3.419104701e-10,8.75290803455e-08,4.96940906365e-06,0.000933621879826,0.00831313264889,8.75290803455e-08,3.419104701e-10,8.75290803455e-08,0.0199421612336,0.88246011001,0.0883456540188
564,0.0907158592075,0.0199769983325,0.0538165621635,0.157851025612,0.138166846639,0.134060758244,0.102185428444,0.0956971655602,0.04708612924,0.00731187793294,0.120970773204,0.0321605754211,17,1,8,20,2.12946030928e-05,8.31820433312e-08,2.12946030928e-05,0.0387442884483,0.0149275780622,0.000248888593565,2.12946030928e-05,8.31820433312e-08,2.12946030928e-05,0.174023443189,0.701719292972,0.0702511639586
565,0.0183333859106,0.163407064446,0.301625599602,0.0950754102359,0.0894803203598,0.0186179241264,0.0279073151372,0.0917359638693,0.0197130078654,0.0130857915818,0.13510881203,0.0259094048354,17,1,8,20,1.31004107167e-09,5.11734793621e-12,1.31004107167e-09,1.77803825404e-09,3.38249805149e-11,1.04933662727e-12,1.31004107167e-09,5.11734793621e-12,1.31004107167e-09,0.183958312233,0.741779929631,0.0742617510728
566,0.113046199895,0.164971390435,0.0535493598194,0.0506247084959,0.0769718932787,0.139132087535,0.0689495351936,0.0586014558874,0.0150917531482,0.014980622079,0.0203296839656,0.223751310267,17,1,8,20,6.00142601712e-09,2.34430703794e-11,6.00142601712e-09,2.07659902716e-05,0.00319039510307,6.43898166693e-09,6.00142601712e-09,2.34430703794e-11,6.00142601712e-09,0.183367588893,0.739397936705,0.0740232828174
567,0.0409917493923,0.0647552416571,0.0285321439973,0.0508278660545,0.0376028984451,0.0966544556196,0.0763641286913,0.0568141797938,0.0075817947061,0.0199242343297,0.188568022183,0.331383285131,17,1,8,20,1.29747959848e-06,5.06827968156e-09,1.29747959848e-06,0.00631406137645,2.07275565263e-06,0.000147976422982,1.29747959848e-06,5.06827968156e-09,1.29747959848e-06,0.182768230809,0.736981129389,0.0737813291919
568,0.124713689782,0.0629696821873,0.223423129157,0.190613932841,0.0263361886533,0.0211005656211,0.0329482119027,0.0390695754019,0.0116211160889,0.10829422312,0.0207144509188,0.138195234325,17,1,8,20,1.64780052777e-08,6.4367208116e-11,1.64780052777e-08,0.0796564529324,9.38298804717e-06,0.000109073842619,1.64780052777e-08,6.4367208116e-11,1.64780052777e-08,0.169283044213,0.682604457886,0.0683375220976
569,0.0180701322114,0.0900882530378,7.13782100197e-05,0.0152606826521,0.0632533641644,0.140894941142,0.355065317458,0.060896821552,0.0729161207081,0.0708987672551,0.0650969482772,0.0474872733312,17,1,8,20,1.27825885775e-09,4.99319866307e-12,1.27825885775e-09,9.53045196322e-06,0.00542662146705,0.00154852927388,1.27825885775e-09,4.99319866307e-12,1.27825885775e-09,0.168892694745,0.749125483096,0.0749971358428
570,0.000756872185155,0.076613498114,0.0783523319509,0.227449199311,0.00487634823542,0.0258667963888,0.0488519127493,0.14925943975,0.0139725336988,0.179702249437,0.136097723168,0.0582010950111,17,1,8,20,1.12284321774e-06,4.38610631929e-09,1.12284321774e-06,0.0380330837538,0.000136291124528,0.000105188471887,1.12284321774e-06,4.38610631929e-09,1.12284321774e-06,0.176916562291,0.713385292987,0.0714190812269
571,0.0945390325196,0.09242584716,0.0571263118306,0.0857150856604,0.0326260540694,0.0262052066357,0.0562708481519,0.135926939988,0.10133033693,0.19550315599,0.0621299351959,0.0602012458679,17,1,8,20,0.000426850832439,1.66738606422e-06,0.000426850832439,0.0233366437636,0.00157127854735,0.00033403618042,0.000426850832439,1.66738606422e-06,0.000426850832439,0.179000141653,0.721786964682,0.0722601970715
572,0.0840056870783,0.226742759423,0.083131128651,0.233111940583,0.0163446676823,0.00239882269739,0.0281537445015,0.182805747294,0.0373398725266,0.00799408849418,0.0977467738537,0.000224767215064,17,1,8,20,2.64296062797e-05,1.0324064953e-07,2.64296062797e-05,0.148576906525,1.2787175249e-07,0.00470179821167,2.64296062797e-05,1.0324064953e-07,2.64296062797e-05,0.155741912793,0.628002198908,0.0628711307836
573,0.0971327768235,0.0423162324821,0.0682810702089,0.0375084500178,0.213668447487,0.0435402672504,0.0490787727175,0.0762635741281,0.085529067099,0.103090977496,0.0663586465283,0.117231717762,17,1,8,20,1.46078045547e-08,5.70617365417e-11,1.46078045547e-08,0.0435245504251,0.000173292751749,0.000162927859626,1.46078045547e-08,5.70617365417e-11,1.46078045547e-08,0.175889750011,0.709244850907,0.0710045695007
574,0.0313481859297,0.129288121967,0.112256905754,0.0812268373469,0.0925549885282,0.028227475376,0.0464338116219,0.172456124606,0.082428626991,0.108863385992,0.100271755364,0.0146437805223,17,1,8,20,1.51818623904e-05,5.93041499623e-08,1.51818623904e-05,1.97871279078e-13,4.23210675883e-10,6.25517367973e-08,1.51818623904e-05,5.93041499623e-08,1.51818623904e-05,0.183947109561,0.741734753089,0.0742572283175
575,0.0123303454398,0.127173016173,0.00361917796216,0.0975799097915,0.0222927616103,0.191425688401,0.0301798213902,0.140024181002,0.133184616727,0.0678342517321,0.0511298428457,0.123226386925,17,1,8,20,1.51800026629e-06,5.9296885402e-09,1.51800026629e-06,2.66866648555e-05,0.00382521955985,1.30909003036e-06,1.51800026629e-06,5.9296885402e-09,1.51800026629e-06,0.183248364113,0.738917183499,0.0739751532125
576,0.00252512980634,0.152167555915,0.114404033471,0.0608660957558,0.0520869434728,0.000361399725417,0.185553723095,0.206515908069,0.14034602453,0.0111234421504,0.027264866843,0.0467848771651,17,1,8,20,0.00124408006081,4.85968773754e-06,0.00124408006081,6.40075996935e-07,0.00692874316246,0.00210386393676,0.00124408006081,4.85968773754e-06,0.00124408006081,0.167696158662,0.74381869657,0.0744658579742
577,0.0485909265973,0.0984432173524,0.169629118073,0.0105408798184,0.0383657953832,0.0995921429861,0.0911058901419,0.104708736452,0.181077013635,0.0375511507142,0.116052159905,0.00434296894064,17,1,8,20,2.76481252511e-07,1.08000489262e-09,2.76481252511e-07,2.83103922961e-14,1.11200833592e-12,0.00966035093386,2.76481252511e-07,1.08000489262e-09,2.76481252511e-07,0.182181008569,0.734613257751,0.0735442746598
578,0.0862687063115,0.131812554893,0.0858508937785,0.09417617639,0.0790947160199,0.0896124824935,0.114618777701,0.195658774644,0.0341881881571,0.0737889195583,0.0070962342171,0.00783357583578,17,1,8,20,0.000480589461661,1.87730258462e-06,0.000480589461661,0.000189075191784,0.000839008495971,0.016536576582,0.000480589461661,1.87730258462e-06,0.000480589461661,0.18037282459,0.727322070081,0.072814332608
579,0.00691588004931,0.0729099174534,0.170090959534,0.0556329371661,0.156866563493,0.0884816494891,0.106839826501,0.0223954076592,0.0847639128966,0.0280623518856,0.038100105331,0.168940488541,17,1,8,20,9.99305461215e-11,3.90353695787e-13,9.99305461215e-11,0.0305342366906,0.00183694723898,0.00100771835509,9.99305461215e-11,3.90353695787e-13,9.99305461215e-11,0.177817987601,0.717020133962,0.0717829757526
580,0.12468684871,0.0382959796486,0.119926460116,0.00203817833712,0.00635408863076,0.227365434846,0.238825102564,0.114757037558,0.0580304722603,0.00514593477984,0.00038382190131,0.0641906406486,17,1,8,20,2.02723306159e-05,7.91887914683e-08,2.02723306159e-05,0.00238564653108,0.0509701604328,1.54213387867e-05,2.02723306159e-05,7.91887914683e-08,2.02723306159e-05,0.174125286904,0.702129960056,0.0702922770374
581,0.00982000986975,0.189766168411,0.209675685484,0.00753556781762,0.0921130307718,0.0257756101187,0.00630611366734,0.125310648884,0.00954178206115,0.0627288220304,0.111560433541,0.149866127343,17,1,8,20,9.13817021552e-05,3.56959774044e-07,9.13817021552e-05,0.000198958464239,0.000161761844446,0.000140569681162,9.13817021552e-05,3.56959774044e-07,9.13817021552e-05,0.183798724795,0.741136417308,0.0741973271783
582,0.0293773909598,0.00383931048149,0.0671936586651,0.10284739764,0.172084875862,0.0424842131482,0.0242359593794,0.0274987736976,0.0403096351302,0.0950272372182,0.376233266557,0.0188682812605,17,1,8,20,3.93160659528e-07,1.53578382628e-09,3.93160659528e-07,0.0296505680052,1.67898257431e-07,0.000799223243147,3.93160659528e-07,1.53578382628e-09,3.93160659528e-07,0.178356501263,0.719191596662,0.0720003672135
583,0.0328463513879,0.1195922554,0.0617626894627,0.0559406404551,0.0420004861872,0.0555661224135,0.0675185532407,0.0483020589524,0.00800291811971,0.166595533982,0.109327149439,0.232545240959,17,1,8,20,7.3487353936e-07,2.87059976312e-09,7.3487353936e-07,0.0082817049963,0.000345475217919,4.1279970312e-06,7.3487353936e-07,2.87059976312e-09,7.3487353936e-07,0.182369971575,0.735375218234,0.0736205567449
584,0.0115437392248,0.0330847602207,0.0746509635433,0.0521301051351,0.0317715951164,0.007883420668,0.0324834044956,0.0766497802288,0.389106943097,0.161233598613,0.0605297271106,0.0689319625474,17,1,8,20,4.24714186024e-06,1.65903978916e-08,4.24714186024e-06,0.0211003115113,3.80519982281e-06,0.00035789815392,4.24714186024e-06,1.65903978916e-08,4.24714186024e-06,0.180007066916,0.725847215822,0.0726666806489
585,0.0394135933284,0.0852982217069,0.0715252866024,0.012290577826,0.0982773421756,0.0956878889121,0.228116902375,0.0810054864805,0.0616900562195,0.167160483431,0.0203015942885,0.0392325666541,17,1,8,20,9.72481990181e-06,3.79875777414e-08,9.72481990181e-06,0.0357609642522,1.39581299265e-05,2.93881303095e-06,9.72481990181e-06,3.79875777414e-08,9.72481990181e-06,0.177369509427,0.715211723603,0.07160193052
586,0.113828461764,0.0555358100422,0.144113253401,0.130185884151,0.0336818356538,0.0374490362358,0.0961307518716,0.00221572470309,0.030890939256,0.012321510946,0.127051076043,0.216595715932,17,1,8,20,5.41092129728e-05,2.11364113175e-07,5.41092129728e-05,0.00302226964034,0.00219759507493,0.000491268066838,5.41092129728e-05,2.11364113175e-07,5.41092129728e-05,0.182867810802,0.737382668403,0.0738215284331
587,0.00532133598795,0.0846590613028,0.00644234260716,0.118959328077,0.0634467618605,0.0617342693027,0.332897548346,0.0889859928714,0.0216795994734,0.0148983994638,0.148603938868,0.052371421839,17,1,8,20,1.75475167728e-05,6.85449873938e-08,1.75475167728e-05,0.00636648505278,1.63492223497e-05,0.00350780956798,1.75475167728e-05,6.85449873938e-08,1.75475167728e-05,0.18212591085,0.734391085774,0.0735220323756
588,0.0791820666027,0.0139467460842,0.0342722352665,0.0871038626188,0.0427577489904,0.0483021785377,0.11006517237,0.114811245997,0.236243473465,0.0413177776155,0.170133697524,0.0218637949281,17,1,8,20,1.32682114956e-05,5.18289511546e-08,1.32682114956e-05,0.0296139074394,0.00037862988224,1.20838082744e-05,1.32682114956e-05,5.18289511546e-08,1.32682114956e-05,0.1784289325,0.719483663037,0.0720296068296
589,0.083528459494,0.0305913767957,0.023033364114,0.058037904776,0.123213588939,0.02077762658,0.0499350502995,0.0982220346486,0.342573087468,0.0381103668156,0.0346304314267,0.0973467086422,17,1,8,20,1.57649309197e-05,6.15817614049e-08,1.57649309197e-05,0.064358109571,5.11394550994e-07,0.00045167495653,1.57649309197e-05,6.15817614049e-08,1.57649309197e-05,0.172024298454,0.69365808937,0.0694441333672
590,0.032251486838,0.127880742188,0.0203426175149,0.0532191316623,0.0732804317401,0.0501848548796,0.0592446287724,0.0381500712654,0.0577377143561,0.250613408668,0.0669546641175,0.170140247997,17,1,8,20,5.50774536204e-06,2.15146303205e-08,5.50774536204e-06,0.00884100594368,2.04032732725e-05,0.000189888304107,5.50774536204e-06,2.15146303205e-08,5.50774536204e-06,0.182289192152,0.73504948925,0.0735879470667
591,0.0937127592258,0.0611591421824,0.0774002357776,4.19872760568e-06,0.13241748303,0.224783405782,0.023931309429,0.0326292534568,0.163117767361,0.0579953853519,0.11418988529,0.0186591743863,17,1,8,20,9.99344795892e-06,3.90369060895e-08,9.99344795892e-06,0.000253688199223,0.00211930287018,0.00226588480246,9.99344795892e-06,3.90369060895e-08,9.99344795892e-06,0.0200342742731,0.886533359128,0.0887534388617
592,0.181782179903,0.097488815063,0.0580121669206,0.110620783406,0.0227737521167,0.0373671111418,0.000306336183996,0.0243887008998,0.140337441333,0.0682510783941,0.172303305339,0.0863683292986,17,1,8,20,8.53780251416e-07,3.33507910709e-09,8.53780251416e-07,2.23824464133e-10,0.000737854601827,8.40943099803e-10,8.53780251416e-07,3.33507910709e-09,8.53780251416e-07,0.183821950132,0.741230069443,0.0742067029666
593,0.0101585213551,0.0901362045192,0.0893209226271,0.0369856692963,0.09638650635,0.123957968368,0.093852923362,0.0601663663033,0.0695831231735,0.170742654761,0.119095605916,0.0396135339688,17,1,8,20,9.92111236662e-07,3.87543451821e-09,9.92111236662e-07,0.00835506146579,1.01576457753e-06,0.000961464258986,9.92111236662e-07,3.87543451821e-09,9.92111236662e-07,0.182243543604,0.734865419412,0.0735695192988
594,0.107851139955,0.117597914667,0.0913839127589,0.0949698950858,0.0370750673727,0.184974078972,0.0877360700636,0.0198126022918,0.0965508314889,0.0996690158872,0.0474704943663,0.0149089770907,17,1,8,20,1.78953669844e-06,6.99037772829e-09,1.78953669844e-06,6.10610084236e-06,0.00111206183424,0.00241551054774,1.78953669844e-06,6.99037772829e-09,1.78953669844e-06,0.0200570519236,0.887547163676,0.0888549337902
595,0.0447713453776,0.00318879284789,0.347787060567,0.0460360671956,0.0863661636933,0.109022955193,0.0322774087923,0.100977546116,0.0644042024078,0.0770748416784,0.0231803311648,0.064913284966,17,1,8,20,7.15706089253e-10,2.79572691114e-12,7.15706089253e-10,5.9783569195e-06,0.00579456387401,0.00275327157645,7.15706089253e-10,2.79572691114e-12,7.15706089253e-10,0.168625804444,0.747941750008,0.0748786288727
596,0.208227833968,0.100536612449,0.0243589536618,0.0234365157706,0.0437137797204,0.144984860988,0.00805024044175,0.0327807726364,0.344048409146,0.0325504775454,0.0271720422464,0.0101395014267,17,1,8,20,1.57532303568e-05,6.15360560813e-08,1.57532303568e-05,0.03155439754,0.0340487354765,0.00993087073694,1.57532303568e-05,6.15360560813e-08,1.57532303568e-05,0.0186062024181,0.823366988472,0.0824296693629
597,0.250951684455,0.0665015806609,0.0256890286687,0.104600535886,0.0278953072867,0.025524829319,0.234659134054,0.00462976427778,0.200932913143,0.0164148381975,0.00661113065627,0.0355892533946,17,1,8,20,0.000211195175541,8.24981154455e-07,0.000211195175541,0.347954868017,0.00237611684585,4.43861092044e-05,0.000211195175541,8.24981154455e-07,0.000211195175541,0.110344088496,0.489435313873,0.0489987959949
598,0.225871543676,0.0190822683093,0.0237433168577,0.161626373234,0.00145101653285,0.0298046470825,0.0981978088165,0.0464682103135,0.279187298019,0.0116055984745,0.0928304059688,0.0101315127152,17,1,8,20,3.35850683398e-07,1.31191673203e-09,3.35850683398e-07,2.83091941204e-08,0.0175976293311,2.53816052301e-07,3.35850683398e-07,1.31191673203e-09,3.35850683398e-07,0.180720784545,0.72872515813,0.0729547998427
599,0.0326450779442,0.0202197962204,0.0836537095283,0.103630345453,0.0343571979404,0.0421740976728,0.106697166739,0.178331569052,0.157071421034,0.128107321227,0.0408101611523,0.0723021360366,17,1,8,20,5.87150679428e-06,2.29355734152e-08,5.87150679428e-06,7.89978816135e-06,0.0023907920504,0.00141492949396,5.87150679428e-06,2.29355734152e-08,5.87150679428e-06,0.0200512265883,0.887283120521,0.0888284996603
600,0.0465768056393,0.127047264143,0.0146778450732,0.00866364434962,0.179327942488,0.239076008203,0.100260202321,0.04086982664,0.00602172479495,0.101671098521,0.0488299078742,0.0869777299522,17,1,8,20,4.02714966947e-07,1.57310533964e-09,4.02714966947e-07,0.0254165441115,0.00270965038224,7.31157234341e-08,4.02714966947e-07,1.57310533964e-09,4.02714966947e-07,0.165296617494,0.733175194895,0.0734003059953
601,0.231200236456,0.0348814972723,0.00460559950745,0.0285246140559,0.22875525425,0.0495605293007,0.123348624064,0.0353594369789,0.03156880499,0.0143859041784,0.215611351859,0.00219814708764,17,1,8,20,5.49357936133e-12,2.14592943802e-14,5.49357936133e-12,0.0446032963146,0.00233646170153,1.09435235591e-05,5.49357936133e-12,2.14592943802e-14,5.49357936133e-12,0.175321342352,0.70695284589,0.0707751101972
602,0.00265319353454,0.00478253176351,0.171110756846,0.00419628508272,0.0850530217437,0.0114602466583,0.0949219805599,0.0303437171091,0.0918217513971,0.141820737535,0.326442910672,0.0353928670979,17,1,8,20,2.34012649599e-09,9.14111912495e-12,2.34012649599e-09,0.0248586742612,2.92052858545e-06,2.17179737243e-09,2.34012649599e-09,9.14111912495e-12,2.34012649599e-09,0.179384815091,0.723338093472,0.0724154850963
603,0.00998206570216,0.281263317618,0.0140296181594,0.0370562756287,0.0770471486444,0.00730359377199,0.139376843328,0.166121888605,0.0652699274292,0.0561392940245,0.0288417504337,0.117568276656,17,1,8,20,0.000259184048067,1.01243768776e-06,0.000259184048067,0.000483572352051,0.000421762750506,0.000128935276493,0.000259184048067,1.01243768776e-06,0.000259184048067,0.183576962913,0.740242201057,0.0741078045828
604,0.107964350029,0.0378141616295,0.00127016070428,0.142845267162,0.0334588964256,0.0220896865369,0.123093008621,0.198036452947,0.0382878319799,0.153675999617,0.0595037781178,0.08196040623,17,1,8,20,1.14229528158e-11,4.46209094369e-14,1.14229528158e-11,6.67962920784e-09,0.00239685115504,7.07631530061e-09,1.14229528158e-11,4.46209094369e-14,1.14229528158e-11,0.183517391047,0.740001987857,0.0740837561391
605,0.0326251689002,0.0610803633202,0.0510252664706,0.00968083800694,0.0482078417853,0.00634265203528,0.202589252541,0.0279466461376,0.0121073144618,0.0565408129579,0.204773754278,0.287080089105,17,1,8,20,4.1906175855e-07,1.63695999434e-09,4.1906175855e-07,6.56986983008e-10,1.31692417373e-09,2.38675072197e-05,4.1906175855e-07,1.63695999434e-09,4.1906175855e-07,0.183953614168,0.7417609826,0.0742598542303
606,0.122165046005,0.0918669453279,0.127396005195,0.0759857090216,0.112942760958,0.033860807462,0.0530874874127,0.0428000949597,0.118052639843,0.00696169761103,0.133515412775,0.0813653934292,17,1,8,20,6.68888433432e-06,2.61284544309e-08,6.68888433432e-06,0.0276861971656,0.00119347714495,0.000160217658419,6.68888433432e-06,2.61284544309e-08,6.68888433432e-06,0.178611253182,0.72021883956,0.0721032074944
607,0.0527259941189,0.0583848283732,0.103738322581,0.0368697524978,0.0782780622608,0.0739159507029,0.102646013449,0.0674425650627,0.0237471677463,0.0702672340462,0.203025195786,0.128958913376,17,1,8,20,3.60608469107e-07,1.40862683245e-09,3.60608469107e-07,5.81377698236e-07,0.000576202256234,1.45356289751e-07,3.60608469107e-07,1.40862683245e-09,3.60608469107e-07,0.183851779216,0.741351033511,0.074218813032
608,0.512884265631,0.0233637776732,0.0197659212152,0.0203557396633,0.00756264333477,0.00906740677936,0.0275697951677,0.118861300496,0.0918947852329,0.00908982050256,0.155570104789,0.00401443951409,17,1,8,20,4.19523067462e-07,1.63876198227e-09,4.19523067462e-07,0.0259746827146,0.00710648923275,4.38107241578e-05,4.19523067462e-07,1.63876198227e-09,4.19523067462e-07,0.0194615292488,0.861195058942,0.0862167477679
609,0.0707591683337,0.140927002216,0.0635340694967,0.0200988006635,0.0366635524545,0.106410851718,0.0653223891473,0.000878096735212,0.140646545129,0.0908922030669,0.0359366902111,0.227930630828,17,1,8,20,1.99947059748e-06,7.8104320214e-09,1.99947059748e-06,5.61551774544e-09,0.000620085779039,1.9727290398e-06,1.99947059748e-06,7.8104320214e-09,1.99947059748e-06,0.183842406266,0.741312555247,0.0742149608608
610,0.203565934346,0.188532146326,0.0786052141369,0.231890609737,0.0187092336648,0.063468369372,0.013482595437,0.0366483409267,0.0560313618379,0.0511612294994,0.0546739136741,0.00323105104227,17,1,8,20,3.78892719776e-06,1.48004968662e-08,3.78892719776e-06,0.133630816393,0.00600362847635,1.0741162394e-05,3.78892719776e-06,1.48004968662e-08,3.78892719776e-06,0.1582666278,0.638182673125,0.063890327734
611,0.0597786640852,0.0464656067737,0.00428512744607,0.058049823606,0.0135966102752,0.0396273118342,0.038927859518,0.0312606874185,0.102937043604,0.187015665216,0.268317318638,0.149738281585,17,1,8,20,2.41094790846e-07,9.41776526743e-10,2.41094790846e-07,0.00659251958548,0.000186700590987,4.66403673843e-05,2.41094790846e-07,9.41776526743e-10,2.41094790846e-07,0.182702462733,0.736715931048,0.0737547794129
612,0.00895578874332,0.288841448427,0.011393662786,0.0377318093242,0.0335918641729,0.0547333841894,0.272025856536,0.009107647552,0.0783486629191,0.00291683122446,0.148877301042,0.0534757430843,17,1,8,20,1.26626148799e-07,4.94633393747e-10,1.26626148799e-07,0.0142280619065,0.00457174717314,4.23826440884e-08,1.26626148799e-07,4.94633393747e-10,1.26626148799e-07,0.180499831942,0.727834205158,0.0728656039435
613,0.0684794890936,0.184388875917,0.027153137144,0.0514596779888,0.0572190279251,0.300977752946,0.0200922994297,0.0523166794895,0.206035373541,0.0130509613247,0.0140818510097,0.00474487419095,17,1,8,20,0.000182161622545,7.11568838068e-07,0.000182161622545,0.453175217726,0.000103660180333,0.000217709016298,0.000182161622545,7.11568838068e-07,0.000182161622545,0.100399544242,0.404843714785,0.0405300844224
614,0.0328431552909,0.0598610898414,0.0317823593182,0.0895409841161,0.0989182478747,0.00998484374894,0.0069028962088,0.227932734798,0.0721635062669,0.28434302825,0.0790219976245,0.00670515666085,17,1,8,20,5.21304561393e-05,2.03634594294e-07,5.21304561393e-05,0.000123106535747,7.22419705493e-05,0.000899060831191,5.21304561393e-05,2.03634594294e-07,5.21304561393e-05,0.183718554343,0.740813143892,0.0741649633342
615,0.197295581072,0.0460399739445,0.0818662319946,0.0652448541902,0.15410345743,0.0551040011017,0.044388220004,0.116976159103,0.150567459401,0.0198527952895,0.0609542618631,0.00760700460617,17,1,8,20,1.81546449542e-05,7.09165818524e-08,1.81546449542e-05,0.144887356091,1.00731909925e-05,0.0113839431743,1.81546449542e-05,7.09165818524e-08,1.81546449542e-05,0.15519567157,0.625799575798,0.0626506197633
616,0.0540131668728,0.115799479016,0.00185461338387,0.0790991300483,0.150560144065,0.161821960606,0.00529607457379,0.139621729059,0.150952431581,0.00105603602921,0.0416222781647,0.0983029566007,17,1,8,20,1.78857902402e-05,6.98663681259e-08,1.78857902402e-05,0.0295269345976,0.00640952040563,0.00309421048944,1.78857902402e-05,6.98663681259e-08,1.78857902402e-05,0.17676511219,0.712774596775,0.0713579426489
617,0.0634249542913,0.00243985830336,0.0620740860103,0.0799440949771,0.0524077674185,0.335792410874,0.0444287744304,0.036546792855,0.0161369029283,0.137487691853,0.0466582136388,0.122658452419,17,1,8,20,1.70000406878e-05,6.64064089366e-08,1.70000406878e-05,0.0176852416363,5.56505225837e-05,0.00147977880289,1.70000406878e-05,6.64064089366e-08,1.70000406878e-05,0.0197401670807,0.873520359451,0.0874506695306
618,0.0140117690166,0.0860812313138,0.00930407954321,0.10878117532,0.0374572537889,0.0464495702812,0.0623531271357,0.0707769035352,0.184898779255,0.0310455631807,0.0600189397476,0.288821607882,17,1,8,20,2.57322114024e-06,1.00516450791e-08,2.57322114024e-06,5.34693086315e-09,7.27046434927e-07,0.000137728511817,2.57322114024e-06,1.00516450791e-08,2.57322114024e-06,0.183930946089,0.741669576699,0.0742507033191
619,0.224023401903,0.0333495803766,0.0776111056453,0.0131660528123,0.183701157291,0.0269600082071,0.00564080227637,0.127177263171,0.0445326665951,0.0761100069861,0.0633029354299,0.124425019306,17,1,8,20,4.36481127157e-08,1.70500440296e-10,4.36481127157e-08,5.26587289607e-08,0.00308414162432,1.47426378057e-07,4.36481127157e-08,1.70500440296e-10,4.36481127157e-08,0.183390891802,0.739491901635,0.0740326899204
620,0.128171009985,0.0768324690916,0.0464079383922,0.230344585156,0.0234375204685,0.153090073837,0.0309841607115,0.0142284330801,0.0444053102318,0.100865108191,0.0417451520225,0.109488238833,17,1,8,20,8.78545526208e-06,3.43181846175e-08,8.78545526208e-06,0.0283757633552,0.000638127942046,0.00692946157989,8.78545526208e-06,3.43181846175e-08,8.78545526208e-06,0.177339758422,0.715091757845,0.0715899203983
621,0.138681982544,0.116445796381,0.0311646000465,0.0756964797834,0.101274347647,0.029659771544,0.00748959612879,0.0579727399294,0.0509173198885,0.0324816475501,0.0409002672787,0.317315451278,17,1,8,20,1.25457746923e-06,4.90069323917e-09,1.25457746923e-06,1.55640917328e-06,1.20980276272e-06,0.00097219455495,1.25457746923e-06,4.90069323917e-09,1.25457746923e-06,0.183778037182,0.741052998102,0.0741889758384
622,0.00625969968154,0.0533924004867,0.117556094855,0.000545437358323,0.152819862513,0.0189327119103,0.0988854611098,0.104295211982,0.0107941745111,0.244170828788,0.00855103439542,0.18379708241,17,1,8,20,3.07245504006e-06,1.20017775003e-08,3.07245504006e-06,0.000119772102588,0.00041754518932,0.000179392408463,3.07245504006e-06,1.20017775003e-08,3.07245504006e-06,0.0201138314004,0.890051495342,0.0891056497336
623,0.0649445333888,0.0103145152066,0.162421624092,0.12389969966,0.115687754427,0.00207047399182,0.0486591427004,0.0878755518298,0.138973704364,0.0309378972368,0.103004915279,0.111210187823,17,1,8,20,4.17265305458e-06,1.62994259945e-08,4.17265305458e-06,2.80883302966e-06,0.00135412971571,0.00125482711012,4.17265305458e-06,1.62994259945e-08,4.17265305458e-06,0.183474781902,0.739830173886,0.0740665553416
624,0.0970098151462,0.0225148587033,0.609699630712,0.0027856305395,0.104319341197,0.0307690651847,0.0431933887777,0.0400492559887,0.0154493894466,0.0204200677621,0.00439495578772,0.00939460075448,17,1,8,20,0.00331287824033,1.29409306263e-05,0.00331287824033,0.00152999322147,0.234221781797,4.17350288243e-06,0.00331287824033,1.29409306263e-05,0.00331287824033,0.138146560242,0.557051997151,0.0557680992631
625,0.0692813224155,0.0465282215452,0.0360019216007,0.0310133346345,0.118165463408,0.03415723959,0.0868745911947,0.00955432524736,0.201066829337,0.189764062852,0.142063240839,0.0355294473358,17,1,8,20,7.69670542705e-06,3.00652555744e-08,7.69670542705e-06,0.012683211536,1.33571777547e-05,7.59424085949e-06,7.69670542705e-06,3.00652555744e-08,7.69670542705e-06,0.181615603329,0.732333359377,0.0733160273875
626,0.0415748269638,0.0533490659024,0.226912670062,0.116790702096,0.1013408014,0.160200981893,0.088582343674,0.0576765777767,0.0224030006003,0.0570836094347,0.00961007214515,0.0644753480522,17,1,8,20,3.69995099546e-05,1.4452933576e-07,3.69995099546e-05,0.120631220369,0.00693680279428,5.13222668636e-05,3.69995099546e-05,1.4452933576e-07,3.69995099546e-05,0.160454395984,0.647004468139,0.0647735033487
627,0.0718180278928,0.00622274651543,0.104086025005,0.179609201622,0.00620604013816,0.0304337191651,0.0316905229888,0.0253962574422,0.404279428875,0.0857362732149,0.0171530345229,0.0373687226167,17,1,8,20,1.25156789832e-06,4.88893710282e-09,1.25156789832e-06,5.11941763419e-05,1.44925291334e-06,0.0124118217134,1.25156789832e-06,4.88893710282e-09,1.25156789832e-06,0.181664449544,0.732530323249,0.073335746015
628,0.0736102550634,0.0190359199037,0.31507037395,0.0761974643528,0.0346690250208,0.0837659595783,0.131085535653,0.0555713400488,0.0481419240862,0.0304793382133,0.118571096815,0.013801767315,17,1,8,20,7.9147577808e-05,3.09170225813e-07,7.9147577808e-05,6.03540943924e-05,0.00649937134421,0.000118395911778,7.9147577808e-05,3.09170225813e-07,7.9147577808e-05,0.168890882656,0.749117455196,0.0749963321463
629,0.262806894297,0.0437228972207,0.0338403718543,0.300541520862,0.0273856978354,0.0730165980522,0.0606260797102,0.0492313410518,0.0705017323894,0.0741381923285,0.00253516354917,0.00165351085023,17,1,8,20,9.43085170861e-07,3.68392644868e-09,9.43085170861e-07,1.05601679583e-06,0.0287091538267,0.00467510777413,9.43085170861e-07,3.68392644868e-09,9.43085170861e-07,0.177816112224,0.71701257177,0.0717822186796
630,0.121275366167,0.0175984663549,0.230652420337,0.0759895435331,0.115053490226,0.0439694721129,0.114805787119,0.000352280913423,0.0503401125529,0.0345972396581,0.0746040947663,0.120761726259,17,1,8,20,5.13220535733e-05,2.00476771771e-07,5.13220535733e-05,0.0860619443563,0.000555534441848,0.000221744433047,5.13220535733e-05,2.00476771771e-07,5.13220535733e-05,0.167945678932,0.677211764797,0.0677976438725
631,0.143599436198,0.0568009436416,0.0669829392632,0.102928441902,0.0585096453932,0.0495187084255,0.205264891094,0.0391448796027,0.0867704031531,0.144753842334,0.017237404,0.0284884649923,17,1,8,20,6.01058239844e-08,2.34788374939e-10,6.01058239844e-08,4.24180773959e-07,0.00192058848135,0.00036586497317,6.01058239844e-08,2.34788374939e-10,6.01058239844e-08,0.169691630994,0.75266932981,0.0753519206678
632,0.0112624271174,0.105529998438,0.188564239534,0.0613190662776,0.0615664699671,0.152654035762,0.215475508795,0.0117470050587,0.0105918585893,0.0506091396405,0.111377505469,0.0193027453524,17,1,8,20,0.00021598366736,8.43686200625e-07,0.00021598366736,0.0033222310181,0.00140209393374,0.00422678731262,0.00021598366736,8.43686200625e-07,0.00021598366736,0.182152444389,0.73449807766,0.0735327436451
633,0.00804318182641,0.222000906972,0.0511580198839,0.104223185773,0.0565118519269,0.0428580385727,0.0453336730061,0.0478263718189,0.00176403575608,0.112177218469,0.10853278821,0.199570727786,17,1,8,20,4.26433919036e-07,1.66575749623e-09,4.26433919036e-07,0.00163552678453,0.00037954595747,0.000996419871702,4.26433919036e-07,1.66575749623e-09,4.26433919036e-07,0.183404010782,0.739544801643,0.0740379858944
634,0.0732995012691,0.0916634708949,0.0162270254534,0.1372931703,0.0951290810131,0.23731075813,0.0310060805324,0.0312842428472,0.11225013525,0.0385219353356,0.0254554610589,0.110559137916,17,1,8,20,0.000161421931703,6.30554420716e-07,0.000161421931703,0.000212411793667,0.000212033740899,8.6888506718e-05,0.000161421931703,6.30554420716e-07,0.000161421931703,0.183745238518,0.740920743191,0.0741757354138
635,0.024015108566,0.03045767735,0.11786770946,0.000489566937724,0.0365928513291,0.134725551741,0.138479203871,0.0504737040425,0.170990883032,0.0789525122776,0.160143864166,0.0568113672275,17,1,8,20,2.51389495737e-05,9.81990217724e-08,2.51389495737e-05,6.27798664389e-09,1.80610205251e-05,0.00148087737076,2.51389495737e-05,9.81990217724e-08,2.51389495737e-05,0.183664035251,0.74059331251,0.0741429553738
636,0.0104992123072,0.0349462373646,0.0645479268348,0.0309852968585,0.0170187064846,0.11720681195,0.13624813472,0.0383995125247,0.0484936447742,0.269923816869,0.227971407289,0.00375929202397,17,1,8,20,1.83550816885e-06,7.16995378459e-09,1.83550816885e-06,1.30391852662e-07,1.89428258809e-05,0.00019412982149,1.83550816885e-06,7.16995378459e-09,1.83550816885e-06,0.183917709746,0.741616355638,0.0742453752036
637,0.18435128294,0.0715278680307,0.0290820303545,0.0199953725121,0.0943591605426,0.00299488560278,0.314579818594,0.00244769101869,0.0841261920859,0.0261665137682,0.0304065057534,0.139962678797,17,1,8,20,4.50829530004e-13,1.76105285158e-15,4.50829530004e-13,0.139986335561,8.18401516385e-07,8.14302999131e-11,4.50829530004e-13,1.76105285158e-15,4.50829530004e-13,0.158206513346,0.637940272325,0.0638660602833
638,0.132586199268,0.0197246406191,0.146657794093,0.0321488488279,0.122040053365,0.237985805111,0.147100711301,0.00049982990565,0.0452482637969,0.0480229456261,0.0614764745342,0.00650843355277,17,1,8,20,8.54165679776e-06,3.33658468663e-08,8.54165679776e-06,0.125051279856,0.00614082725562,0.000511492284054,8.54165679776e-06,3.33658468663e-08,8.54165679776e-06,0.159724044591,0.644059453324,0.0644786693307
639,0.0796686984328,0.0252728490156,0.112652754551,0.0904660567492,0.120642412782,0.112526292038,0.0833248008536,0.213033022571,0.0214167276002,0.0579079031566,0.0134372722042,0.0696512100463,17,1,8,20,0.000224194006142,8.75757836492e-07,0.000224194006142,2.62734926691e-06,0.000449615851737,3.85625390308e-05,0.000224194006142,8.75757836492e-07,0.000224194006142,0.183702734876,0.740749354638,0.0741585772061
640,0.228295919712,0.089932098431,0.0158274573602,0.0262594384896,0.0370387224554,0.0345474350816,0.153473349987,0.0295162027156,0.092388987791,0.000340404831333,0.279697569935,0.0126824132091,17,1,8,20,5.65919641959e-05,2.2106236014e-07,5.65919641959e-05,0.000555877652334,0.00279163302465,1.95356372205e-05,5.65919641959e-05,2.2106236014e-07,5.65919641959e-05,0.183297194538,0.739114083701,0.0739948654657
641,0.00444860520949,0.0213198379002,0.0479494499219,0.0224929910025,0.130232943711,0.119374424947,0.183074811154,0.10370907465,0.248200803434,0.0528227658595,0.0423499327753,0.024024359436,17,1,8,20,9.55552040204e-06,3.73262515705e-08,9.55552040204e-06,9.62436299935e-05,0.013130478689,0.00298799184297,9.55552040204e-06,3.73262515705e-08,9.55552040204e-06,0.180968437797,0.729723776834,0.0730547744722
642,0.0011356514953,0.180801065193,0.024596850662,0.115192089594,0.0442852505618,0.0493719435429,0.0992725011493,0.114604010366,0.0125071351939,0.224789406406,0.0947624222026,0.0386816736332,17,1,8,20,3.81998481033e-05,1.49218156653e-07,3.81998481033e-05,3.92857297678e-05,7.7874611106e-05,0.000221139470834,3.81998481033e-05,1.49218156653e-07,3.81998481033e-05,0.183867917602,0.741415425278,0.0742252594795
643,0.0519658477672,0.0238983107394,0.0154845685436,0.168145558013,0.16931176032,0.177183219655,0.0223677594734,0.107405612547,0.0700534069824,0.0896723988463,0.0332837345178,0.0712278225946,17,1,8,20,4.66074770655e-08,1.82060457287e-10,4.66074770655e-08,2.88016450007e-11,0.00529791562384,4.59627419034e-08,4.66074770655e-08,1.82060457287e-10,4.66074770655e-08,0.182983675834,0.737849874009,0.0738683017482
644,0.0424504011717,0.0520863078481,0.0211347888592,0.0498225485072,0.201506517783,0.0271074021813,0.0595420394483,0.113628505413,0.0982553776127,0.109104414898,0.0827031535054,0.142658542772,17,1,8,20,2.95597944438e-07,1.15467947046e-09,2.95597944438e-07,6.01690327575e-09,1.30023657584e-08,0.00151231561521,2.95597944438e-07,1.15467947046e-09,2.95597944438e-07,0.183679889818,0.740657235914,0.0741493549321
645,0.0594600422218,0.067191146199,0.0336747439967,0.0246729107725,0.0732716267961,0.0806688425681,0.0395167357113,0.288986993791,0.209940627585,0.0247691750281,0.0929772526797,0.00486990265138,17,1,8,20,0.000624389222789,2.43902040152e-06,0.000624389222789,0.00128893061403,0.000340112752434,0.00806044528279,0.000624389222789,2.43902040152e-06,0.000624389222789,0.181715508574,0.732736209916,0.0733563579293
646,0.00472848827223,0.0365844606337,0.00270209996154,0.0272035727343,0.0528825608121,0.364983778402,0.0265501125929,0.13922066807,0.211459994878,0.0209000735867,0.0188033820825,0.0939808079744,17,1,8,20,2.05161116353e-05,8.01410610755e-08,2.05161116353e-05,0.0102128630524,0.0152343986298,0.00384789542389,2.05161116353e-05,8.01410610755e-08,2.05161116353e-05,0.178554100643,0.719988381823,0.0720801356986
647,0.0384125261677,0.0865481886438,0.16162958247,0.0125190574952,0.0500414400082,0.171710485753,0.050748632621,0.0527759536794,0.0242934165131,0.14684554795,0.0718825425305,0.132592626168,17,1,8,20,7.11515201516e-06,2.77935625592e-08,7.11515201516e-06,8.58703324132e-06,4.12418006049e-06,0.000641519097133,7.11515201516e-06,2.77935625592e-08,7.11515201516e-06,0.183832717388,0.741273486529,0.0742110495776
648,0.0317850903664,0.185717559633,0.01282073598,0.0677426195066,0.0267172523067,0.0399124618348,0.00154621222018,0.0293082970373,0.0207439311766,0.0741973082012,0.381487986013,0.128020545724,17,1,8,20,1.11278096915e-06,4.34680066075e-09,1.11278096915e-06,0.00883501452089,0.00102683888991,4.56487089404e-05,1.11278096915e-06,4.34680066075e-09,1.11278096915e-06,0.182134926475,0.734427439714,0.0735256718744
649,0.114556978481,0.150710950865,0.00645982171891,0.0127126586697,0.0181416153297,0.0649335667742,0.00762546286883,0.0792692904402,0.170263463503,0.248864236265,0.0570065140383,0.0694554410458,17,1,8,20,3.75073071344e-05,1.46512918494e-07,3.75073071344e-05,5.5572287e-05,4.2304271045e-05,2.47975419566e-06,3.75073071344e-05,1.46512918494e-07,3.75073071344e-05,0.170038068567,0.754205537926,0.0755057149404
650,0.00163204308622,0.0586796883879,0.0185428653095,0.11646452828,0.0244578954972,0.0833594681499,0.105653961704,0.215059520279,0.0964188764357,0.00388466536292,0.157861117734,0.117985369775,17,1,8,20,4.16549073339e-06,1.62714481773e-08,4.16549073339e-06,0.046882290581,4.64720289725e-06,0.00118916541022,4.16549073339e-06,1.62714481773e-08,4.16549073339e-06,0.0191602795179,0.847864714641,0.0848822081414
651,0.135831425576,0.0429921361963,0.128848092987,0.063240188702,0.00347543588565,0.124635436885,0.0640218528926,0.067938640446,0.157641462532,0.0642692163396,0.119712245155,0.0273938664032,17,1,8,20,4.75644998618e-06,1.85798827585e-08,4.75644998618e-06,0.00822321349807,0.000448807095205,0.00763800831571,4.75644998618e-06,1.85798827585e-08,4.75644998618e-06,0.18095444207,0.729667341496,0.0730491245659
652,0.0344189995317,0.119237896945,0.0235118912233,0.271346415082,0.0413874197606,0.0240681939581,0.177419757408,0.018524647756,0.134399315956,0.00259284401255,0.0352373279594,0.117855290408,17,1,8,20,0.000413645447558,1.61580252953e-06,0.000413645447558,0.00124218605974,0.00234207088672,0.00169581005644,0.000413645447558,1.61580252953e-06,0.000413645447558,0.182682033501,0.736633553722,0.0737465323787
653,0.16713997322,0.0893335793077,0.0461160564277,0.181050255064,0.139235434352,0.0206305475674,0.0381864403986,0.11041176291,0.0356514322394,0.0763954659001,0.0406669083101,0.0551821443027,17,1,8,20,4.26968834368e-09,1.66784700925e-11,4.26968834368e-09,0.121218985343,1.42544562788e-05,2.97449605585e-05,4.26968834368e-09,1.66784700925e-11,4.26968834368e-09,0.161646618289,0.651833434583,0.065256945256
654,0.1275277125,0.0347082538581,0.089378472272,0.135221490174,0.380598115691,0.0620712485442,0.00362710985922,0.00168549574915,0.00846372555796,0.0469391086908,0.0232864762066,0.0864927908962,17,1,8,20,6.63733678855e-05,2.59270968303e-07,6.63733678855e-05,4.95650534635e-06,4.55521819313e-06,7.2232764293e-07,6.63733678855e-05,2.59270968303e-07,6.63733678855e-05,0.183907496523,0.7415750204,0.0742412370124
655,0.0321347435367,0.201990081933,0.0930348790665,0.0787793378405,0.199847847868,0.0862779084785,0.074687645855,0.015130849972,0.0470611244514,0.0640411315844,0.0232456699239,0.0837687794902,17,1,8,20,0.000101263500423,3.95560548527e-07,0.000101263500423,0.0371993233272,0.000114684670312,0.000146241685062,0.000101263500423,3.95560548527e-07,0.000101263500423,0.176992531315,0.713691624875,0.0714497490052
656,0.00841927251518,0.154956719296,0.00494725889539,0.0804747950078,0.0135418042468,0.065339661407,0.348190562231,0.118900406477,0.0536650802662,0.0349471291023,0.0546327930269,0.0619845175287,17,1,8,20,0.000338900686284,1.3238308058e-06,0.000338900686284,0.00115526348928,0.00112497270645,0.0060069618709,0.000338900686284,1.3238308058e-06,0.000338900686284,0.182183953842,0.734625134053,0.0735454636311
657,0.12167993877,0.0441105452495,0.034917121034,0.149890874032,0.276825963849,0.0387616206695,0.0555635134595,0.0629234202969,0.016047288796,0.0421622957206,0.112601348429,0.0445160696935,17,1,8,20,7.31715970077e-06,2.85826550811e-08,7.31715970077e-06,1.71684416383e-08,1.08288408947e-05,0.00365911666748,7.31715970077e-06,2.85826550811e-08,7.31715970077e-06,0.183277799411,0.739035876221,0.073987035887
658,0.00406603275895,0.0292610926146,0.079814518017,0.163483391724,0.0215692694774,0.230916855359,0.0591079389919,0.264497586772,0.0078271861542,0.0521975412142,0.0689200791609,0.0183385077559,17,1,8,20,0.000190827610027,7.45420351668e-07,0.000190827610027,0.00012874589053,0.000369689753597,0.00632180510712,0.000190827610027,7.45420351668e-07,0.000190827610027,0.182562982738,0.736153502208,0.0736984730222
659,0.0735575154857,0.0825317701112,0.120944955968,0.150848573028,0.05956697192,0.0445091348988,0.118463719097,0.187550274956,0.0677984253137,0.0135246174741,0.0290752028725,0.0516288388766,17,1,8,20,5.86382246919e-05,2.29055565203e-07,5.86382246919e-05,1.48880217112e-05,0.022796725225,0.00059813902173,5.86382246919e-05,2.29055565203e-07,5.86382246919e-05,0.179608663489,0.724240723239,0.0725058499934
660,0.00475212594856,0.0704440927896,0.0959916531768,0.112942289426,0.0925038877649,0.152711049236,0.0870966637754,0.299506816264,0.0193297913149,0.0411566254273,0.0232613501295,0.000303654747377,17,1,8,20,4.39078968837e-07,1.71515222202e-09,4.39078968837e-07,0.325781972769,1.21213981508e-06,1.41965829617e-09,4.39078968837e-07,1.71515222202e-09,4.39078968837e-07,0.12402746465,0.500119198451,0.050068390824
661,0.0421226184106,0.0635803535315,0.118403279191,0.0967558707496,0.154711924552,0.0192866459921,0.115385814081,0.031066549999,0.164474819192,0.0147704904325,0.0767234828149,0.102718151054,17,1,8,20,5.24563206101e-05,2.04907502383e-07,5.24563206101e-05,1.3236352636e-08,5.85835016337e-05,1.71403000664e-07,5.24563206101e-05,2.04907502383e-07,5.24563206101e-05,0.183908828902,0.741580392983,0.0742417748773
662,0.352844106349,0.0587873654805,0.0560097177505,0.0101770347301,0.00980784819816,0.0156660289804,0.00139433149648,0.101298710549,0.0245625748101,0.0276740954096,0.183159656893,0.158618529353,17,1,8,20,1.97147623972e-07,7.70107906141e-10,1.97147623972e-07,0.000313550033564,1.37241321149e-05,0.00122877108907,1.97147623972e-07,7.70107906141e-10,1.97147623972e-07,0.183671921471,0.740625104937,0.0741461382064
663,0.0711814564109,0.0137501385422,0.0860381865466,0.0772479227833,0.0182544926217,0.102560036125,0.0956432575015,0.164727467607,0.0266935983682,0.14960973328,0.189515761121,0.00477794909202,17,1,8,20,1.53157789887e-05,5.98272616746e-08,1.53157789887e-05,0.000191332186103,0.00140767495494,9.77296366416e-07,1.53157789887e-05,5.98272616746e-08,1.53157789887e-05,0.183652691973,0.740547565329,0.0741383754902
664,0.0967466956258,0.024629342484,0.103115008662,0.206155690298,0.0510254703884,0.110324573985,0.0470160738511,0.0795845756896,0.0994558097643,0.052012096457,0.00214190655341,0.127792756242,17,1,8,20,1.03523243839e-07,4.04387671245e-10,1.03523243839e-07,0.126348080708,4.44655401999e-06,1.82436677008e-07,1.03523243839e-07,4.04387671245e-10,1.03523243839e-07,0.160714606478,0.648053721736,0.0648785471849
665,0.0404758492056,0.412788444867,0.00353243845012,0.084787925148,0.0198616904251,0.116348925662,0.031360439496,0.0328574313278,0.0981103023977,0.0285570174378,0.031107987728,0.100211547855,17,1,8,20,2.28395683515e-05,8.9217063873e-08,2.28395683515e-05,0.000128325482604,0.00672053890319,3.47956919129e-09,2.28395683515e-05,8.9217063873e-08,2.28395683515e-05,0.182681569158,0.73663168134,0.0737463449291
666,0.111582875057,0.0538840744296,0.113859700213,0.0890406846128,0.00409149514631,0.0498516775008,0.0628891987392,0.010596392705,0.00146106572438,0.0265982668313,0.235035574292,0.241108994748,17,1,8,20,2.64119610769e-08,1.03171722957e-10,2.64119610769e-08,1.66476489691e-11,0.000363532862064,1.16709004654e-08,2.64119610769e-08,1.03171722957e-10,2.64119610769e-08,0.183891417769,0.741510185615,0.074234746213
667,0.133608408364,0.140605278452,0.0955721711675,0.0394692182586,0.00624223896635,0.146697226704,0.117856528822,0.0687792523492,0.155748380371,0.0338990724031,0.0560768719624,0.00544535217984,17,1,8,20,0.000246960580785,9.64689768691e-07,0.000246960580785,2.19285913918e-07,1.59404979701e-06,0.000211306866133,0.000246960580785,9.64689768691e-07,0.000246960580785,0.183736966958,0.74088771252,0.074172428617
668,0.284451324816,0.0231092327918,0.0143325971531,0.0407543430427,0.126388472467,0.0307903604059,0.106322519735,0.149348794123,0.0286007708202,0.00643331360118,0.06027017678,0.129198094265,17,1,8,20,6.02244474827e-05,2.35251747979e-07,6.02244474827e-05,0.00206152814623,6.8177142041e-05,0.00238955713643,6.02244474827e-05,2.35251747979e-07,6.02244474827e-05,0.183082556682,0.738248593846,0.0739082187535
669,0.0617988209022,0.0106409588561,0.0436168225818,0.286226060174,0.0262889708209,0.0227865040951,0.152010658306,0.0316115069227,0.0617798243781,0.116320089227,0.0390728088394,0.147846974896,17,1,8,20,1.19719796885e-05,4.67655456581e-08,1.19719796885e-05,4.94192633394e-09,0.000981564118226,0.000888542520766,1.19719796885e-05,4.67655456581e-08,1.19719796885e-05,0.183605465123,0.740357131265,0.0741193105809
670,0.294779758431,0.0669467951654,0.0243703210141,0.0756322007248,0.182532031166,0.000371749434626,0.0837688031526,0.0200425704052,0.0669199532597,0.0914984548308,0.0865554369868,0.00658192542921,17,1,8,20,6.57911780988e-06,2.56996789448e-08,6.57911780988e-06,0.0348037265286,9.20810544956e-07,0.00211020754419,6.57911780988e-06,2.56996789448e-08,6.57911780988e-06,0.163797620585,0.726526473542,0.0727346831194
671,0.00849688836391,0.0504136495986,0.0959134810527,0.204296043991,0.143613464504,0.0500411721127,0.0804874343617,0.101762789704,0.050491677604,0.00500983841327,0.0390534657385,0.170420094556,17,1,8,20,7.5582831907e-06,2.95245437137e-08,7.5582831907e-06,0.000522919857094,0.00676336767422,0.00041317063357,7.5582831907e-06,2.95245437137e-08,7.5582831907e-06,0.18253636244,0.736046160484,0.0736877267293
672,0.127525088578,0.0541880144764,0.0682065771628,0.0137609400283,0.0842485410703,0.07490274594,0.235312350621,0.026565390848,0.0827328587778,0.0796315636317,0.0691095619315,0.0838163669332,17,1,8,20,1.53608426546e-05,6.00032916196e-08,1.53608426546e-05,9.03453865374e-06,0.000107618107207,0.00284558913639,1.53608426546e-05,6.00032916196e-08,1.53608426546e-05,0.183402060184,0.739536936195,0.0740371984615
673,0.0706339735809,0.00190183339842,0.0896103002727,0.233117283389,0.015246074316,0.218014257997,0.0420018819407,0.112397559732,0.068215998612,0.0140563691324,0.0356754298311,0.0991290377975,17,1,8,20,4.94739927491e-05,1.93257784176e-07,4.94739927491e-05,0.00463831199989,0.00437237311323,0.00756952468649,4.94739927491e-05,1.93257784176e-07,4.94739927491e-05,0.180871771127,0.729333985283,0.0730157513038
674,0.0254818883538,0.310079979797,0.11951849356,0.0226344659727,0.111274323608,0.0198316784558,0.121103248752,0.0134514185929,0.069749328514,0.0710363121903,0.0834005206105,0.0324383415931,17,1,8,20,4.34471527799e-05,1.69715440546e-07,4.34471527799e-05,1.33690885817e-09,6.83864176025e-07,1.98304411461e-05,4.34471527799e-05,1.69715440546e-07,4.34471527799e-05,0.18392250796,0.741635551408,0.0742472969481
675,0.0307057532616,0.11871540835,0.229461258321,0.0904885137786,0.00778601181598,0.0442395068017,0.020859109167,0.107290538048,0.0950543762017,0.0634637487345,0.0328249426013,0.159110832918,17,1,8,20,5.79564707268e-09,2.26392463777e-11,5.79564707268e-09,6.37614456979e-10,0.000158313920944,7.89648429416e-09,5.79564707268e-09,2.26392463777e-11,5.79564707268e-09,0.183929182723,0.74166247886,0.0742499927338
676,0.115079511314,0.243489734544,0.0929615647882,0.11908663516,0.0557384776774,0.0370155930288,0.0100839215698,0.0886543846723,0.075953989179,0.0955212025716,0.0463716703311,0.0200433151641,17,1,8,20,8.59951027048e-08,3.35918369941e-10,8.59951027048e-08,0.112536282688,1.32902447486e-05,0.00295402134858,8.59951027048e-08,3.35918369941e-10,8.59951027048e-08,0.0178031503377,0.787821776183,0.078871134545
677,0.0273161069273,0.00703860953056,0.0806241972392,0.0156827181559,0.00613275191938,0.0044665674789,0.383030917749,0.0780947646517,0.102000648934,0.13064640281,0.123348381423,0.0416179331808,17,1,8,20,4.01818087395e-06,1.56960190389e-08,4.01818087395e-06,1.56558834559e-08,1.03964746036e-08,2.80965674333e-05,4.01818087395e-06,1.56960190389e-08,4.01818087395e-06,0.183950178408,0.741747127682,0.0742584671741
678,0.028774465418,0.0530062007633,0.275228739004,0.0657628188793,0.188993191805,0.081973796288,0.0315306316222,0.081141354165,0.036376028819,0.080683216328,0.000918395537815,0.0756111613701,17,1,8,20,3.51425928024e-05,1.37275753135e-07,3.51425928024e-05,1.87791175746e-06,0.00402879583406,1.41562657683e-06,3.51425928024e-05,1.37275753135e-07,3.51425928024e-05,0.183190668325,0.73868453526,0.0739518621192
679,0.0541105265259,0.0832415224652,0.0631422476963,0.241473406215,0.0730036360265,0.0304718044175,0.10138779954,0.0676220739613,0.101793732658,0.0290964530752,0.0723981981776,0.0822585992416,17,1,8,20,5.6596517629e-06,2.21080146988e-08,5.6596517629e-06,1.7815383351e-09,0.00402284216164,5.94133820818e-07,5.6596517629e-06,2.21080146988e-08,5.6596517629e-06,0.183213996704,0.738778602892,0.073961279504
680,0.110784884993,0.153440030691,0.00584363391707,0.0246994977936,0.0254456284473,0.202626741639,0.247334774873,0.0685732212184,0.00109595117683,0.0146026690023,0.0897820231605,0.0557709430891,17,1,8,20,3.145250391e-05,1.22861343399e-07,3.145250391e-05,0.000627199772058,1.46882285542e-05,6.72350247647e-05,3.145250391e-05,1.22861343399e-07,3.145250391e-05,0.183802302034,0.741162573456,0.0741999457465
681,0.163419795839,0.00193624298785,0.206431586783,0.0442449978799,0.081203250057,0.101063721824,0.217579126693,0.040762567437,0.0165632599534,0.0947061233554,0.027650158106,0.00443916908358,17,1,8,20,8.95940403755e-05,3.49976720217e-07,8.95940403755e-05,0.0260766081197,0.0113660281226,6.57900589593e-05,8.95940403755e-05,3.49976720217e-07,8.95940403755e-05,0.149362955687,0.738805563307,0.0739639785897
682,0.0324512768912,0.0431740830297,0.114503905692,0.0524755060629,0.198507366541,0.188275420226,0.159673435409,0.0527966077968,0.0266383949611,0.00359388576153,0.0842017813689,0.0437083362601,17,1,8,20,0.000555173372918,2.16864598796e-06,0.000555173372918,0.015475826411,0.0013228633929,1.69489589547e-07,0.000555173372918,2.16864598796e-06,0.000555173372918,0.180458711534,0.727668394258,0.0728490041309
683,0.0192335562891,0.145699590282,0.0197111730619,0.153781120859,0.0287985880338,0.0757527403142,0.12274476619,0.0922795907502,0.249720524667,0.00453264235691,0.0363019910309,0.051443716165,17,1,8,20,0.00185687191834,7.25340593102e-06,0.00185687191834,0.00471433344444,0.00339884132714,0.0025596658977,0.00185687191834,7.25340593102e-06,0.00185687191834,0.16699957304,0.740729047597,0.074156544209
684,0.0530019971349,0.185898430249,0.129722193562,0.0357797820573,0.0541073687374,0.163848689616,0.00336437540865,0.0980098880983,0.032133023189,0.0505487421709,0.145684056565,0.0479014532111,17,1,8,20,6.50088488717e-06,2.53940815905e-08,6.50088488717e-06,1.07521958076e-07,6.47802360454e-08,0.00209760913982,6.50088488717e-06,2.53940815905e-08,6.50088488717e-06,0.183567617036,0.74020451543,0.0741040317647
685,0.103095458754,0.00628311836915,0.372070324824,0.0328832462689,0.0273579365402,0.137668901161,0.0458366522263,0.03323070239,0.00229091806524,0.110978679363,0.0241289021673,0.104175159871,17,1,8,20,4.96463526825e-06,1.93931065166e-08,4.96463526825e-06,0.0125646119145,0.000312975219105,0.00187824076612,4.96463526825e-06,1.93931065166e-08,4.96463526825e-06,0.181240196773,0.730819597705,0.073164480294
686,0.05405730928,0.242833399035,0.0112689905064,0.0552401884998,0.0348734655666,0.290573966889,0.011918458034,0.0123979884334,0.0258519616828,0.0776823470341,0.0552603280334,0.128041597005,17,1,8,20,1.909436728e-09,7.45873721874e-12,1.909436728e-09,0.0908769634779,1.36098622566e-08,1.73930997269e-05,1.909436728e-09,7.45873721874e-12,1.909436728e-09,0.167237537758,0.674356308575,0.0675117758264
687,0.0727888453199,0.00556484467825,0.0814980022563,0.124480589343,0.00750377632784,0.0896255728827,0.123301625093,0.0283473141896,0.041080464229,0.0134650440847,0.211617224523,0.200726697072,17,1,8,20,3.9367392027e-06,1.53778875106e-08,3.9367392027e-06,0.0342380046548,0.000624041498927,0.00177044916849,3.9367392027e-06,1.53778875106e-08,3.9367392027e-06,0.177216559755,0.714594980627,0.0715401865829
688,0.101943312904,0.00119332569851,0.0873151532514,0.0878518477638,0.055610979348,0.0487185911816,0.390169692932,0.00147283042265,0.0846277262862,0.0450933698292,0.076775535217,0.0192276351656,17,1,8,20,4.57207410554e-06,1.78596644748e-08,4.57207410554e-06,6.59487269092e-06,0.011012931906,1.0980343947e-05,4.57207410554e-06,1.78596644748e-08,4.57207410554e-06,0.181925789933,0.733584132953,0.0734412459763
689,0.052346717796,0.174613497491,0.10658408614,0.112546207492,0.0880972718729,0.101406701297,0.00117334843048,0.00180961231911,0.161219293922,0.0302753516672,0.0787542210188,0.0911736905541,17,1,8,20,2.72238265493e-08,1.06343072458e-10,2.72238265493e-08,2.74209771773e-11,0.00258657902528,0.00285253876304,2.72238265493e-08,1.06343072458e-10,2.72238265493e-08,0.182957723268,0.737745224798,0.0738578250106
690,0.0598924433389,0.0635703695389,0.0988320187149,0.115913210719,0.103153764747,0.0965647870373,0.100195397561,0.0610980708113,0.0213511095646,0.012014952862,0.245642083627,0.0217717914781,17,1,8,20,1.80795835021e-06,7.06233730551e-09,1.80795835021e-06,1.69311291222e-13,1.014251293e-08,0.00109048851934,1.80795835021e-06,7.06233730551e-09,1.80795835021e-06,0.183756375034,0.740965649255,0.0741802310907
691,0.0149302820989,0.00343267230033,0.142742426133,0.0398149262518,0.174193054394,0.0398898684502,0.0226804798888,0.0150224357227,0.199860461302,0.126943204472,0.131923268723,0.0885669202629,17,1,8,20,5.25566826131e-09,2.05299541457e-11,5.25566826131e-09,3.30769830533e-05,0.00138038441465,0.000361666407261,5.25566826131e-09,2.05299541457e-11,5.25566826131e-09,0.0200927597214,0.88911972402,0.0890123673903
692,0.0299088495191,0.00690518093344,0.072469504608,0.516151322227,0.00900950533027,0.0253511710619,0.00352133551761,0.104844461379,0.0746990212542,0.121991568135,0.0106978083577,0.0244502716775,17,1,8,20,4.99437790499e-05,1.95092886914e-07,4.99437790499e-05,4.34974763105e-06,0.00128324325623,0.00738996507087,4.99437790499e-05,1.95092886914e-07,4.99437790499e-05,0.182325183257,0.735194617125,0.0736024762414
693,0.0642400938525,0.34427437011,0.108137435628,0.0162855124458,0.0554356154286,0.0185440490636,0.0312678003024,0.141545666044,0.0313212835975,0.000263493586251,0.0554677197596,0.133216960183,17,1,8,20,3.63629194309e-05,1.42042654027e-07,3.63629194309e-05,0.0306834509883,0.000718140131091,0.000286679170366,3.63629194309e-05,1.42042654027e-07,3.63629194309e-05,0.178102184193,0.718166107272,0.0718977024813
694,0.0515470533755,0.068237270166,0.0322394415387,0.13107183965,0.0130882229465,0.0598746492638,0.0957788105614,0.175130665183,0.0119176221204,0.100697787963,0.0252683507546,0.235148286478,17,1,8,20,1.03843762844e-05,4.05639698608e-08,1.03843762844e-05,0.0232852744245,0.000527357130896,0.00041225007066,1.03843762844e-05,4.05639698608e-08,1.03843762844e-05,0.179494289803,0.723779531222,0.0724596787162
695,0.0540434371949,0.0287263281981,0.138331654836,0.104836585541,0.231247744479,0.0538104723829,0.0551974267193,0.0249330473119,0.0523630852017,0.159845329555,0.02905195308,0.0676129354999,17,1,8,20,2.09130385561e-08,8.16915568596e-11,2.09130385561e-08,0.0963209943221,1.36508544944e-07,1.80936992759e-07,2.09130385561e-08,8.16915568596e-11,2.09130385561e-08,0.166239192683,0.670330655747,0.0671087559869
696,0.0315809403551,0.0629004439923,0.043814470423,0.197253054359,0.0257399016816,0.0744195682883,0.0334423396011,0.0724639922778,0.172805533708,0.0883436925069,0.0213649246069,0.1758711382,17,1,8,20,6.47929718917e-05,2.53097546452e-07,6.47929718917e-05,5.41891875099e-05,0.000720677403863,5.71776942413e-05,6.47929718917e-05,2.53097546452e-07,6.47929718917e-05,0.183757482877,0.740970116441,0.0741806783137
697,0.119729913154,0.032932118705,0.0753049772334,0.0530053023454,0.0632164706402,0.0124289138687,0.00787933594717,0.00444555847038,0.066521618679,0.0397193283938,0.391696234095,0.133120228468,17,1,8,20,3.66303520401e-09,1.43087312657e-11,3.66303520401e-09,0.00801455959592,0.000253829281449,9.78129217523e-08,3.66303520401e-09,1.43087312657e-11,3.66303520401e-09,0.18243725471,0.735646525784,0.0736477181346
698,0.0443394659761,0.0926072938376,0.000207250477924,0.0253843866302,0.0249842548181,0.0311067496452,0.145893965363,0.174927108285,0.162557456523,0.109222494004,0.0101158275833,0.178653746857,17,1,8,20,3.67435722005e-05,1.43529578908e-07,3.67435722005e-05,2.56994913706e-08,3.53183306688e-05,0.000862170684573,3.67435722005e-05,1.43529578908e-07,3.67435722005e-05,0.18376611904,0.741004940268,0.0741841646286
699,0.140850083106,0.124085071241,0.104462806961,0.0536560166558,0.0291266266629,0.0320935424158,0.178875585209,0.0706555000693,0.0600602431645,0.00515902403482,0.0562151122652,0.144760388213,17,1,8,20,3.04104536192e-07,1.1879083445e-09,3.04104536192e-07,0.0209434230899,0.00385332757308,7.59504623946e-07,3.04104536192e-07,1.1879083445e-09,3.04104536192e-07,0.179396381908,0.72338473465,0.0724201544806
700,0.034583907344,0.319887668729,0.0106418387451,0.0439863650624,0.0191614938341,0.0688252625947,0.073984834571,0.171706845309,0.101395699079,0.0133511503623,0.0848877990749,0.057587135294,17,1,8,20,1.20403804039e-06,4.70327359528e-09,1.20403804039e-06,2.00680741899e-06,0.00955405535924,4.03639010815e-06,1.20403804039e-06,4.70327359528e-09,1.20403804039e-06,0.182198766967,0.734684865406,0.0735514435109
701,0.0761102930114,0.0345076018911,0.0589932873611,0.0332318918606,0.314362374022,0.00122283784658,0.0503187990531,0.165886683287,0.0542878226891,0.0834514933673,0.0933361453259,0.0342907702856,17,1,8,20,5.27601887293e-08,2.06094487224e-10,5.27601887293e-08,0.0134427793612,0.00356168088537,0.000904658790833,5.27601887293e-08,2.06094487224e-10,5.27601887293e-08,0.180663744037,0.728495152195,0.072931773278
702,0.0320313019446,0.0477946890012,0.105458155981,0.0135048220534,0.0783825020386,0.144154190353,0.0399780339446,0.00378157595179,0.395600044631,0.00148043870497,0.0255051163706,0.112329129025,17,1,8,20,0.000246204982766,9.61738213928e-07,0.000246204982766,0.00213469225029,0.000187640287723,0.0119847172126,0.000246204982766,9.61738213928e-07,0.000246204982766,0.181144893875,0.730435305305,0.0731260076615
703,0.0154192398051,0.138903205728,0.0559330039976,0.145991272079,0.296383700209,0.0118773368025,0.00822693417774,0.0911936662671,0.0286020502231,0.0747352990042,0.0330380527394,0.0996962389675,17,1,8,20,1.68202030868e-05,6.57039183077e-08,1.68202030868e-05,0.021450586716,0.00840174269953,0.000744154292394,1.68202030868e-05,6.57039183077e-08,1.68202030868e-05,0.178317435679,0.719034071484,0.0719845969086
704,0.0273461472576,0.0704496475974,0.072852359695,0.166390167973,0.0239799922658,0.0376099434946,0.0866289569476,0.0649775016924,0.0411545478844,0.0415170756455,0.207020605918,0.160073053628,17,1,8,20,5.91974129436e-05,2.31239894311e-07,5.91974129436e-05,0.000198658754965,0.00033446604204,0.000231583091952,5.91974129436e-05,2.31239894311e-07,5.91974129436e-05,0.1699102849,0.753638779934,0.0754489751457
705,0.0243051010506,0.109438275932,0.0603545713003,0.0501867842422,0.0777191425522,0.105110290657,0.131568491048,0.102916321316,0.0980688809895,0.0696277471383,0.145766946607,0.0249374471678,17,1,8,20,4.14425835208e-06,1.61885091878e-08,4.14425835208e-06,7.8602854021e-07,0.00102332598204,0.00158245641171,4.14425835208e-06,1.61885091878e-08,4.14425835208e-06,0.183475758912,0.739834113507,0.0740669497485
706,0.0277702252574,0.00922349719537,0.103812339034,0.247379996527,0.000681123709302,0.0289186493994,0.0650431013039,0.24197090473,0.0852605049923,0.0202775337302,0.124514021162,0.0451481029587,17,1,8,20,7.67807860125e-09,2.99924945361e-11,7.67807860125e-09,0.1110175852,0.000822329761131,0.000566609658437,7.67807860125e-09,2.99924945361e-11,7.67807860125e-09,0.16328019384,0.658399006927,0.0659142438423
707,0.0735992641038,0.353443021091,0.00776703520455,0.0453291005246,0.0210884080317,0.0546868723765,0.00818145789108,0.0864801010891,0.0386490999756,0.0020947191245,0.26731283454,0.0413680860473,17,1,8,20,6.12588447956e-07,2.39292362483e-09,6.12588447956e-07,0.0364278705398,0.000992841110215,1.05110300275e-07,6.12588447956e-07,2.39292362483e-09,6.12588447956e-07,0.177073992255,0.714020102034,0.0714826338111
708,0.00170692694154,0.0745313129596,0.0836862046141,0.0101679533876,0.183381445317,0.0979685197002,0.0868524139156,0.112601508875,0.0598615568376,0.135549829345,0.0190818638846,0.134610464221,17,1,8,20,8.21695214853e-09,3.20974693302e-11,8.21695214853e-09,2.75165793496e-08,0.00135000277764,0.00115538763716,8.21695214853e-09,3.20974693302e-11,8.21695214853e-09,0.183497415766,0.739921441011,0.0740756923595
709,0.0452174706265,0.0124839686381,0.0147335102455,0.195627487442,0.00858388335588,0.120124671404,0.0392936509517,0.000104951291474,0.081504837279,0.282438864472,0.138924851702,0.0609618525931,17,1,8,20,7.7675630972e-06,3.03420433484e-08,7.7675630972e-06,0.00110476207574,8.95904756498e-06,0.00205546022573,7.7675630972e-06,3.03420433484e-08,7.7675630972e-06,0.169536377817,0.751980363641,0.0752829462562
710,0.019261453218,0.134493532944,0.0382448520922,0.000232572308805,0.194562418913,0.0187671386645,0.0688677828118,0.0454512843612,0.0821054952337,0.111574485158,0.105707483646,0.180731500649,17,1,8,20,1.0622397005e-06,4.14937383007e-09,1.0622397005e-06,7.12224009247e-07,0.000775266709281,6.80012645027e-07,1.0622397005e-06,4.14937383007e-09,1.0622397005e-06,0.169947882074,0.753805532492,0.0754656692303
711,0.0749175491454,0.0259294879069,0.0851333800984,0.00936303563001,0.0591398550782,0.286235321273,0.126089526479,0.122594366859,0.0462160671249,0.0485886343073,0.109109292406,0.00668348369196,17,1,8,20,3.62731579888e-07,1.41692023394e-09,3.62731579888e-07,0.00536250953839,0.00787523744017,1.49762316246e-06,3.62731579888e-07,1.41692023394e-09,3.62731579888e-07,0.181522577733,0.731958249828,0.0732784740771
712,0.323817475997,0.0275268945744,0.0910051321335,0.0203825561666,0.0792329670343,0.0503468381774,0.00825994070079,0.00879581699185,0.112510497948,0.229098807141,0.00642648049289,0.0425965926419,17,1,8,20,2.18936726516e-05,8.55221587953e-08,2.18936726516e-05,6.86510782137e-12,3.94530943405e-05,3.21738419807e-08,2.18936726516e-05,8.55221587953e-08,2.18936726516e-05,0.183934909082,0.741685556777,0.0742523031313
713,0.0294547210727,0.00616443815003,0.05456665192,0.0246626372175,0.118254156453,0.166540846437,0.0478082293322,0.203860194109,0.188089103381,0.100405906118,0.0465931215943,0.0135999942152,17,1,8,20,3.97845984432e-08,1.55408587669e-10,3.97845984432e-08,2.55755177347e-08,5.07371292082e-08,0.00882687702041,3.97845984432e-08,1.55408587669e-10,3.97845984432e-08,0.182334493496,0.735232159049,0.0736062346728
714,0.153794094043,0.133058357733,0.0140641191322,0.00295971686929,0.132041735401,0.116073406342,0.00599436586561,0.254513210747,0.0921159041852,0.0406911344832,0.0257001709497,0.0289937842479,17,1,8,20,5.7347089347e-09,2.24012067762e-11,5.7347089347e-09,0.124769901056,0.00812639553947,0.00144114455641,5.7347089347e-09,2.24012067762e-11,5.7347089347e-09,0.159245820785,0.642131098928,0.064285616151
715,0.145445979083,0.10966636729,0.0234201849604,0.0336385180635,0.0856913857756,0.0764906317008,0.303450672303,0.0137953477749,0.0153116797241,0.0220183348348,0.0852111393653,0.0858597591247,17,1,8,20,2.12441792933e-06,8.29850753646e-09,2.12441792933e-06,7.45334004447e-07,0.00525747368608,4.1256780385e-06,2.12441792933e-06,8.29850753646e-09,2.12441792933e-06,0.182988695953,0.73787011677,0.07387032831
716,0.0495753055476,0.053805221302,0.001633921453,0.299662218486,0.0951193484355,0.00360570714606,0.0367393771481,0.0403113950486,0.253747172161,0.0604945097703,0.0794089250443,0.0258968984574,17,1,8,20,1.44256313897e-06,5.6350122616e-09,1.44256313897e-06,0.00714286186323,0.00111767114334,0.0144988366417,1.44256313897e-06,5.6350122616e-09,1.44256313897e-06,0.17977047545,0.72489320185,0.0725711715292
717,0.0203514473317,0.0397596862119,0.0817964779282,0.00980660513359,0.19840430569,0.0101231744702,0.0248409469018,0.0617344441682,0.197956212521,0.219821319861,0.00439325480629,0.131012124976,17,1,8,20,1.022777644e-05,3.99522517186e-08,1.022777644e-05,0.00202300613479,0.00126628045078,7.83904702339e-06,1.022777644e-05,3.99522517186e-08,1.022777644e-05,0.183344239973,0.739303786244,0.0740138571403
718,0.200467469747,0.068172830838,0.0246641678324,0.0608181295562,0.0683934993534,0.0437657193268,0.0907277361509,0.0911313190171,0.00450645792477,0.10066842975,0.162015202814,0.0846690376896,17,1,8,20,3.46779957035e-09,1.35460920717e-11,3.46779957035e-09,1.23703076827e-05,0.00155315032834,8.36208008972e-12,3.46779957035e-09,1.35460920717e-11,3.46779957035e-09,0.169814427907,0.753213625822,0.0754064117282
719,0.0778729934208,6.16763983713e-05,0.014923026304,0.0136513904923,0.140268560461,0.0465015455206,0.031538140019,0.0709216048005,0.0366390948913,0.11658066079,0.0386488457131,0.412392461189,17,1,8,20,2.45958142397e-11,9.60773993738e-14,2.45958142397e-11,0.0221228865665,3.36640025586e-10,5.59258221323e-05,2.45958142397e-11,9.60773993738e-14,2.45958142397e-11,0.179878337255,0.725328135879,0.0726147140427
720,0.0704890086803,0.00386492176099,0.0544310134901,0.477458966234,0.0290072259585,0.010477557392,0.130293960686,0.0721467529365,0.0818001268122,0.000584166320026,0.021347181192,0.048099118537,17,1,8,20,0.0025508562995,9.96428241992e-06,0.0025508562995,0.0022761562104,0.00851239360472,3.52272542194e-05,0.0025508562995,9.96428241992e-06,0.0025508562995,0.180086519574,0.726167594865,0.0726987547288
721,0.103983369975,0.108867683177,0.0444917384424,0.135276122456,0.00513906726494,0.0345125307229,0.126263277313,0.0164614123461,0.00976890398033,0.189844774098,0.108268621573,0.117122498652,17,1,8,20,6.93756261404e-07,2.70998539611e-09,6.93756261404e-07,5.03979798965e-06,8.9915962942e-06,0.000948835035182,6.93756261404e-07,2.70998539611e-09,6.93756261404e-07,0.0201090642501,0.889840738612,0.089084550263
722,0.0188547052496,0.123173720175,0.0204079745837,0.0457958407876,0.00966027334978,0.0372063343897,0.0521005887034,0.132196569968,0.0167163355026,0.0350187558436,0.465483427913,0.0433854735352,17,1,8,20,3.60329439272e-09,1.40753687215e-11,3.60329439272e-09,0.0241086132013,4.19021655837e-07,1.35753929026e-08,3.60329439272e-09,1.40753687215e-11,3.60329439272e-09,0.0196431383645,0.869226956909,0.0870208444867
723,0.034328540584,0.134692837533,0.171677814519,0.187875054932,0.146267319313,0.0253878465896,0.00133646013611,0.0414321659333,0.0200058623638,0.0475231655234,0.147066222371,0.0424067102009,17,1,8,20,3.59728851896e-08,1.40519082772e-10,3.59728851896e-08,0.0528862425595,4.52175922324e-08,0.00151160434277,3.59728851896e-08,1.40519082772e-10,3.59728851896e-08,0.173951343205,0.701428562426,0.0702220580762
724,0.00293901618095,0.174353427188,0.203273077188,0.00229600779592,0.0745441760656,0.0431374646041,0.012043748995,0.00153630161613,0.144713649039,0.00736370462759,0.133391856844,0.200407569856,17,1,8,20,5.4135075167e-06,2.11465137371e-08,5.4135075167e-06,0.0386606231902,0.000829311503727,0.00135424679271,5.4135075167e-06,2.11465137371e-08,5.4135075167e-06,0.17644069629,0.711466446035,0.0712269798651
725,0.0289548986346,0.0301778137085,0.154471094989,0.0128987030384,0.0691818646713,0.00467672416481,0.121801852665,0.248977488561,0.152465813867,0.12614784092,0.0174689872662,0.0327769175142,17,1,8,20,0.000614664735724,2.40103412392e-06,0.000614664735724,0.0899055566541,0.00160471585403,0.00235151667396,0.000614664735724,2.40103412392e-06,0.000614664735724,0.166238483635,0.670327796438,0.0671084697332
726,0.108574347409,0.104237402365,0.0322198539317,0.132567403908,0.188815550439,0.043342583239,0.041235184136,0.0590936541766,0.0348608083313,0.0528709507581,0.162770602682,0.0394116586247,17,1,8,20,0.000303116908779,1.18405042492e-06,0.000303116908779,0.00635988868906,0.00592162012699,0.00033097928949,0.000303116908779,1.18405042492e-06,0.000303116908779,0.181414663099,0.731523102818,0.0732349102415
727,0.0669579605821,0.0625317132961,0.0154017204094,0.178962525722,0.0821420851005,0.106312195582,0.120517569018,0.0307571505764,0.0562341453912,0.183559932167,0.0725547432818,0.0240682588734,17,1,8,20,1.98979154454e-07,7.77262322087e-10,1.98979154454e-07,0.0648486837296,1.1344653422e-06,0.000519775355849,1.98979154454e-07,7.77262322087e-10,1.98979154454e-07,0.17193288732,0.693289489862,0.069407231796
728,0.154037450529,0.071733208306,0.0252747288784,0.221964751802,0.170026390678,0.165760352426,0.00869105279916,0.0759235146979,0.034339004819,0.0106469844952,0.0139689403238,0.0476336202455,17,1,8,20,3.35830073041e-05,1.31183622282e-07,3.35830073041e-05,0.255182616765,4.02475195582e-07,3.00609761929e-06,3.35830073041e-05,1.31183622282e-07,3.35830073041e-05,0.136989963476,0.552388221684,0.0553011951061
729,0.000999314009995,0.145122136756,0.0708114525619,0.143352504116,0.0898100444312,0.233256278189,0.0621449808956,0.0201218086613,0.0414803716888,0.10652728475,0.0400017427767,0.046372081164,17,1,8,20,5.11033375001e-06,1.9962241211e-08,5.11033375001e-06,0.00157346096719,5.87606216164e-05,0.00753060823494,5.11033375001e-06,1.9962241211e-08,5.11033375001e-06,0.182268967857,0.734967938296,0.0735797827631
730,0.0583906195873,0.0984098782317,0.22808682327,0.0759278243371,0.0607226916143,0.0236417566964,0.224321426358,0.036850347845,0.0206723266745,0.0116073454848,0.0978749185848,0.0634940413158,17,1,8,20,0.000267755216743,1.0459188154e-06,0.000267755216743,0.326406144934,0.0368665543544,0.134381393526,0.000267755216743,1.0459188154e-06,0.000267755216743,0.0922132982524,0.371834100515,0.0372253957135
731,0.455512702132,0.0660576891877,0.0713890854899,0.057762208374,0.0467138528137,0.00922316355039,0.000165601964829,0.0380369123249,0.0450605364763,0.149581550082,0.0550284049851,0.00546829261882,17,1,8,20,4.97691124034e-06,1.94410595326e-08,4.97691124034e-06,0.0606414797495,2.83668040044e-06,3.92545905572e-07,4.97691124034e-06,1.94410595326e-08,4.97691124034e-06,0.159762680655,0.708629680813,0.0709429830294
732,0.162852901393,0.0609030983061,0.0796500063657,0.114505089957,0.0433133664359,0.0526439879305,0.0301652905599,0.0212318825079,0.104103001382,0.0282303468432,0.214461327234,0.0879397010845,17,1,8,20,2.04284013573e-06,7.97984428021e-09,2.04284013573e-06,0.0196104953008,0.00223273433276,0.000325891713971,2.04284013573e-06,7.97984428021e-09,2.04284013573e-06,0.179878613966,0.725329251623,0.0726148257431
733,0.0121905964595,0.0367885638152,0.0589114138509,0.086910635463,0.149146740998,0.00820716523915,0.048685070911,0.0936847192562,0.419582030695,0.037660122666,0.00789827249332,0.0403346681521,17,1,8,20,0.000455746497897,1.78025975741e-06,0.000455746497897,0.00132033428225,0.00977873415309,0.0112738826564,0.000455746497897,1.78025975741e-06,0.000455746497897,0.179506615498,0.723829232448,0.0724646544509
734,0.186159003559,0.109189911228,0.0577628571437,0.00521148764149,0.173460599714,0.0220208775222,0.256559190086,0.00715850593061,0.0193216749313,0.00816637643723,0.0831172416613,0.0718722741445,17,1,8,20,0.000108810487561,4.25040967036e-07,0.000108810487561,0.00742926518698,0.000465870820524,1.70539527694e-07,0.000108810487561,4.25040967036e-07,0.000108810487561,0.182425684242,0.7355998699,0.0736430472781
735,0.0620386862102,0.150596478636,0.00957636410224,0.0164201516725,0.125415483074,0.0870896068731,0.0906480455198,0.00822646026317,0.0435958660184,0.0492949736348,0.243375165691,0.113722718305,17,1,8,20,2.33173439066e-09,9.10833746353e-12,2.33173439066e-09,0.000125419560675,0.00212925833968,3.64508542804e-11,2.33173439066e-09,9.10833746353e-12,2.33173439066e-09,0.183543545812,0.740107452404,0.0740943145023
736,0.219270599281,0.0197071554718,0.154235566104,0.0571942355573,0.00474493716907,0.0886435847586,0.0234647486286,0.247444780431,0.00831448330474,0.0729576738046,0.0683327575752,0.0356894779134,17,1,8,20,6.92516741374e-05,2.70514352099e-07,6.92516741374e-05,1.63598003978e-08,7.68852272062e-05,0.00167715230816,6.92516741374e-05,2.70514352099e-07,6.92516741374e-05,0.183584584274,0.740272932871,0.0741108812342
737,0.00542787006018,0.029436431894,0.0360398931825,0.0980219024474,0.0254790978314,0.237768686957,0.140177169195,0.200068384758,0.0733098103715,0.0402642291333,0.0294920758985,0.0845144482721,17,1,8,20,6.79893690022e-06,2.65583472665e-08,6.79893690022e-06,1.49195020069e-06,0.00470679575645,0.00442751314835,6.79893690022e-06,2.65583472665e-08,6.79893690022e-06,0.182272695104,0.73498296777,0.0735812874075
738,0.00346709216522,0.12108930956,0.135100313634,0.064461903254,0.178434824007,0.00150835212458,0.129310342363,0.00425107301341,0.0806471636941,0.129451697946,0.150654747925,0.00162318031438,17,1,8,20,0.000157532196036,6.15360140765e-07,0.000157532196036,0.0351546784225,6.5606089416e-05,0.000610505137324,0.000157532196036,6.15360140765e-07,0.000157532196036,0.17725079879,0.714733043588,0.0715540084683
739,0.00262264874743,0.000465916980062,0.00814126423,0.00515187792745,0.0783149816508,0.0167203853733,0.354496912802,0.0249215315889,0.116935785255,0.185086099723,0.060380862798,0.146761732924,17,1,8,20,9.56441730309e-06,3.73610050902e-08,9.56441730309e-06,0.000110333761206,0.00110945619389,5.86143294427e-08,9.56441730309e-06,3.73610050902e-08,9.56441730309e-06,0.183726861435,0.740846640797,0.0741683168071
740,0.0476209073044,0.149104834866,0.101177036885,0.108614121763,0.0368907502895,0.0881158013639,0.014639194436,0.069616229912,0.148351518725,0.0281176735028,0.00159886858266,0.20615306237,17,1,8,20,0.000118628015515,4.63390685605e-07,0.000118628015515,0.0301608886033,0.000226544382698,0.000130274288111,0.000118628015515,4.63390685605e-07,0.000118628015515,0.17825686737,0.7187898403,0.0719601462129
741,0.000742560623128,0.0132234683732,0.177648105784,0.0378795061766,0.0773313450896,0.0283692222524,0.289884622745,0.0215490464774,0.0595503588432,0.138873135934,0.0402997027597,0.114648924942,17,1,8,20,2.53428482978e-06,9.89955011634e-09,2.53428482978e-06,7.48385506744e-06,0.00194836702791,0.000564488851393,2.53428482978e-06,9.89955011634e-09,2.53428482978e-06,1.04600807153e-15,0.906697385051,0.0907721182758
742,0.149489095032,0.00591356047328,0.00115350278659,0.122042694128,0.144331043278,0.000923832994188,0.0358476486251,0.00680677546085,0.0474826506663,0.0161426184061,0.0849604143256,0.384906163824,17,1,8,20,1.40049572028e-07,5.47068640736e-10,1.40049572028e-07,1.15465383345e-07,0.00065163994913,1.77106607441e-07,1.40049572028e-07,5.47068640736e-10,1.40049572028e-07,0.183838282622,0.741295927369,0.0742132961955
743,0.237716396723,0.025669157276,0.0920981245304,0.0184435401275,0.111047851873,0.0908311858049,0.043149218573,0.0861297202732,0.0331419674121,0.0161494822395,0.21925291748,0.0263704376874,17,1,8,20,9.28312919176e-06,3.62622234053e-08,9.28312919176e-06,0.0120508271682,0.00101870578005,9.40137027924e-06,9.28312919176e-06,3.62622234053e-08,9.28312919176e-06,0.181545491397,0.732050645196,0.0732877240468
744,0.0302919645694,0.0780848736069,0.15303237663,0.0556742449521,0.0343682433366,0.199078711203,0.165161626594,0.117504045611,0.0119839664276,0.0845797865411,0.0584905002312,0.0117496602976,17,1,8,20,5.23586961317e-15,2.04526156765e-17,5.23586961317e-15,4.93146716792e-11,0.00970449540343,7.97051018104e-15,5.23586961317e-15,2.04526156765e-17,5.23586961317e-15,0.182173091659,0.734581334189,0.0735410786989
745,0.262760997536,0.0559648890446,0.0254876497895,0.00604904256399,0.0149338656174,0.0442642985241,0.15019703862,0.0118500465742,0.077989195126,0.118798027493,0.0543526837743,0.177352265336,17,1,8,20,1.45129776884e-08,5.66913190953e-11,1.45129776884e-08,0.0515018663514,4.12475708686e-07,9.39557135286e-08,1.45129776884e-08,5.66913190953e-11,1.45129776884e-08,0.174484013905,0.703576464348,0.0704370907988
746,0.321612255916,0.0272678470448,0.0540142562247,0.0138252124113,0.14095866024,0.00767180995455,0.0764441886377,0.108851579087,0.0696052856214,0.0648045795115,0.0367391782115,0.0782051471395,17,1,8,20,0.000123718486131,4.83275336448e-07,0.000123718486131,0.0209936124775,0.000253533202332,1.30008970096e-06,0.000123718486131,4.83275336448e-07,0.000123718486131,0.179958272037,0.725650458953,0.0726469827452
747,0.145031245417,0.0110034879618,0.0241491551488,0.0438140950738,0.109510851812,0.185780983689,0.0857749766933,0.06108675676,0.238245548699,0.00934077961374,0.0285610928227,0.0577010263084,17,1,8,20,8.19563364574e-07,3.20141939287e-09,8.19563364574e-07,5.95772926936e-07,0.00362478022975,0.0213242207529,8.19563364574e-07,3.20141939287e-09,8.19563364574e-07,0.179368024283,0.723270387456,0.0724087068496
748,0.0489323438049,0.0878578269965,0.0411358996118,0.118415812902,0.0285018961573,0.256211352736,0.0288079442164,0.00298147774592,0.155644230006,0.0106853950475,0.214736791356,0.00608902941931,17,1,8,20,1.42302308021e-05,5.55868390708e-08,1.42302308021e-05,4.37169104408e-07,1.4227361805e-05,0.001722006162,1.42302308021e-05,5.55868390708e-08,1.42302308021e-05,0.169775618656,0.753041498949,0.0753891796051
749,0.0412084578856,0.175082271439,0.0358631772271,0.151695328363,0.0438644989465,0.114901903198,0.00151843819056,0.0207144279253,0.140503954402,0.10243181922,0.170879266016,0.00133645718727,17,1,8,20,4.85231390618e-06,1.8954351196e-08,4.85231390618e-06,0.0334661005996,0.00142387978591,1.92279724858e-06,4.85231390618e-06,1.8954351196e-08,4.85231390618e-06,0.177536081111,0.715883395037,0.0716691735052
750,0.00305686955125,0.0552035030871,0.107508184239,0.214780557812,0.0600802219539,0.0649920785359,0.00537381413728,0.0350350587086,0.0439834983758,0.0116697942119,0.218082193738,0.180234225649,17,1,8,20,0.0002777983413,1.0851497707e-06,0.0002777983413,0.00781927876556,0.000911219863313,0.00138817669687,0.0002777983413,1.0851497707e-06,0.0002777983413,0.181892087325,0.733448233044,0.0734276406403
751,0.017351524408,0.0670503773133,0.0256813826158,0.0412690992279,0.0758885675174,0.189578584576,0.0485133988359,0.0389921405918,0.10508768099,0.147461692303,0.241478103062,0.00164744855765,17,1,8,20,9.11831151838e-06,3.56184043687e-08,9.11831151838e-06,4.6667011729e-07,1.15998581888e-05,7.27885184213e-06,9.11831151838e-06,3.56184043687e-08,9.11831151838e-06,0.183948032879,0.741738476208,0.0742576010498
752,0.089440885578,0.0315297905334,0.211216643022,0.0796614997647,0.00944296602853,0.0788159568443,0.11939379734,0.00400217935688,0.0581387603501,0.0425779876167,0.26245388019,0.0133256533754,17,1,8,20,0.000155243949118,6.06421676243e-07,0.000155243949118,0.00219525774503,0.000251769913563,0.000376694718844,0.000155243949118,6.06421676243e-07,0.000155243949118,0.183324410302,0.73922382654,0.0740058521412
753,0.149181767845,0.0110155454018,0.0248924808347,0.0152659288416,0.088873998361,0.0947650590782,0.0640284464185,0.00932556928606,0.153018013435,0.089861052498,0.0796961270083,0.220076010992,17,1,8,20,5.98434514514e-09,2.33763482232e-11,5.98434514514e-09,0.00486565247222,0.000768775835909,0.00220028851985,5.98434514514e-09,2.33763482232e-11,5.98434514514e-09,0.182517048571,0.735968280663,0.0736799299535
754,0.00682362155961,0.126905071649,0.119051154225,0.0111316306456,0.121318447598,0.119429418624,0.0514840443043,0.153118637819,0.115206941229,0.0235362899244,0.131138440347,0.0208563020757,17,1,8,20,1.56612839608e-06,6.11768904718e-09,1.56612839608e-06,0.00553081071031,0.00252253282126,0.00427498120526,1.56612839608e-06,6.11768904718e-09,1.56612839608e-06,0.181689261785,0.732630374311,0.0733457624184
755,0.0376759098006,0.20099792712,0.00532679150177,0.0546828486302,0.0371764976437,0.229112196391,0.201727411698,0.0787325480408,0.00161158940248,0.037821675887,0.0531012239574,0.0620333799271,17,1,8,20,0.000245140927823,9.57581749309e-07,0.000245140927823,1.11602813636e-07,0.0017590949637,1.56170076915e-08,0.000245140927823,9.57581749309e-07,0.000245140927823,0.183453955579,0.739746195357,0.0740581480062
756,0.0905846274242,0.125007226099,0.0500310922285,0.0378686828272,0.0125867446358,0.00121628634677,0.0830998396614,0.448863416737,0.0393169813912,0.0577263155217,0.0150708730154,0.0386279141113,17,1,8,20,0.000205489382816,8.02692901623e-07,0.000205489382816,5.47685945968e-07,0.0197012791233,3.01259145213e-09,0.000205489382816,8.02692901623e-07,0.000205489382816,0.166589578993,0.738910540142,0.0739744881267
757,0.0858182247085,0.0263293231435,0.0236388204644,0.0758600775813,0.0231289711804,0.0630974306901,0.0496528922294,0.270414341807,0.0444421658414,0.080148923588,0.16081372666,0.0966551021063,17,1,8,20,4.85188293842e-09,1.89526677282e-11,4.85188293842e-09,0.00432096950121,0.000472709726348,0.00377774743975,4.85188293842e-09,1.89526677282e-11,4.85188293842e-09,0.182381525506,0.735421807454,0.0736252209275
758,0.0151288658612,0.0680048783204,0.233573349002,0.0452384315423,0.0257350836774,0.0727545472558,0.0729302662844,0.0815828369429,0.195988226854,0.013654173076,0.0283697708164,0.147039570367,17,1,8,20,2.70046689718e-05,1.05486988171e-07,2.70046689718e-05,9.10997586471e-06,0.00136728054013,0.00094565693884,2.70046689718e-05,1.05486988171e-07,2.70046689718e-05,0.183511244604,0.739977203396,0.0740812748945
759,0.0586674672778,0.0222806540647,0.195425119594,0.0102441714202,0.0188905863754,0.110583752934,0.138775404719,0.0226979722233,0.190930385655,0.0968539223534,0.0984963957297,0.0361541676529,17,1,8,20,1.60134191232e-06,6.255241845e-09,1.60134191232e-06,0.0948402830001,0.001365035039,7.90260751767e-09,1.60134191232e-06,6.255241845e-09,1.60134191232e-06,0.166259364076,0.670411993188,0.0671168989152
760,0.0138087486628,0.308619886883,0.00869632789613,0.00236882523836,0.0330501393366,0.088333480813,0.067362007513,0.156265251375,0.123345130216,0.0885504004722,0.106456268365,0.00314353322951,17,1,8,20,5.19549296832e-05,2.02948944075e-07,5.19549296832e-05,3.99537896976e-05,0.000331115310368,0.00420989313293,5.19549296832e-05,2.02948944075e-07,5.19549296832e-05,0.18307730336,0.738227410739,0.0739060980509
761,0.0646251519794,0.0182396672478,0.386339523219,0.0459978241239,0.171345284256,0.017370931292,0.0456910215365,0.0120738242631,0.0394735042519,0.081405616111,0.0401072782948,0.0773303734252,17,1,8,20,4.83048980234e-05,1.88691007904e-07,4.83048980234e-05,1.78126427421e-07,1.74979431186e-07,5.32359621892e-05,4.83048980234e-05,1.88691007904e-07,4.83048980234e-05,0.183912842356,0.741596576541,0.0742433950605
762,0.0623551304184,0.0420903499351,0.0307807456887,0.132610013516,0.0273566350294,0.00478043041735,0.0450382049066,0.0942363229882,0.123196102811,0.265388891983,0.0773355128829,0.0948316594226,17,1,8,20,5.29157436819e-06,2.06702123758e-08,5.29157436819e-06,2.36319177765e-10,8.98543589428e-06,1.57687211719e-07,5.29157436819e-06,2.06702123758e-08,5.29157436819e-06,0.183952730965,0.741757420426,0.0742594976107
763,0.0457742022705,0.00957021535331,0.130300157401,0.0474104365722,0.0157303268469,0.0466699145167,0.339550093799,0.00422794424567,0.0990312220937,0.0305844716476,0.0116551868087,0.219495828445,17,1,8,20,1.90601709606e-05,7.4453792815e-08,1.90601709606e-05,0.966838839185,3.97974140731e-05,0.0330449737526,1.90601709606e-05,7.4453792815e-08,1.90601709606e-05,1.05060058221e-11,4.23636430826e-11,4.24114780067e-12
764,0.0634572249941,0.0543834963222,0.00389867034884,0.0370330129389,0.00386444210801,0.18040913754,0.210484058273,0.0830711871894,0.229336882553,0.0421063403779,0.0288529818462,0.0631025655085,17,1,8,20,2.32121775723e-06,9.06725686419e-09,2.32121775723e-06,1.12591545246e-07,0.00486282255855,0.00819235814403,2.32121775723e-06,9.06725686419e-09,2.32121775723e-06,0.181554973172,0.732088878804,0.0732915517247
765,0.075950011454,0.213060604855,0.0332459266431,0.0633473839742,0.0284145476547,0.067906431666,0.0239488301824,0.0559095356272,0.00669582266288,0.17528126274,0.198072602867,0.0581670396733,17,1,8,20,6.4429959454e-06,2.51679529117e-08,6.4429959454e-06,3.47214263887e-07,2.92205930678e-07,1.17195108334e-05,6.4429959454e-06,2.51679529117e-08,6.4429959454e-06,0.183951290525,0.741751612102,0.0742589161224
766,0.0648361611022,0.131623182405,0.0261053241302,0.000848303014347,0.139109789338,0.0434537837039,0.123726898713,0.139561748324,0.033213231067,0.142284155296,0.0404798309115,0.114757591995,17,1,8,20,2.67229973839e-06,1.04386708531e-08,2.67229973839e-06,4.75072233116e-08,0.0010190733461,5.49837644385e-09,2.67229973839e-06,1.04386708531e-08,2.67229973839e-06,0.183768856218,0.741016032272,0.0741852750814
767,0.0193617278176,0.056404385149,0.0514359254652,0.334241409502,0.137746055972,0.0332215768409,0.2418557838,0.000888629923239,0.00684308930505,0.067653326012,0.00420012029522,0.0461479699183,17,1,8,20,7.91871344788e-06,3.09324744058e-08,7.91871344788e-06,1.1532072324e-05,0.0120402860998,0.00326745643651,7.91871344788e-06,3.09324744058e-08,7.91871344788e-06,0.181134368117,0.730392862015,0.0731217585401
768,0.0617106452377,0.178779412497,0.114522464525,0.00349208107653,0.153003985202,0.0071879499972,0.00573132049987,0.0150993020377,0.0185285449563,0.171193915074,0.198458252228,0.0722921266684,17,1,8,20,7.6776653884e-05,2.99908804234e-07,7.6776653884e-05,0.0117603066353,9.52332449767e-05,0.000230579101065,7.6776653884e-05,2.99908804234e-07,7.6776653884e-05,0.181678367053,0.732586443187,0.0733413643455
769,0.0185076536743,0.0456907355981,0.332680155031,0.0657106011654,0.0988558956605,0.0447443227152,0.0768598968867,0.0763578664896,0.0561653792835,0.0394781153776,0.108416725557,0.0365326525619,17,1,8,20,4.33045527023e-05,1.69158408993e-07,4.33045527023e-05,0.0918500583042,0.00271091640988,0.000153987022241,4.33045527023e-05,1.69158408993e-07,4.33045527023e-05,0.166502782419,0.671393535354,0.0672151639627
770,0.124194013522,0.0297566566666,0.014310722165,0.0416282022651,0.156150597661,0.165429601456,0.137934594998,0.0632052836565,0.0400456938404,0.0658421818732,0.142862159414,0.0186402924817,17,1,8,20,4.33508843837e-05,1.69339392124e-07,4.33508843837e-05,0.0154976084067,0.000518629243398,1.55801799045e-05,4.33508843837e-05,1.69339392124e-07,4.33508843837e-05,0.0198022461728,0.876266591004,0.0877256027768
771,0.0462627468015,0.1662592598,0.0606882811888,0.0107227240381,0.0567050235881,0.0493520611735,0.0403855858121,0.31048666452,0.0905441309637,0.00062032458767,0.000756808543384,0.167216388983,17,1,8,20,0.000253768708894,9.91284019119e-07,0.000253768708894,0.00216278432973,0.00113522936037,0.00798482334692,0.000253768708894,9.91284019119e-07,0.000253768708894,0.0198807869673,0.879745438274,0.0880738803179
772,0.00644042585308,0.0889637232127,0.119383325371,0.000682430609215,0.109872732749,0.170258926933,0.0729267198365,0.305216965064,0.00655162943919,0.0524254472869,0.0361555938197,0.0311220798265,17,1,8,20,0.00092677361057,3.62020941629e-06,0.00092677361057,0.00160260344811,0.00145084884619,0.00067813865684,0.00092677361057,3.62020941629e-06,0.00092677361057,0.182588574323,0.736256695828,0.0737088040364
773,0.017774482158,0.0407894612024,0.10208690937,0.0436919539554,0.221702346486,0.0146280016212,0.0496453220725,0.0651438343418,0.176679025282,0.161103937697,0.0507436149016,0.0560111109121,17,1,8,20,3.86247344542e-06,1.50877868962e-08,3.86247344542e-06,1.71175543755e-07,0.00184945905962,0.0010867619925,3.86247344542e-06,1.50877868962e-08,3.86247344542e-06,0.183415292832,0.739590294549,0.0740425403219
774,0.155959357782,0.10375090721,0.0271590759484,0.00873462772381,0.0443599101904,0.0400992161313,0.0219362192465,0.183696033225,0.00163141365327,0.101168999536,0.0140204017618,0.297483837591,17,1,8,20,1.84811129715e-06,7.21918475449e-09,1.84811129715e-06,5.79171894199e-06,0.000943413784059,8.08389173443e-05,1.84811129715e-06,7.21918475449e-09,1.84811129715e-06,0.0201076179434,0.889776783248,0.089078147505
775,0.249155640808,0.0262240076268,0.143916589219,0.00393820640548,0.0358799303828,0.0240838550493,0.0292826180503,0.104109208673,0.058135923567,0.0146526312504,0.0899683484479,0.22065304052,17,1,8,20,5.2540319754e-08,2.05235624039e-10,5.2540319754e-08,0.00686192506007,0.00126097233059,0.00171874212998,5.2540319754e-08,2.05235624039e-10,5.2540319754e-08,0.182147824131,0.734479447273,0.0735308785028
776,0.069007593327,0.212054417402,0.0332111321651,0.067546758057,0.00067655356596,0.086356986267,0.0119700795791,0.0579908352784,0.0355650115446,0.397502071957,0.0157471108089,0.012371450048,17,1,8,20,5.35348990897e-09,2.09120699569e-11,5.35348990897e-09,0.0433109880633,0.000161826766776,3.76604638173e-06,5.35348990897e-09,2.09120699569e-11,5.35348990897e-09,0.175960431808,0.709529862971,0.0710331028892
777,0.0969084200682,0.0763680366867,0.0299578433585,0.109615753173,0.0401606888616,0.213770409305,0.0950634936637,0.0353971405844,0.0320909474437,0.0386529344291,0.143143579929,0.0888707524974,17,1,8,20,1.22105583798e-05,4.7697493671e-08,1.22105583798e-05,0.0368473853082,0.000524835456038,0.000829533237732,1.22105583798e-05,4.7697493671e-08,1.22105583798e-05,0.176921781531,0.713406338667,0.0714211881713
778,0.236412217722,0.13801076475,0.0506112309134,0.0163829526532,0.00420067131302,0.0945954440451,0.0822043484266,0.0344925220416,0.012217171367,0.0247494905817,0.076732709544,0.229390476643,17,1,8,20,1.77991211302e-05,6.95278169149e-08,1.77991211302e-05,0.020664869696,0.000488311271395,0.000436490269891,1.77991211302e-05,6.95278169149e-08,1.77991211302e-05,0.179973591991,0.725712234005,0.0726531672258
779,0.036253277661,0.00832400546173,0.0108752212165,0.0491082437978,0.107824841827,0.0629973697715,0.319866898517,0.00743857685558,0.0706660360848,0.0935673800984,0.0731817613838,0.159896387324,17,1,8,20,2.92577134784e-06,1.14287943275e-08,2.92577134784e-06,0.0265583483469,0.00721731070431,5.94325532709e-06,2.92577134784e-06,1.14287943275e-08,2.92577134784e-06,0.177741750585,0.716712721382,0.0717521997832
780,0.00303616936952,0.0163257987035,0.132526591732,0.0179755761113,0.023446271466,0.0387885805127,0.0123089861871,0.268477090626,0.148690662543,0.144304879821,0.151436723259,0.0426826696685,17,1,8,20,1.18865544649e-08,4.64318533786e-11,1.18865544649e-08,3.03584764889e-08,0.00178745326473,6.39175496257e-10,1.18865544649e-08,4.64318533786e-11,1.18865544649e-08,0.183629482928,0.740453978891,0.0741290062791
781,0.0693386241949,0.159824425483,0.0915385576825,0.00586918043478,0.269528271911,0.0094197855245,0.00169090607741,0.013367518073,0.0119875409093,0.0977798250852,0.253746428406,0.0159089362188,17,1,8,20,3.58538691605e-06,1.40054176408e-08,3.58538691605e-06,5.01298089024e-06,0.000796340128404,8.90245497627e-05,3.58538691605e-06,1.40054176408e-08,3.58538691605e-06,0.0201102907493,0.88989498137,0.0890899806635
782,0.049095095593,0.152263924085,0.0132312998272,0.118517476938,0.0259989998311,0.176621874093,0.0824611390994,0.0644734079642,0.109031958381,0.190450742273,0.00137369083587,0.0164803910789,17,1,8,20,2.26508474552e-05,8.84798728718e-08,2.26508474552e-05,5.68657883058e-06,7.49449644981e-06,7.77111020529e-08,2.26508474552e-05,8.84798728718e-08,2.26508474552e-05,0.0201264170371,0.890608164338,0.0891613794894
783,0.18133413916,0.124995448053,0.0773651538665,0.0351515476604,0.0447902689579,0.0471148878863,0.05352831905,0.164812914311,0.123428509443,0.0934824125491,0.0201200147969,0.0338763842664,17,1,8,20,0.000340817547226,1.33131854385e-06,0.000340817547226,0.000243860445727,0.000729013919165,0.000291772852461,0.000340817547226,1.33131854385e-06,0.000340817547226,0.183474397213,0.739828622696,0.0740664000474
784,0.0784976694383,0.0453242284829,0.118839486127,0.041686843586,0.0635246880063,0.133935532328,0.112696294584,0.0738649665094,0.0105906406103,0.0145690066504,0.16630295072,0.140167692958,17,1,8,20,3.17614429826e-05,1.24068136651e-07,3.17614429826e-05,0.0125926159027,0.000715679529224,2.01966539129e-05,3.17614429826e-05,1.24068136651e-07,3.17614429826e-05,0.16779209982,0.744243707162,0.0745084070235
785,0.00937014343814,0.0642424707727,0.0940448466456,0.00813835146157,0.322822145263,0.0602755701378,0.0626685975376,0.0371274819846,0.0454875788323,0.00776279900116,0.190617499808,0.0974425151176,17,1,8,20,6.24269993438e-07,2.43855466187e-09,6.24269993438e-07,0.00447090410696,0.0015988423732,0.000451370614501,6.24269993438e-07,2.43855466187e-09,6.24269993438e-07,0.168971139112,0.749473286392,0.0750319554446
786,0.0718495863359,0.0272421427235,0.000937199230544,0.0339337199114,0.132146635513,0.0529964834366,0.0492499638102,0.117830445133,0.0540962843794,0.373576635847,0.0329322384107,0.0532086652686,17,1,8,20,5.25621398896e-10,2.05320858944e-12,5.25621398896e-10,0.0132157190906,0.000626722142636,2.21402741522e-05,5.25621398896e-10,2.05320858944e-12,5.25621398896e-10,0.181407808854,0.731495464267,0.0732321432656
787,0.0639627375761,0.0356558661102,0.213145395989,0.0195093134004,0.288301826798,0.041477157068,0.0166449808755,0.00437789029006,0.265210365043,0.00890693756425,0.0223248365338,0.020482692751,17,1,8,20,2.43053382072e-05,9.49427273719e-08,2.43053382072e-05,1.11319540582e-05,0.0793182906392,2.22944072767e-05,2.43053382072e-05,9.49427273719e-08,2.43053382072e-05,0.169342986582,0.682846165071,0.0683617201085
788,0.207928300587,0.0905322107786,0.0398516393653,0.00398186765025,0.0205929573706,0.0522141825465,0.338998400111,0.00260930849251,0.139472180179,0.0671484922957,0.00016181460039,0.0365086460229,17,1,8,20,6.02097908792e-06,2.35194495622e-08,6.02097908792e-06,0.0793238542347,0.0441768208,6.04761515242e-06,6.02097908792e-06,2.35194495622e-08,6.02097908792e-06,0.161233786677,0.650147225744,0.0650881339738
789,0.168002566281,0.106604160275,0.046956975389,0.0160204047908,0.0123178706826,0.0184422114702,0.144332971233,0.030197154639,0.0545214019207,0.0891765194263,0.183834883259,0.129592880633,17,1,8,20,1.1477329242e-06,4.48333173517e-09,1.1477329242e-06,0.0429532405253,0.000142319144469,7.199797344e-05,1.1477329242e-06,4.48333173517e-09,1.1477329242e-06,0.176016436958,0.709755694007,0.0710557114926
790,0.0918864369382,0.0277371775073,0.0881514809392,0.0901644764906,0.0296424284922,0.0324676777805,0.0590641405108,0.179107777538,0.129213663994,0.10201909121,0.167721026684,0.00282462191602,17,1,8,20,4.47855536697e-08,1.74943569022e-10,4.47855536697e-08,0.0234157392451,0.00248665389452,1.37819017668e-07,4.47855536697e-08,1.74943569022e-10,4.47855536697e-08,0.179193295334,0.722565823334,0.0723381708816
791,0.0262441152271,0.102031169676,0.0910434185252,0.00908385734578,0.161337855398,0.0698441013386,0.254281075113,0.177046721723,0.0431677242116,0.0350198168986,0.0202018949537,0.0106982495894,17,1,8,20,3.54281909915e-05,1.38391371061e-07,3.54281909915e-05,8.10850459654e-06,0.0636937542563,0.000205157024306,3.54281909915e-05,1.38391371061e-07,3.54281909915e-05,0.0188385172388,0.833653037694,0.0834594357348
792,0.193887382078,0.183821977898,0.00769508006374,0.070522782647,0.0318016819651,0.118688870702,0.201524834307,0.00412738025727,0.0730329273875,0.0782790689016,0.0262153152856,0.0104026985071,17,1,8,20,2.59711539246e-06,1.01449820018e-08,2.59711539246e-06,0.045965366318,0.0355820658069,4.78827185201e-06,2.59711539246e-06,1.01449820018e-08,2.59711539246e-06,0.168954190517,0.681278412506,0.0682047678291
793,0.0967740041859,0.178927972098,0.0205175112691,0.109456264023,0.284563188709,0.0366760319375,0.059358007984,0.0181585952648,0.00592768981631,0.0568030007846,0.0492154616275,0.0836222723,17,1,8,20,1.56017978061e-06,6.09445226802e-09,1.56017978061e-06,2.00634588561e-05,0.00608643882314,5.39930658144e-05,1.56017978061e-06,6.09445226802e-09,1.56017978061e-06,0.18282388967,0.737205564072,0.0738037980023
794,0.0284431985682,0.160882795407,0.0849498569302,0.0179375569817,0.0270470322017,0.103624799493,0.0144214635826,0.0761311647235,0.142636234503,0.0255199964289,0.31195219377,0.00645370740904,17,1,8,20,3.84797068804e-06,1.50311355002e-08,3.84797068804e-06,0.00396383803988,0.000154518431101,1.64657058435e-06,3.84797068804e-06,1.50311355002e-08,3.84797068804e-06,0.183197568474,0.738712358913,0.0739546476261
795,0.0216707709033,0.0665527452086,0.045269079521,0.0113324754234,0.0877330040907,0.209083396544,0.155453614867,0.095016425155,0.0278744120424,0.0679042871822,0.114844199386,0.0972655896767,17,1,8,20,1.8006332467e-06,7.03372361992e-09,1.8006332467e-06,1.02317993459e-05,1.31548651092e-06,0.00294814105681,1.8006332467e-06,7.03372361992e-09,1.8006332467e-06,5.37633502581e-16,0.906300690981,0.090732404076
796,0.030543828557,0.127169594481,0.00010127839902,0.211035835686,0.0942511747814,0.040618465177,0.130740080289,0.0217241381201,0.148002703541,0.0144810119121,0.151912993502,0.0294188955545,17,1,8,20,0.000940215267059,3.67271588695e-06,0.000940215267059,0.0489852015351,0.00327810660649,0.000757347648222,0.000940215267059,3.67271588695e-06,0.000940215267059,0.173511530907,0.699655095655,0.070044511148
797,0.00397624503293,0.26127936829,0.0496314940991,0.0107822132274,0.150533009355,0.0129261435656,0.0829103924085,0.120096926966,0.0328516978667,0.0909988115195,0.10195497628,0.0820587213897,17,1,8,20,8.96022535053e-08,3.50008802755e-10,8.96022535053e-08,0.0677496077481,0.000878076010427,6.99240285038e-05,8.96022535053e-08,3.50008802755e-10,8.96022535053e-08,0.0187454563983,0.829511738505,0.0830448382008
798,0.0673005172463,0.134169357652,0.174025929505,0.120783284372,0.120660475656,0.0763335358648,0.0182732585245,0.229068851895,0.0245217997634,0.00635590572066,0.0126606147711,0.0158464690296,17,1,8,20,0.000199636058611,7.79828353949e-07,0.000199636058611,0.414572439482,0.00101558451573,0.00100186893782,0.000199636058611,7.79828353949e-07,0.000199636058611,0.107175954069,0.432168409811,0.0432656392939
799,0.123933394729,0.0717081536536,0.0199210767697,0.284488114065,0.0237432248054,0.0207774723439,0.0261655414044,0.0421985923929,0.12217808549,0.183870542112,0.0377104131712,0.0433053890616,17,1,8,20,5.99969097371e-08,2.34362928661e-10,5.99969097371e-08,0.000348904637762,0.00295551003433,4.15546321782e-09,5.99969097371e-08,2.34362928661e-10,5.99969097371e-08,0.183350393988,0.739328604918,0.0740163418101
800,0.274714030828,0.218836070345,0.122544235749,0.0140714545425,0.0313550778277,0.0155957976011,0.081952421418,0.099091342845,0.0923676418708,0.0298013107119,0.00420344076948,0.0154671754911,17,1,8,20,0.00163247043291,6.37683762856e-06,0.00163247043291,0.0591827864628,0.00370600478395,0.0780924376991,0.00163247043291,6.37683762856e-06,0.00163247043291,0.156820072881,0.632349691797,0.0633063709698
801,0.16313407612,0.0399078629714,0.0661555901069,0.0134022687921,0.17333307616,0.00564142506656,0.114032684178,0.132967373395,0.146003064556,0.0466003495166,0.0555665548612,0.0432556742775,17,1,8,20,0.000782692119304,3.05739109103e-06,0.000782692119304,0.00279285974353,0.00280590409852,0.000121491947689,0.000782692119304,3.05739109103e-06,0.000782692119304,0.0199501105452,0.882811879698,0.0883808707077
802,0.107966784904,0.0385474759636,0.081387480686,0.212268493398,0.0459177400078,0.0701779394153,0.0582391659591,0.11990717345,0.112703099226,0.0203644573845,0.0768528742342,0.055667315372,17,1,8,20,3.65588898758e-05,1.42808163577e-07,3.65588898758e-05,0.0857744696602,0.00444030377753,0.000215208716039,3.65588898758e-05,1.42808163577e-07,3.65588898758e-05,0.154675169238,0.686064418583,0.0686839088489
803,0.0379414042841,0.00501617703731,0.00656185082551,0.0702614780118,0.316221931919,0.037977798105,0.0570926872027,0.0069054378909,0.0390541381631,0.292794555087,0.11677671254,0.0133958289335,17,1,8,20,2.45816900365e-05,9.60222267052e-08,2.45816900365e-05,4.8739408801e-06,0.000382579353055,2.88162022476e-06,2.45816900365e-05,9.60222267052e-08,2.45816900365e-05,0.183868385578,0.741417312308,0.0742254483956
804,0.0698102550923,0.0203623998648,0.0483010556792,0.0766423339027,0.212269326389,0.0684016443302,0.0248727503554,0.127775578188,0.0197809286231,0.0882781520746,0.189905832331,0.0535997431684,17,1,8,20,1.26805893125e-10,4.95335520018e-13,1.26805893125e-10,0.00359854927904,0.00596059973014,7.87829380601e-11,1.26805893125e-10,4.95335520018e-13,1.26805893125e-10,0.182199829238,0.734689148829,0.0735518723368
805,0.105400763043,0.0387180481167,0.103264688251,0.0538703813734,0.227434788024,0.0980055503427,0.0549513052826,0.0298988221755,0.0833446693658,0.0589398594598,0.0024129455453,0.14375817902,17,1,8,20,1.44714255513e-07,5.65290060598e-10,1.44714255513e-07,2.17654974568e-05,0.00305626855258,0.00173258281074,1.44714255513e-07,5.65290060598e-10,1.44714255513e-07,0.183073254622,0.738211084906,0.0739044636241
806,0.0782538857961,0.0319692845538,0.00568751675294,0.0402229839886,0.172938571862,0.158710377418,0.0491739128423,0.106375486085,0.107364311652,0.0544680955256,0.17841616381,0.016419409714,17,1,8,20,4.1869469544e-05,1.63552615406e-07,4.1869469544e-05,0.0307974275877,0.000639408484113,7.75537008234e-06,4.1869469544e-05,1.63552615406e-07,4.1869469544e-05,0.178142951114,0.718330492859,0.0719141596016
807,0.418550739507,0.12877884788,0.0427977488251,0.0216459660422,0.00708651711058,0.0474245001167,0.0638278165718,0.00198554738078,0.0461043430567,0.0657591891087,0.0437840780437,0.112254706356,17,1,8,20,8.9971582292e-07,3.51451493328e-09,8.9971582292e-07,1.96713856662e-08,4.59187692961e-05,0.00410108153454,8.9971582292e-07,3.51451493328e-09,8.9971582292e-07,0.183194772146,0.738701083204,0.0739535187821
808,0.398775445586,0.0827129490761,0.0350626395166,0.000115186208941,0.022717296135,0.107339698006,0.0360438329685,0.0545982954385,0.060654266159,0.0971967551876,0.0906678486777,0.0141157870395,17,1,8,20,0.000132166601428,5.1627578683e-07,0.000132166601428,0.0091586208929,0.00600194669212,0.00118132424711,0.000132166601428,5.1627578683e-07,0.000132166601428,0.180854644883,0.729264926682,0.0730088376459
809,0.258666323141,0.0593393462797,0.0740641385548,0.0355259300012,0.125424380193,0.14691051268,0.00959197532291,0.0680560347414,0.10216976972,0.0521188445361,0.0276691059228,0.0404636389064,17,1,8,20,0.00020489722776,8.00379795936e-07,0.00020489722776,0.00360400955011,0.00730784302147,0.000354811661171,0.00020489722776,8.00379795936e-07,0.00020489722776,0.168024720707,0.745275702322,0.0746117230673
810,0.000670228200843,0.039581597315,0.0668421931066,0.177735990912,0.0624449186365,0.139545396042,0.0592126754251,0.109206385289,0.152692608634,0.00454865498354,0.167692796644,0.0198265548114,17,1,8,20,0.000823435368625,3.21654440869e-06,0.000823435368625,0.00802367209132,0.00232765976853,9.86174733937e-05,0.000823435368625,3.21654440869e-06,0.000823435368625,0.019851614208,0.878453701147,0.0879445607487
811,0.0127956993094,0.0924018663334,0.029088709959,0.0872317459477,0.103235545564,0.244742910799,0.0469378962889,0.0161420178486,0.177882163184,0.0867935434819,0.102062106061,0.000685795222944,17,1,8,20,4.84756410794e-06,1.89357972966e-08,4.84756410794e-06,0.0352966239949,0.00123758479858,0.00294739756595,4.84756410794e-06,1.89357972966e-08,4.84756410794e-06,0.176691770552,0.712478859438,0.0713283355221
812,0.0615788360032,0.037446236816,0.0707375825152,0.0252370861667,0.0188888262561,0.212179671854,0.00987226193545,0.0516288210454,0.0114636994416,0.189367232634,0.292660341006,0.0189394043257,17,1,8,20,8.25836401008e-06,3.22592344144e-08,8.25836401008e-06,0.00142547802001,1.28977531195e-05,0.00420890791954,8.25836401008e-06,3.22592344144e-08,8.25836401008e-06,0.0200141363062,0.885641345272,0.0886641367543
813,0.243061877188,0.0119949094782,0.191235996357,0.00260753818408,0.0952704337067,0.113650965453,0.107607952094,0.048917231377,0.0134448181019,0.0135904080148,0.0489003795113,0.109717490534,17,1,8,20,1.26252646618e-10,4.93174400851e-13,1.26252646618e-10,0.151952207407,2.64474119274e-06,7.31360121715e-11,1.26252646618e-10,4.93174400851e-13,1.26252646618e-10,0.144235804646,0.639761003625,0.0640483390013
814,0.188117319224,0.0440446196077,0.0335826590345,0.0697196591285,0.042575489661,0.0304809090431,0.232257945443,0.17198316177,0.0121179418297,0.0857398549807,0.0511952019039,0.0381852383736,17,1,8,20,1.75163482314e-05,6.84232352789e-08,1.75163482314e-05,0.0202417670682,7.84344848128e-05,0.00876476637646,1.75163482314e-05,6.84232352789e-08,1.75163482314e-05,0.178594978327,0.720153213978,0.0720966375261
815,0.0888413829711,0.0206976585049,0.0994213663061,0.293674929163,0.102153056898,0.147601316912,0.101860990865,0.0756248527497,0.0132901676598,0.00919813020816,0.0251367859177,0.0224993618448,17,1,8,20,2.20129600099e-05,8.59881250387e-08,2.20129600099e-05,4.7108492249e-06,2.51080514569e-05,0.0665742790608,2.20129600099e-05,8.59881250387e-08,2.20129600099e-05,0.0187852824747,0.831298663297,0.0832237324507
816,0.00247933820421,0.126615829524,0.0114732979078,0.140543931037,0.0824318312969,0.0198281906077,0.0779882644315,0.12268761072,0.051574433179,0.0876655534408,0.253920147436,0.0227915722157,17,1,8,20,1.36318447108e-06,5.32493934015e-09,1.36318447108e-06,0.0257693732757,3.83356864649e-06,0.000430429120491,1.36318447108e-06,5.32493934015e-09,1.36318447108e-06,0.179136932548,0.722338550194,0.072315417905
817,0.0436251388779,0.149078737773,0.0423187723371,0.0394102077356,0.0267600593536,0.062653366191,0.260177862902,0.26513757649,0.0164897137539,0.00572109837512,0.00471917393929,0.0839082922707,17,1,8,20,9.12039130853e-06,3.56265285489e-08,9.12039130853e-06,1.35941635695e-05,2.05950930002e-05,0.0268406981028,9.12039130853e-06,3.56265285489e-08,9.12039130853e-06,0.0195864791559,0.866731103355,0.0867709773118
818,0.123273332272,0.0863295556514,0.0801059316222,0.301118954104,0.0461877392852,0.141552731763,0.000582636450151,0.0450162365213,0.0117405598317,0.0379183957581,0.025165600899,0.101008325842,17,1,8,20,5.9838405944e-05,2.33743773219e-07,5.9838405944e-05,5.0049690857e-06,2.44057160203e-06,0.00495085323646,5.9838405944e-05,2.33743773219e-07,5.9838405944e-05,0.0200238112538,0.886070925568,0.0887071432899
819,0.118854194167,0.0923565074119,0.0262219098814,0.0751708703862,0.0164722166997,0.17337564191,0.0162568363001,0.0723822568827,0.155330347572,0.0599548257984,0.0600984119939,0.133525980997,17,1,8,20,1.03040938804e-07,4.02503667202e-10,1.03040938804e-07,2.06482459186e-08,0.00135702907673,0.00185150814637,1.03040938804e-07,4.02503667202e-10,1.03040938804e-07,0.183367997417,0.739399584009,0.0740234477338
820,0.0312019411814,0.0359864510612,0.223274034111,0.0587157446988,0.00261731896105,0.025150683181,0.0236863033456,0.0144591801397,0.0385025893031,0.0935894339615,0.428571204057,0.0242451159987,17,1,8,20,1.66357950631e-06,6.49835744654e-09,1.66357950631e-06,0.00680050058467,1.943175289e-06,0.000260369355672,1.66357950631e-06,6.49835744654e-09,1.66357950631e-06,0.0199861851416,0.884404065371,0.0885402690567
821,0.11035551472,0.0875424604074,0.133312970987,0.0401963843354,0.101003659693,0.0221282312837,0.0802962777237,0.303562379873,0.0358401998825,0.00163604695317,0.0786327677438,0.00549310639814,17,1,8,20,0.00157167989491,6.1393745895e-06,0.00157167989491,0.0224170584029,0.00143697384886,0.0326177395662,0.00157167989491,6.1393745895e-06,0.00157167989491,0.172411109221,0.695217836439,0.0696002841931
822,0.209652833955,0.131687636272,0.0228853089385,0.00352013806799,0.072934978965,0.0987670861152,0.0143950986665,0.0661173904956,0.251615027427,0.0109452229916,0.0544022079605,0.0630770701451,17,1,8,20,0.000340850720615,1.3314481274e-06,0.000340850720615,0.000472120780809,0.000164284221572,6.0374629962e-06,0.000340850720615,1.3314481274e-06,0.000340850720615,0.183588832493,0.740290063074,0.0741125961888
823,0.00635105594211,0.0822801811462,0.0911930924354,0.232690985858,0.0173981835304,0.0196784912553,0.0961990468231,0.0726156352688,0.0347421895064,0.196757216706,0.132173149946,0.0179207715822,17,1,8,20,5.99428566602e-07,2.34151783829e-09,5.99428566602e-07,1.07444990458e-07,0.00140291327234,1.44250183755e-07,5.99428566602e-07,2.34151783829e-09,5.99428566602e-07,0.183699748481,0.74073731252,0.0741573716346
824,0.307795794171,0.0824695047174,0.00948669961495,0.0754122596491,0.0144061268756,0.0709557018435,0.021590631638,0.0348376745006,0.0704710251087,0.0905284782162,0.147971000995,0.0740751026699,17,1,8,20,2.95637373174e-07,1.15483348896e-09,2.95637373174e-07,0.00739496897459,0.00203676534292,0.00127002457769,2.95637373174e-07,1.15483348896e-09,2.95637373174e-07,0.181989418793,0.733840705274,0.0734669321793
825,0.0399502711793,0.10137531912,0.0846360815053,0.0934031477533,0.116376553486,0.00954948030468,0.187952988572,0.0307100847736,0.011510230166,0.101234975635,0.12249992555,0.100800941956,17,1,8,20,4.45826617793e-07,1.74151022575e-09,4.45826617793e-07,7.74705433363e-07,1.75590566953e-06,1.28604312839e-06,4.45826617793e-07,1.74151022575e-09,4.45826617793e-07,0.183957283484,0.741775777665,0.0742613354074
826,0.0932858229171,0.00418322517131,0.00925990522858,0.0157542358981,0.0569935866121,0.0757534631489,0.00486025018745,0.0944192614549,0.0686033909327,0.272625795368,0.0254340737033,0.278826989378,17,1,8,20,0.012512373236,4.88764579533e-05,0.012512373236,0.0801812053813,0.150687736442,0.00575832345109,0.012512373236,4.88764579533e-05,0.012512373236,0.131203758612,0.529056356212,0.0529653740404
827,0.0552460690678,0.0850974825078,0.16087094375,0.102998118728,0.0753922031624,0.119889898205,0.00372631145485,0.0589648465498,0.214742353469,0.0164163500442,0.093439229658,0.0132161934032,17,1,8,20,1.14619676771e-06,4.47733112386e-09,1.14619676771e-06,0.0668060114862,0.00854600263214,4.37135010594e-08,1.14619676771e-06,4.47733112386e-09,1.14619676771e-06,0.17009583169,0.685881882142,0.0686656345938
828,0.219456121547,0.102825302051,0.100015918715,0.00853401682464,0.0807528836333,0.0922266137257,0.0464591180804,0.0559460196106,0.0177700506496,0.102759389072,0.124828864844,0.0484257012469,17,1,8,20,2.63598584823e-07,1.02968197196e-09,2.63598584823e-07,1.48067199395e-06,0.00306739096564,3.28616988939e-07,2.63598584823e-07,1.02968197196e-09,2.63598584823e-07,0.183393515035,0.739502479368,0.0740337488882
829,0.117766885507,0.151264691702,0.023872473003,0.0550624352264,0.0432673338827,0.0798625509642,0.291724774936,0.00275410643546,0.0299536656609,0.0191923805101,0.0273163074678,0.157962394705,17,1,8,20,0.000148300368083,5.79298312825e-07,0.000148300368083,0.00014444157651,1.64184217129e-05,0.00237572127684,0.000148300368083,5.79298312825e-07,0.000148300368083,0.183382351592,0.739457464723,0.0740292423408
830,0.107690771214,0.0228678580531,0.0119085483021,0.193282505427,0.00231821093256,0.0454764280142,0.0561002742303,0.148031269398,0.117672095063,0.144977938028,0.0222393325075,0.12743476883,17,1,8,20,0.000132026561934,5.15728757556e-07,0.000132026561934,0.0340711909768,0.00689270999716,0.000148675659896,0.000132026561934,5.15728757556e-07,0.000132026561934,0.17629797471,0.710890946065,0.0711693648855
831,0.119876189083,0.0231998941977,0.113267681728,0.00588136929314,0.0268843996615,0.145505096565,0.0666452873712,0.0631561633834,0.022635427237,0.0677238674953,0.00705622960779,0.338168394377,17,1,8,20,7.86184069842e-07,3.07103152282e-09,7.86184069842e-07,2.45382434383e-06,0.000424247679977,0.00067826919037,7.86184069842e-07,3.07103152282e-09,7.86184069842e-07,0.183754466107,0.74095795184,0.07417946048
832,0.14449842708,0.0592398325058,0.0567349265706,0.0619434440799,0.0226638152066,0.0175921624779,0.344852842878,0.0343917096888,0.0948562105386,0.0367424422325,0.100890934099,0.0255932526429,17,1,8,20,3.51297188153e-06,1.37225464122e-08,3.51297188153e-06,0.0096799954781,5.18491175728e-06,0.0182669667734,3.51297188153e-06,1.37225464122e-08,3.51297188153e-06,0.178813694401,0.721035148538,0.0721849305657
833,0.0373470253108,0.143967827575,0.0551729647598,0.153857696532,0.0410268757899,0.162268116427,0.0879464733842,0.0402939339477,0.116525196797,0.0299695968627,0.0305723499473,0.101051942666,17,1,8,20,1.60618286846e-09,6.2741518299e-12,1.60618286846e-09,0.000431204471083,0.00239830368155,0.00704179774187,1.60618286846e-09,6.2741518299e-12,1.60618286846e-09,0.182142404307,0.734457592775,0.0735286905853
834,0.117387562374,0.0532433509789,0.00681703519632,0.0171669938442,0.0838038604014,0.120441944885,0.175192838461,0.0274372451289,0.00726602138631,0.0510173922337,0.109026436409,0.231199318701,17,1,8,20,7.42050743256e-07,2.89863571585e-09,7.42050743256e-07,0.0265749334816,0.000192268270589,9.84488726542e-07,7.42050743256e-07,2.89863571585e-09,7.42050743256e-07,0.179033536763,0.721921624715,0.07227367828
835,0.0117280883983,0.0360317092039,0.0360785169625,0.0100925324692,0.292066427464,0.338123654418,0.0197310186232,0.0078708226527,0.174948860863,0.0470549683012,0.0128743042845,0.0133990963595,17,1,8,20,0.00194301260289,7.58989298004e-06,0.00194301260289,0.0162568008275,4.17322148239e-06,0.00652327945625,0.00194301260289,7.58989298004e-06,0.00194301260289,0.178334435677,0.719102621018,0.0719914596024
836,0.0690792238111,0.00712144585445,0.0304136314223,0.0414498372719,0.0402845764125,0.00658701767656,0.0633250782992,0.170859644188,0.00187270558912,0.0742343963193,0.40074195911,0.0940304840454,17,1,8,20,2.35914209708e-08,9.2153988167e-11,2.35914209708e-08,2.1730891892e-11,0.000325350167616,0.000143638240681,2.35914209708e-08,9.2153988167e-11,2.35914209708e-08,0.18387202257,0.741431977845,0.0742269166053
837,0.0242555847423,0.0175375502695,0.0922426182447,0.0478788968346,0.115710620482,0.123025861278,0.0718541122895,0.040717754857,0.0498803915356,0.130809978254,0.0203783682351,0.265708262978,17,1,8,20,8.24484557289e-07,3.22064280191e-09,8.24484557289e-07,0.00107693932768,0.000622753778271,0.00111050709494,8.24484557289e-07,3.22064280191e-09,8.24484557289e-07,0.183440746724,0.739692932945,0.0740528157509
838,0.0288478601432,0.160450847708,0.159977196538,0.0126127633706,0.0921842013001,0.0206532981121,0.0628883925435,0.0878415120524,0.00253510329988,0.232314189453,0.0197897140479,0.119904921431,17,1,8,20,1.86455311584e-06,7.28341060876e-09,1.86455311584e-06,1.54918119387e-06,0.0011721335153,3.08510606791e-06,1.86455311584e-06,7.28341060876e-09,1.86455311584e-06,0.183740463383,0.740901488286,0.0741738077491
839,0.130201954789,0.0701919138005,0.0339924503729,0.0623793517397,0.0687203441411,0.102395533541,0.126448250716,0.0717767198243,0.162366505503,0.0770458985083,0.0340841158854,0.0603969611787,17,1,8,20,3.93130716176e-05,1.53566686006e-07,3.93130716176e-05,5.56637430095e-06,4.74549170358e-06,0.00647791334795,3.93130716176e-05,1.53566686006e-07,3.93130716176e-05,0.0199946542012,0.884781505479,0.0885780556861
840,0.100656949245,0.0083907531673,0.166229844092,0.0967548398047,0.0189138123534,0.0845556807194,0.0136531963318,0.0629212000538,0.127304631182,0.101695716184,0.116446681698,0.102476695168,17,1,8,20,7.61711891715e-07,2.97543707701e-09,7.61711891715e-07,0.00455359663178,9.48559497166e-05,0.00522447704293,7.61711891715e-07,2.97543707701e-09,7.61711891715e-07,0.182141545205,0.734454128596,0.0735283437762
841,0.409192552527,0.0133027799112,0.0641839230839,0.00376506882793,0.0663992517828,0.0252563437545,0.0190468006981,0.0676814849808,0.00564927272471,0.140569183177,0.177706751898,0.00724658663329,17,1,8,20,2.64378833226e-07,1.03272981729e-09,2.64378833226e-07,0.000677191679617,0.000752369480499,0.000369326595791,2.64378833226e-07,1.03272981729e-09,2.64378833226e-07,0.183627199006,0.74044476937,0.0741280842871
842,0.0714564555692,0.0244404872361,0.137760179635,0.0298782926186,0.0433599662489,0.31585638213,0.00938564687995,0.0836078058164,0.241554192408,0.0100237569456,0.0308238372768,0.00185299723467,17,1,8,20,4.68775635739e-05,1.8311548271e-07,4.68775635739e-05,0.000182984666178,0.0710886682138,0.0485766391896,4.68775635739e-05,1.8311548271e-07,4.68775635739e-05,0.161876663063,0.652739512977,0.0653476554053
843,0.138301372529,0.192630187895,0.116497882333,0.00070205057151,0.188279498191,0.04070262507,0.0255165215976,0.0747863496047,0.0189785582474,0.166631410189,0.0180774748421,0.0188960689306,17,1,8,20,3.19003924302e-05,1.2461090793e-07,3.19003924302e-05,5.6137728728e-05,0.00272860374702,0.00183698763026,3.19003924302e-05,1.2461090793e-07,3.19003924302e-05,0.183084589572,0.738256791123,0.0739090394068
844,0.0521437463285,0.358186092955,0.000951887090913,0.0268925635807,0.0268389924153,0.0703196963212,0.234536465013,0.0375199323909,0.0684489837193,0.0669776078075,0.0359749214652,0.0212091109123,17,1,8,20,0.000345797893627,1.35077302198e-06,0.000345797893627,1.35271852817e-07,9.49842284252e-05,0.000340530210596,0.000345797893627,1.35077302198e-06,0.000345797893627,0.183623226335,0.740428750266,0.0741264805678
845,0.0155015844247,0.0332226086795,0.130732770063,0.252107724102,0.0509993174369,0.112001647705,0.14809114399,0.00687780603961,0.0793085829469,0.0383094484229,0.0523954437158,0.0804519224725,17,1,8,20,7.38736034455e-06,2.88568763459e-08,7.38736034455e-06,7.35619967357e-05,0.00760259928867,4.56602880299e-06,7.38736034455e-06,2.88568763459e-08,7.38736034455e-06,0.182539934152,0.736060562792,0.0736891685864
846,0.0133145772049,0.161454157296,0.0262316300684,0.10349673043,0.18033242824,0.0145014939626,0.0301872752805,0.0134797136274,0.101145839071,0.106098248215,0.0628592796541,0.186898626951,17,1,8,20,0.0108806958782,4.25027182742e-05,0.0108806958782,0.0774819291246,0.068374347218,0.124705272597,0.0108806958782,4.25027182742e-05,0.0108806958782,0.126164252463,0.508735423425,0.0509309862227
847,0.0190998621042,0.0280007176249,0.206411046399,0.197295889649,0.0336032594691,0.207443664286,0.00986851464509,0.0655943836059,0.0295356825898,0.0950756677631,0.0326002872297,0.0754710246353,17,1,8,20,1.85375851024e-05,7.24124418062e-08,1.85375851024e-05,1.5443331599e-06,0.00120189115783,1.2262004129e-06,1.85375851024e-05,7.24124418062e-08,1.85375851024e-05,0.183723039536,0.740831229654,0.0741667739527
848,0.105368549989,0.0056436836587,0.0127388656785,0.150958031772,0.174740532909,0.0935496987539,0.0640465010466,0.0350324112628,0.148092257794,0.0389010109971,0.0983799526335,0.072548503505,17,1,8,20,9.77750657705e-06,3.81933850666e-08,9.77750657705e-06,4.12984005424e-12,0.00230873865363,0.000790209401214,9.77750657705e-06,3.81933850666e-08,9.77750657705e-06,0.183381028356,0.739452129005,0.0740287081665
849,0.159675185565,0.0578210020807,0.177402743288,0.151104276058,0.0453090813525,0.00347678593326,0.0599777924233,0.13346064347,0.0984305574918,0.0403869824832,0.0188394960992,0.0541154537547,17,1,8,20,2.83978161017e-08,1.10928969147e-10,2.83978161017e-08,4.87502129976e-06,1.0514990497e-08,0.0179427251158,2.83978161017e-08,1.10928969147e-10,2.83978161017e-08,0.180656681146,0.728466672315,0.0729289220742
850,0.0449369893611,0.0233458140709,0.1142865139,0.0137552698411,0.18491917229,0.342643374927,0.0735533038257,0.013224362184,0.0335472147381,0.00147509300012,0.116759345242,0.03755354662,17,1,8,20,3.61353684694e-06,1.41153783084e-08,3.61353684694e-06,0.00269117080247,0.0162772404109,0.00379566287849,3.61353684694e-06,1.41153783084e-08,3.61353684694e-06,0.179768009433,0.724883258069,0.0725701760283
851,0.13430000427,0.0777956250082,0.212048504784,0.0356105606217,0.102553304068,0.0911494160419,0.0914892560031,0.122176116918,0.0130152543869,0.0707112297117,0.0432132133001,0.00593751488632,17,1,8,20,0.000408340217076,1.59507897295e-06,0.000408340217076,6.01195731846e-06,6.29291409735e-06,0.00971477283906,0.000408340217076,1.59507897295e-06,0.000408340217076,1.27041772006e-15,0.898668089201,0.0899682820625
852,0.229063805196,0.145389468016,0.105658603962,0.014505841699,0.0253735972981,0.0482580868764,0.125175999951,0.0944124136676,0.0480459302182,0.0124604716818,0.0689160957492,0.0827396856845,17,1,8,20,9.22829541618e-08,3.60480289695e-10,9.22829541618e-08,1.3209632781e-07,0.00871770483334,8.87259924094e-08,9.22829541618e-08,3.60480289695e-10,9.22829541618e-08,0.182354511339,0.735312877519,0.0736143156342
853,0.197536062476,0.0920410876976,0.054644976014,0.0382413275754,0.164353429,0.160034994619,0.136069425164,0.0291644470094,0.00806101609404,0.101632762522,0.0154956469512,0.00272482487677,17,1,8,20,3.10727887359e-05,1.21378081e-07,3.10727887359e-05,0.0805719378065,0.000601669876542,0.00681178653458,3.10727887359e-05,1.21378081e-07,3.10727887359e-05,0.167749760434,0.676421757499,0.067718553939
854,0.156660009116,0.148049141413,0.0299637142354,0.0252019801896,0.313343512595,0.0550215719812,0.102048953414,0.00792788720528,0.0819741454187,0.0306333406212,0.0476472462167,0.00152849759414,17,1,8,20,0.000146276758135,5.71393586465e-07,0.000146276758135,0.0525168111349,0.000394389197658,0.0284866109722,0.000146276758135,5.71393586465e-07,0.000146276758135,0.168876664601,0.680965802722,0.0681734715524
855,0.101918961338,0.0143758131222,0.0948559743239,0.264950905188,0.0223671396482,0.0668622509821,0.255186465822,0.0144516746212,0.0172332501698,0.0962801593419,0.0109742610953,0.0405431443465,17,1,8,20,7.8869222694e-06,3.08082901148e-08,7.8869222694e-06,0.126938196994,0.00107551364139,1.57942278899e-06,7.8869222694e-06,3.08082901148e-08,7.8869222694e-06,0.160403022528,0.646797313604,0.0647527645044
856,0.17794303995,0.0330170933511,0.010812349061,0.0296843623723,0.11574908787,0.127202261627,0.151227944999,0.185619807126,0.0374843431526,0.0593354964974,0.0563758647782,0.0155483492151,17,1,8,20,0.000237595915828,9.28109046205e-07,0.000237595915828,6.17336727814e-11,2.98629066103e-07,1.77209254475e-07,0.000237595915828,9.28109046205e-07,0.000237595915828,0.183783054295,0.741073228738,0.0741910011863
857,0.0165043470302,0.191201497005,0.00918379089216,0.106599656572,0.0263967783244,0.0780221944378,0.22507984572,0.0660305780158,0.164043984526,6.78694907306e-05,0.0442853372631,0.0725841207235,17,1,8,20,2.22531937496e-05,8.69265380843e-08,2.22531937496e-05,0.19064453841,8.13750264531e-05,6.93257484708e-05,2.22531937496e-05,8.69265380843e-08,2.22531937496e-05,1.98529163798e-18,0.735484115427,0.0736314587603
858,0.247563614741,0.0236607950982,0.0227264103136,0.0577650868025,0.0288206531771,0.00736529162006,0.0277810498462,0.143179711969,0.090410466562,0.0624554937284,0.0252585093633,0.263012916779,17,1,8,20,1.4580572961e-05,5.69553631287e-08,1.4580572961e-05,4.71963968124e-09,1.10953299588e-05,4.0538089883e-05,1.4580572961e-05,5.69553631287e-08,1.4580572961e-05,0.183938065193,0.741698283249,0.0742535772155
859,0.262619033536,0.00400417418054,0.0333586597712,0.0465465762004,0.0485313498336,0.0691035440652,0.0319062506632,0.118741754134,0.228571844296,0.0945341618464,0.059367450352,0.00271520112189,17,1,8,20,0.000110163691966,4.30326921741e-07,0.000110163691966,0.028292426646,0.000145860994,5.42635382351e-05,0.000110163691966,4.30326921741e-07,0.000110163691966,0.178635652167,0.720317224169,0.0721130570644
860,0.0243395682839,0.271206295939,0.0210285739068,0.0536102042042,0.0254077494265,0.22961785633,0.131175757701,0.0613429295312,0.106844096253,0.0541076284056,0.00974022311008,0.0115791169079,17,1,8,20,0.000280977129805,1.0975669133e-06,0.000280977129805,1.24343943569e-05,0.0330557705305,1.22027636297e-05,0.000280977129805,1.0975669133e-06,0.000280977129805,0.17766574212,0.716406230456,0.0717215160831
861,0.176277952396,0.000598530224311,0.014265470737,0.0226682861526,0.00296689218502,0.0401379315347,0.120763533486,0.00516775598902,0.123417497597,0.0957159634544,0.3515099656,0.0465102206439,17,1,8,20,2.26115937263e-07,8.83265379936e-10,2.26115937263e-07,0.00290312197135,0.000321255292284,0.00158579765755,2.26115937263e-07,8.83265379936e-10,2.26115937263e-07,0.183073275905,0.738211170727,0.0739044722159
862,0.033866387159,0.0168387570781,0.0914759065609,0.211493615045,0.0225837985827,0.0701611026072,0.01258095776,0.13770241745,0.175910295359,0.114034899284,0.0745983420217,0.0387535210919,17,1,8,20,0.000130924346981,5.11423230393e-07,0.000130924346981,0.000212186147768,1.07649932807e-05,0.00139085937646,0.000130924346981,5.11423230393e-07,0.000130924346981,0.183564913772,0.740193614987,0.0741029404896
863,0.0816819229419,0.0654212305715,0.0887524028017,0.0777993454132,0.0262204790758,0.00782751225794,0.110045276298,0.12853122701,0.0628343711868,0.125618424475,0.209967867697,0.0152999402714,17,1,8,20,2.86562235656e-06,1.11938373303e-08,2.86562235656e-06,9.53762890987e-06,1.45047265825e-06,0.000993002147452,2.86562235656e-06,1.11938373303e-08,2.86562235656e-06,7.95361332691e-16,0.908074536002,0.0909099888719
864,0.0967687089582,0.148052200394,0.0207044378437,0.081229716006,0.127555030876,0.0474029219423,0.0678724313065,0.058927409314,0.167909587111,0.0322275971802,0.138393163775,0.0129567952926,17,1,8,20,1.11654241609e-08,4.36149381287e-11,1.11654241609e-08,1.85758682585e-08,1.05428961522e-08,6.4778601368e-05,1.11654241609e-08,4.36149381287e-11,1.11654241609e-08,0.183946379806,0.74173183186,0.0742569358648
865,0.078743922573,0.0855578179412,0.000129301787644,0.045239941791,0.0822067052139,0.244766487049,0.0941695695214,0.0962387371558,0.0439194007728,0.00430631980533,0.0476346685215,0.177087127867,17,1,8,20,4.55958652124e-06,1.78108848486e-08,4.55958652124e-06,0.00240349648143,0.00315261877176,0.00160995264731,4.55958652124e-06,1.78108848486e-08,4.55958652124e-06,0.182636694864,0.736450733549,0.0737282297182
866,0.0480068880402,0.0217258817358,0.0542991419329,0.0291176100038,0.204599938632,0.170699469291,0.0243439244708,0.102701113039,0.140169597519,0.0739915383501,0.0318222177392,0.0985226792463,17,1,8,20,1.07352281796e-06,4.19344850767e-09,1.07352281796e-06,0.00658184191289,0.00500021012775,0.00156823906471,1.07352281796e-06,4.19344850767e-09,1.07352281796e-06,0.181538417423,0.732022120625,0.0732848683688
867,0.140157956228,0.0516565738022,0.0426038160412,0.0241133855702,0.114007879586,0.16542004915,0.0600939288471,0.0600815871109,0.110437234131,0.0197179624036,0.0967674642767,0.114942162853,17,1,8,20,2.00293816228e-11,7.82397719639e-14,2.00293816228e-11,1.00563125269e-07,0.00218890667695,0.00197352811936,2.00293816228e-11,7.82397719639e-14,2.00293816228e-11,0.183192581281,0.738692248923,0.0739526343564
868,0.364841861903,0.0271398724015,0.186836691166,0.0480982573089,0.00306962567596,0.148867638167,0.0257256243928,0.0135063405107,0.0208862470455,0.0973220847893,0.00845176884102,0.0552539877983,17,1,8,20,0.000330432935128,1.29075365284e-06,0.000330432935128,0.015920431986,5.88661600688e-05,0.000711553140261,0.000330432935128,1.29075365284e-06,0.000330432935128,0.180644274985,0.728416646625,0.0729239138566
869,0.168490143869,0.0196312667257,0.00703474887106,0.0702333512198,0.222114214944,0.0439908406375,0.0448074182634,0.0668510686397,0.173850166971,0.0745746387378,0.0754830421156,0.0329390990057,17,1,8,20,3.96217530616e-06,1.54772472897e-08,3.96217530616e-06,7.32561883115e-09,5.88211320672e-07,0.00445747153541,3.96217530616e-06,1.54772472897e-08,3.96217530616e-06,0.183135294585,0.738461250278,0.0739295084087
870,0.0190105420295,0.0088020123976,0.000380507903167,0.218592262598,0.00288577276365,0.00325913243128,0.0301479489002,0.0253955087987,0.132287338569,0.074249466593,0.0433506565711,0.441638850445,17,1,8,20,3.92800068888e-06,1.53437526909e-08,3.92800068888e-06,0.023606327301,4.7627647764e-05,5.17850914088e-05,3.92800068888e-06,1.53437526909e-08,3.92800068888e-06,0.179594550308,0.724183814289,0.0725001526725
871,0.0206527209517,0.0619063485673,0.102304619441,0.00135845741202,0.0208699422343,0.11555773739,0.0185547643896,0.0698608992854,0.219619625859,0.112334485102,0.249323482269,0.0076569170984,17,1,8,20,1.74284762635e-05,6.80799854041e-08,1.74284762635e-05,0.0173072585894,6.21627418685e-05,0.000349246048378,1.74284762635e-05,6.80799854041e-08,1.74284762635e-05,0.180685968601,0.728584768888,0.0729407450664
872,0.243709088169,0.141714917309,0.0680709575045,0.140893714152,0.0977286082762,0.0357297368911,0.0129268491686,0.000810757629049,0.0750278728252,0.0561160348352,0.06239458254,0.0648768806998,17,1,8,20,1.36588489397e-05,5.33548786706e-08,1.36588489397e-05,0.100187849117,8.92523151059e-06,0.000449273631964,1.36588489397e-05,5.33548786706e-08,1.36588489397e-05,0.165433566651,0.667082108782,0.0667835344806
873,0.149584448705,0.0390036193551,0.162705973305,0.189847281166,0.0115252399482,0.0105025666693,0.084927005889,0.0148264937513,0.260919143938,0.00812868138813,0.050063238659,0.0179663072263,17,1,8,20,2.92511498483e-07,1.14262304095e-09,2.92511498483e-07,2.4147520154e-13,0.0397904344166,3.32767258357e-07,2.92511498483e-07,1.14262304095e-09,2.92511498483e-07,0.176638256168,0.712263071912,0.0713067324038
874,0.0441498963812,0.108038214299,0.261670346884,0.0231732407304,0.0129306627677,0.0190848658345,0.105141570208,0.113542677263,0.0196739203456,0.0384572903247,0.148602206749,0.105535108213,17,1,8,20,4.37539982876e-06,1.70914055811e-08,4.37539982876e-06,4.9676555185e-07,0.000107882139655,0.000350590586082,4.37539982876e-06,1.70914055811e-08,4.37539982876e-06,0.169999658648,0.754035176516,0.075488659563
875,0.212957755546,0.0186706615767,0.00205595100297,0.105021865815,0.0583832895405,0.0177856904601,0.000933182111999,0.0106811759018,0.173676363032,0.113493977719,0.000608976407746,0.285731110887,17,1,8,20,2.49102334519e-08,9.73055994216e-11,2.49102334519e-08,5.26535203445e-05,0.00150558181722,3.14863122888e-08,2.49102334519e-08,9.73055994216e-11,2.49102334519e-08,0.18367163978,0.740623969069,0.0741460244913
876,0.12749486556,0.0467064904166,0.014619838073,0.0116017197705,0.048496552493,0.0942756157035,0.149323789795,0.256037189206,0.095060968003,0.14500565824,0.0111220100009,0.000255302739127,17,1,8,20,3.0522229773e-06,1.19227460051e-08,3.0522229773e-06,0.0281375273204,0.00308567061253,0.00496338561824,3.0522229773e-06,1.19227460051e-08,3.0522229773e-06,0.17729924106,0.714928378623,0.0715735640281
877,0.0111895619594,0.000439093400538,0.0527356275478,0.25380703187,0.0149697937584,0.119780884932,0.046655658339,0.0946313055163,0.206497524083,0.170609529325,0.0108888908572,0.0177950984114,17,1,8,20,3.3364006004e-05,1.30328148453e-07,3.3364006004e-05,9.60765700502e-06,0.000160007428632,3.94472321308e-06,3.3364006004e-05,1.30328148453e-07,3.3364006004e-05,0.0201223228037,0.890427143719,0.0891432569877
878,0.0349178336626,0.130929230546,0.0246899304553,0.185922687136,0.0362323018065,0.140005398029,0.0457486798148,0.0635346469036,0.0707985906902,0.0235942589853,0.192195750174,0.0514306917974,17,1,8,20,8.98880960018e-05,3.51125375007e-07,8.98880960018e-05,0.0103414878637,0.00586380488996,0.000229979922869,8.98880960018e-05,3.51125375007e-07,8.98880960018e-05,0.180868637392,0.729321349044,0.073014486253
879,0.106444702847,0.0999868318771,0.10512473845,0.00125841342314,0.126098484769,0.0593446938534,0.00410998376443,0.179980477305,0.133597067949,0.0576535763993,0.100200163572,0.0262008657912,17,1,8,20,9.44839272591e-05,3.69077840856e-07,9.44839272591e-05,2.31885954118e-11,0.000260336271795,8.1754040013e-05,9.44839272591e-05,3.69077840856e-07,9.44839272591e-05,0.183825723717,0.741245285767,0.0742082263171
880,0.116337856005,0.154837458139,0.00180020455109,0.0225369772164,0.0257801276623,0.0975075105009,0.0382682897675,0.250010087418,0.120253899179,0.0532978192505,0.0984682033763,0.0209015669335,17,1,8,20,0.000235481173053,9.19848332236e-07,0.000235481173053,0.000464646949095,0.000391484014808,0.00309151059096,0.000235481173053,9.19848332236e-07,0.000235481173053,0.183058499492,0.738151587408,0.0738985071562
881,0.00144721392041,0.177614638099,0.134409401304,0.0918676534272,0.0905635905864,0.0568211432172,0.218054619375,0.00747197625466,0.0528744339567,0.0313617809321,0.00502965152548,0.132483897402,17,1,8,20,1.13958180963e-07,4.45149144385e-10,1.13958180963e-07,1.79866321446e-12,1.21393304455e-09,0.00703823458783,1.13958180963e-07,4.45149144385e-10,1.13958180963e-07,0.182663488272,0.736558773308,0.0737390458935
882,0.0622812923571,0.0978068493285,0.023705255962,0.257407276001,0.0185531309625,0.085492834828,0.109519921435,0.0311891851365,0.11572315508,0.1332865455,0.011641845209,0.0533927082012,17,1,8,20,2.56988652132e-05,1.00386192239e-07,2.56988652132e-05,0.00841994723115,0.00900306203036,9.18687799698e-05,2.56988652132e-05,1.00386192239e-07,2.56988652132e-05,0.180717359831,0.728711348567,0.0729534173271
883,0.00510609738178,0.106063557426,0.141560103734,0.18597720732,0.0707839877066,0.0880934235396,0.00867466422025,0.0368687214487,0.089675130033,0.244323721825,0.017836572113,0.00503681325136,17,1,8,20,7.56008699569e-10,2.95315898269e-12,7.56008699569e-10,2.14221793292e-05,0.00320300290259,0.000135298247777,7.56008699569e-10,2.95315898269e-12,7.56008699569e-10,0.0200608433023,0.887708358831,0.0888710715071
884,0.102768656236,0.0417314726798,0.212137831615,0.0128037391507,0.0269825200125,0.0580734553426,0.112061739769,0.0137721952204,0.0421591970223,0.052587124543,0.0747301889793,0.250191879429,17,1,8,20,1.12023882184e-05,4.37593289781e-08,1.12023882184e-05,7.37474381199e-06,3.15040344646e-08,0.000316152606308,1.12023882184e-05,4.37593289781e-08,1.12023882184e-05,0.183890533753,0.741506620975,0.0742343893466
885,0.0655058899637,0.0928777777766,0.0274685130431,0.0663999196176,0.196845162215,0.0416823903837,0.0369556564126,0.145879357314,0.128930730218,0.0330251162097,0.0670710527829,0.0973584340638,17,1,8,20,2.68869247261e-05,1.05027049711e-07,2.68869247261e-05,6.11586797894e-12,2.7415408199e-08,1.4118311294e-08,2.68869247261e-05,1.05027049711e-07,2.68869247261e-05,0.183938483708,0.741699970835,0.0742537461647
886,0.066125638392,0.316323423003,0.0360015802757,0.0262598435367,0.0284552618673,0.0382811717073,0.168160774682,0.0541037254774,0.127151472316,0.0338592306271,0.0865682034602,0.0187096746557,17,1,8,20,9.61403088569e-05,3.75548081472e-07,9.61403088569e-05,0.00017511310993,0.00977275443905,0.000141950063361,9.61403088569e-05,3.75548081472e-07,9.61403088569e-05,0.182031327037,0.734009692987,0.0734838500318
887,0.058203410655,0.0988084372321,0.0362160871941,0.0219702893277,0.0205609352165,0.148068758063,0.0275194968908,0.156961364138,0.131075521706,0.253923379763,0.0439509145589,0.00274140525472,17,1,8,20,2.13129736766e-06,8.32538034242e-09,2.13129736766e-06,5.62168815602e-06,0.00185953651613,1.74990522512e-09,2.13129736766e-06,8.32538034242e-09,2.13129736766e-06,1.86562327526e-15,0.90729441002,0.0908318881857
888,0.0434594022017,0.0574893545535,0.122834264324,0.0899166156087,0.130297964681,0.0325601360644,0.0440922880259,0.137378637634,0.17496809891,0.0758450778684,0.0576076110514,0.033550549077,17,1,8,20,1.82289200616e-07,7.12067189907e-10,1.82289200616e-07,0.000631301181387,0.000625692305307,0.00904938925422,1.82289200616e-07,7.12067189907e-10,1.82289200616e-07,0.0199209187675,0.881520391819,0.0882515760914
889,0.00297158668554,0.134118788486,0.146899781636,0.0410665422245,0.246824586496,0.00892967160233,0.0534289623246,0.0685183497427,0.175025372755,0.0185174134311,0.0115418217696,0.0921571228468,17,1,8,20,0.000391574781639,1.52958899078e-06,0.000391574781639,4.73103171274e-07,0.000650260562858,1.99787743784e-07,0.000391574781639,1.52958899078e-06,0.000391574781639,0.169703049034,0.752719696213,0.0753569629952
890,0.1321858992,0.0708002368643,0.00336019069171,0.0736254236795,0.152604168409,0.15006599135,0.028987838772,0.00482148590858,0.00305938939876,0.189190358842,0.151944946608,0.0393540702758,17,1,8,20,0.000422311190459,1.64965308773e-06,0.000422311190459,0.00935868075428,0.0010929424634,1.34237077587e-06,0.000422311190459,1.64965308773e-06,0.000422311190459,0.181724046801,0.732770638834,0.0733598047087
891,0.144652947531,0.0422240641727,0.0169389690714,0.0147965252877,0.0934897998536,0.0455953433308,0.141950463563,0.162993239911,0.00451053764685,0.212096640783,0.0123445751699,0.10840689368,17,1,8,20,5.29802185027e-09,2.06953978526e-11,5.29802185027e-09,1.10802639362e-11,0.00184936287217,4.99071632956e-12,5.29802185027e-09,2.06953978526e-11,5.29802185027e-09,0.183618104698,0.740408098155,0.0741244130248
892,0.0187224253064,0.116891780242,0.0171275588532,0.0260092761559,0.12145870299,0.163437403865,0.125535451718,0.155880544217,0.0640090701841,0.013651919849,0.0770155148727,0.100260351746,17,1,8,20,3.34934465159e-06,1.30833775453e-08,3.34934465159e-06,0.0110857031742,0.00478198019594,2.89395713359e-06,3.34934465159e-06,1.30833775453e-08,3.34934465159e-06,0.181036320259,0.729997501065,0.0730821778029
893,0.306539145892,0.00357627182247,0.183689646895,0.0429219124272,0.00260933151889,0.11949694823,0.00294085667794,0.0880140255029,0.0957773900756,0.0358561671151,0.0327402051544,0.0858380986879,17,1,8,20,0.000247100836272,9.65237641687e-07,0.000247100836272,6.2393387598e-08,0.000850233574516,0.00219520262735,0.000247100836272,9.65237641687e-07,0.000247100836272,0.183215889356,0.738786234684,0.0739620435449
894,0.000366451278103,0.0378852757231,0.0270948867811,0.108390917245,0.0952567180705,0.0530545061094,0.193682381047,0.0123371132863,0.0244042485166,0.0148871732668,0.00737549706084,0.425264831615,17,1,8,20,0.00929342315288,3.63024341909e-05,0.00929342315288,2.51728750398e-09,0.000272613553516,0.962481086312,0.00929342315288,3.63024341909e-05,0.00929342315288,2.53258794908e-11,1.02122208737e-10,1.02237520069e-11
895,0.00403869845079,0.112626907372,0.34718668047,0.000377382079888,0.144879879829,0.106236893267,0.0950728079403,0.0557491233217,0.0090310042681,0.000180899227173,0.117026075555,0.00759364821945,17,1,8,20,0.000305371975402,1.19285927891e-06,0.000305371975402,2.46777248953e-07,0.000282718826418,1.41367661251e-06,0.000305371975402,1.19285927891e-06,0.000305371975402,0.183680858623,0.74066114245,0.0741497460268
896,0.251239034514,0.0133888092385,0.1390217214,0.0482564630742,0.0612290212405,0.0227806735291,0.0880285059084,0.0226645258604,0.0639661139596,0.0130225975384,0.27510522218,0.00129731155657,17,1,8,20,6.38657620591e-05,2.49475633043e-07,6.38657620591e-05,0.00018963440892,0.00176176766429,4.5894719567e-05,6.38657620591e-05,2.49475633043e-07,6.38657620591e-05,0.183543808595,0.740108512029,0.0740944205844
897,0.0249990015219,0.171793700428,0.0398132698519,0.122735600044,0.036633860178,0.192146679837,0.187079160299,0.0518396452624,0.0471288333525,0.0439010015557,0.0329556797695,0.0489735678999,17,1,8,20,2.0680819549e-07,8.07844513635e-10,2.0680819549e-07,0.0918577771993,0.00704589361177,1.90192695673e-07,2.0680819549e-07,8.07844513635e-10,2.0680819549e-07,0.0181372882621,0.802606723197,0.0803512986892
898,0.0600827726364,0.0440104387908,0.153897086799,0.0603790385796,0.070242230176,0.0931986634458,0.0137822337049,0.0179068901457,0.0605165292392,0.0761050548142,0.126277990909,0.223601070759,17,1,8,20,1.3868600356e-05,5.41742201405e-08,1.3868600356e-05,2.2721238201e-05,0.000148873474612,0.000564204748769,1.3868600356e-05,5.41742201405e-08,1.3868600356e-05,0.183812732946,0.741192902743,0.0742029820998
899,0.10754867584,0.1458301344,0.0547760365024,0.0494691557956,0.0420231423878,0.0852990053959,0.0163172685666,0.035464484203,0.0564927377127,0.0500191778,0.0672472821534,0.289512899243,17,1,8,20,0.000116529670201,4.55194024221e-07,0.000116529670201,0.00682973008397,1.27357651878e-05,0.0019440574246,0.000116529670201,4.55194024221e-07,0.000116529670201,0.168506821586,0.747413847097,0.0748257789735
900,0.0857995213233,0.028967166657,0.0198348567107,0.0434190601126,0.105521074835,0.161627095222,0.10943279188,0.0325319685202,0.0103763177536,0.271287772031,0.0510489275138,0.0801534474413,17,1,8,20,1.03640426512e-06,4.04845416062e-09,1.03640426512e-06,0.00455397782944,4.08327952683e-06,0.00398524157389,1.03640426512e-06,4.04845416062e-09,1.03640426512e-06,0.182385938614,0.735439602544,0.0736270024458
901,0.07746303657,0.0296863198859,0.212806622268,0.132642296098,0.196122367013,0.00531767343388,0.0215869558229,0.0366219634532,0.0292998971481,0.00722440741346,0.250419732719,0.00080872817474,17,1,8,20,3.12004027435e-06,1.21876573217e-08,3.12004027435e-06,3.28161031477e-09,0.00192207672918,1.98366194427e-09,3.12004027435e-06,1.21876573217e-08,3.12004027435e-06,0.183602431007,0.740344896718,0.0741180857447
902,0.0337618229619,0.0491389435593,0.162308235702,0.05600129645,0.0638373548821,0.186517144213,0.0142914602515,0.080214820407,0.118821849427,0.154419851816,0.0248600721449,0.0558271481846,17,1,8,20,9.30793534454e-05,3.63591224396e-07,9.30793534454e-05,2.3098695557e-05,0.0001108611547,0.00147078031463,9.30793534454e-05,3.63591224396e-07,9.30793534454e-05,0.183594484333,0.740312853137,0.0741148777685
903,0.211258815475,0.194062657749,0.0280806777049,0.0154032808025,0.00528394602494,0.01101867002,0.070496936114,0.0454597118426,0.195557636462,0.0515440901888,0.145008846699,0.0268247309177,17,1,8,20,4.29710185782e-05,1.67855541321e-07,4.29710185782e-05,8.49536704006e-05,0.00375135345143,1.37244492646e-06,4.29710185782e-05,1.67855541321e-07,4.29710185782e-05,0.183220659959,0.73880547131,0.0739639693796
904,0.120714846609,0.0460963899289,0.0237069605081,0.0409271039603,0.117562574913,0.00840164592508,0.090353020834,0.148786205898,0.0635865243928,0.0250999652595,0.205169089223,0.109595672548,17,1,8,20,6.01875461823e-09,2.35107602275e-11,6.01875461823e-09,0.00878034682718,0.000791198493087,0.000558462282352,6.01875461823e-09,2.35107602275e-11,6.01875461823e-09,0.168357752722,0.746752632682,0.0747595828709
905,0.0654416541219,0.0132214050043,0.0357604571928,0.278473533686,0.0339409205734,0.068674500981,0.0461020727588,0.160262292888,0.0285644150066,0.06646583665,0.00684937570205,0.196243535435,17,1,8,20,5.25724702708e-10,2.05361211995e-12,5.25724702708e-10,3.16497452284e-08,7.21462066149e-10,6.78192368778e-08,5.25724702708e-10,2.05361211995e-12,5.25724702708e-10,0.183958284685,0.741779868104,0.0742617449132
906,0.169140553133,0.0908375205933,0.010379163334,0.0307929294863,0.104698273415,0.222108055998,0.134434204759,0.035056995778,0.0551446153436,0.0108275411353,0.0155437626939,0.121036384331,17,1,8,20,1.51626074514e-05,5.92289353572e-08,1.51626074514e-05,0.0770646095256,1.8022799096e-06,0.00326437666115,1.51626074514e-05,5.92289353572e-08,1.51626074514e-05,0.169169618878,0.682147090093,0.0682917336746
907,0.114459836012,0.0493825138729,0.01104593521,0.289582788832,0.0172805320473,0.0706177298389,0.279975130217,0.0218248183963,0.0377778534359,0.0471203421716,0.0133622935971,0.0475702263694,17,1,8,20,0.000512624377458,2.00243897445e-06,0.000512624377458,0.118702738113,0.00887825538988,1.78967524824e-06,0.000512624377458,2.00243897445e-06,0.000512624377458,0.160110457763,0.645617597032,0.0646346596394
908,0.0532662686957,0.0313884745257,0.270929076347,0.0736387360468,0.137445099344,0.0320666061465,0.00874913144151,0.040110443925,0.000692487892992,0.0224458084702,0.204160459566,0.125107407599,17,1,8,20,2.82445423538e-06,1.1033024357e-08,2.82445423538e-06,2.39768338622e-11,6.97343781044e-08,1.109691194e-09,2.82445423538e-06,1.1033024357e-08,2.82445423538e-06,0.18395621886,0.741771484757,0.0742609056318
909,0.0198924490044,0.167586439412,0.0646280349269,0.00782024204898,0.102832313588,0.0165816302406,0.0539811854778,0.0707344493943,0.0478129415649,0.0053254874272,0.00507692266086,0.437727904254,17,1,8,20,6.01402850824e-06,2.34922988603e-08,6.01402850824e-06,1.41550273648e-09,0.000516412888384,4.66236574862e-06,6.01402850824e-06,2.34922988603e-08,6.01402850824e-06,0.183858023933,0.741375530775,0.0742212655245
910,0.0230774179507,0.145209208482,0.00487625437091,0.320389403546,0.126607736011,0.117248385003,0.00390062546938,0.0162209393081,0.0149913482554,0.0355197013618,0.00572234204923,0.186236638193,17,1,8,20,1.19567148333e-06,4.67059173174e-09,1.19567148333e-06,1.30267121061e-06,0.00415367577511,8.74957512548e-07,1.19567148333e-06,4.67059173174e-09,1.19567148333e-06,0.183192928964,0.738693650893,0.0739527747118
911,0.154829032878,0.0740871744822,0.0915969916536,0.0726917652648,0.0581036444708,0.00515235566872,0.0718312024752,0.156172840682,0.00541931380144,0.204228410498,0.0147964329635,0.0910908351622,17,1,8,20,3.29106325608e-05,1.28557158441e-07,3.29106325608e-05,2.53774848663e-05,0.000893823054378,0.00036506819835,3.29106325608e-05,1.28557158441e-07,3.29106325608e-05,0.0200999884544,0.889439465519,0.0890443776439
912,0.019205161005,0.0354116723426,0.202438705127,0.026745670933,0.00957384123945,0.0548567780957,0.35188698039,0.0395633509844,0.109088141244,0.0887663730781,0.0141621587487,0.0483011668126,17,1,8,20,4.86832377046e-05,1.90168897283e-07,4.86832377046e-05,0.0435642716564,0.00536520539942,1.8458924771e-06,4.86832377046e-05,1.90168897283e-07,4.86832377046e-05,0.174921097887,0.705338929549,0.0706135363276
913,0.00681498066169,0.0651807491302,0.00475602577866,0.0614037525468,0.079698027907,0.0338152740482,0.151759725187,0.128073330545,0.151630623425,0.0200446602603,0.0838316526396,0.212991197871,17,1,8,20,8.20127469751e-06,3.20362292872e-08,8.20127469751e-06,0.0530646034088,0.000877190150732,0.000273110436772,8.20127469751e-06,3.20362292872e-08,8.20127469751e-06,0.173978985378,0.701540024577,0.070233216877
914,0.00767573063786,0.0934403767863,0.221504121958,0.237317190625,0.0241430594626,0.0532353382217,0.049006744193,0.165587849206,0.0372436523611,0.0254968844833,0.0356831709088,0.0496658811562,17,1,8,20,3.33684656334e-06,1.30345568881e-08,3.33684656334e-06,0.000129654098707,0.0169306960098,6.5244083545e-09,3.33684656334e-06,1.30345568881e-08,3.33684656334e-06,0.180817459678,0.729114983806,0.0729938264275
915,0.140420059322,0.0515184706727,0.00717256138193,0.00823780797804,0.249752561522,0.0773913569339,0.0898590871562,0.144881434053,0.0663118904574,0.00384989090438,0.148341051344,0.0122638282734,17,1,8,20,1.13379980099e-05,4.42890547262e-08,1.13379980099e-05,0.104254956316,0.000331730093641,0.0160468783834,1.13379980099e-05,4.42890547262e-08,1.13379980099e-05,0.161758407888,0.652262669531,0.0652999172179
916,0.0630206266465,0.0114084756141,0.0156020515778,0.069781985713,0.0362879767078,0.0456379757331,0.128190625443,0.099196279582,0.0254676502936,0.214141631894,0.039709046716,0.251555674079,17,1,8,20,4.21857687919e-06,1.64788159343e-08,4.21857687919e-06,1.05245312332e-05,0.000207212238545,0.000382865619524,4.21857687919e-06,1.64788159343e-08,4.21857687919e-06,0.169975675578,0.753928804425,0.0754780103429
917,0.090745492785,0.0124836012095,0.00529458852933,0.0987060130278,0.14433329385,0.128422508276,0.226312508865,0.0352759556707,0.085474795253,0.0458836250529,0.00705224624096,0.12001537124,17,1,8,20,1.42604631919e-07,5.57049343435e-10,1.42604631919e-07,0.0412047635795,0.0039005606581,0.00114979047536,1.42604631919e-07,5.57049343435e-10,1.42604631919e-07,0.175449196216,0.707468394288,0.0708267232502
918,0.112924405262,0.0657611574228,0.0789551948045,0.0723352073095,0.0476335259994,0.00939466750189,0.248571455455,0.095273968603,0.0331584483804,0.0901960390575,0.0439140498187,0.101881880386,17,1,8,20,6.63935870457e-06,2.59349949397e-08,6.63935870457e-06,2.52917623104e-08,0.00190127932514,3.58171410935e-06,6.63935870457e-06,2.59349949397e-08,6.63935870457e-06,0.183602999603,0.740347189482,0.07411831528
919,0.020276937861,0.153795101929,0.0516693126336,0.321609666699,0.00689166293102,0.0114829132032,0.0988355017161,0.0443576120136,0.0579481079617,0.0878929105614,0.0344494735876,0.110790798904,17,1,8,20,5.77724359682e-05,2.25673578001e-07,5.77724359682e-05,7.45273363432e-11,0.000206497878374,1.95913690872e-09,5.77724359682e-05,2.25673578001e-07,5.77724359682e-05,0.183877732999,0.741455004161,0.0742292218368
920,0.0477041175524,0.193449030763,0.140299261789,0.0103237860694,0.0455870949213,0.0330863908164,0.0624857826195,0.11977539987,0.0988804792544,0.00897791146621,0.214143778594,0.0252869662844,17,1,8,20,0.000163723313033,6.39544191536e-07,0.000163723313033,0.000426084113692,0.000618165089442,0.000252126828323,0.000163723313033,6.39544191536e-07,0.000163723313033,0.183599126777,0.740331572984,0.0741167518669
921,0.0317994041555,0.00297424165187,0.116913838302,0.0558150443582,0.016953594277,0.00540478627065,0.181536285764,0.0601876725365,0.0175255089798,0.0370321124371,0.00975119776774,0.4641063135,17,1,8,20,4.21110839917e-07,1.64496421843e-09,4.21110839917e-07,0.0253739505383,4.47830005113e-06,8.12112350948e-09,4.21110839917e-07,1.64496421843e-09,4.21110839917e-07,0.0196175487022,0.868094823313,0.0869075032922
922,0.00185052357955,0.245983534129,0.0982351087789,0.0355640406569,0.125746144993,0.0262787671785,0.0258952577729,0.00736004204377,0.0676641933452,0.0568318844269,0.12712174166,0.181468761435,17,1,8,20,7.74325130363e-06,3.02470754048e-08,7.74325130363e-06,5.23008498259e-09,1.09059547459e-05,1.92334162117e-08,7.74325130363e-06,3.02470754048e-08,7.74325130363e-06,0.183950594672,0.741748806195,0.0742586352149
923,0.00742141459762,0.0104781785241,0.0895212082008,0.0500793182096,0.0834296880419,0.131021495178,0.135535743481,0.132437680476,0.00852276164535,0.00454938185111,0.333159242041,0.0138438877532,17,1,8,20,2.62967201601e-08,1.02721563125e-10,2.62967201601e-08,0.00963519744361,0.00102004364528,0.000376858289653,2.62967201601e-08,1.02721563125e-10,2.62967201601e-08,0.168204308243,0.746072040212,0.0746914467747
924,0.0932839522876,0.0277618611459,0.0595421343316,0.0358473049426,0.287596552987,0.0859726538179,0.0123421034504,0.167857965169,0.121294885434,0.0334165092057,0.0481623346783,0.0269217425501,17,1,8,20,0.000545110231098,2.12933684023e-06,0.000545110231098,7.61272240641e-08,0.00102546264399,0.000187281849917,0.000545110231098,2.12933684023e-06,0.000545110231098,0.183333312192,0.739259721863,0.0740094457266
925,0.214983828105,0.0388397751141,0.000281866668367,0.0304926647891,0.191079182765,0.0588485869299,0.145212825637,0.12956084971,0.0162627641805,0.156551103235,0.00479513296615,0.0130914198996,17,1,8,20,0.00016951096625,6.62152211914e-07,0.00016951096625,0.028044818109,0.00200615875855,0.000320069336552,0.00016951096625,6.62152211914e-07,0.00016951096625,0.178246332398,0.718747359857,0.0719558933719
926,0.182912061619,0.0891053906384,0.0390621439866,0.181478650436,0.0285680773992,0.100239535055,0.0602760841118,0.0654902963219,0.013425485509,0.167130572731,0.0344015308065,0.037910171386,17,1,8,20,4.96408736439e-06,1.93909662671e-08,4.96408736439e-06,1.06425276053e-07,0.00222887956979,4.90145103957e-06,4.96408736439e-06,1.93909662671e-08,4.96408736439e-06,0.18354371224,0.740108123495,0.0740943816872
927,0.0184541390613,0.0354767562449,0.0294677184172,0.0106862066863,2.85756190074e-05,0.0108687576022,0.225534685189,0.22587166957,0.0300824612708,0.243159140544,0.131228877775,0.0391410120201,17,1,8,20,1.85157889084e-05,7.23273004233e-08,1.85157889084e-05,1.586053935e-05,1.08810588111e-05,3.22678316842e-05,1.85157889084e-05,7.23273004233e-08,1.85157889084e-05,0.183933807865,0.741681116312,0.0742518585834
928,0.0222419712644,0.117440087361,0.132252019909,0.171990654015,0.183304447864,0.0058873471783,0.00158224236952,0.165194351172,0.0868573068583,0.0297903686035,0.053604612254,0.0298545911514,17,1,8,20,1.67926856312e-05,6.55964282469e-08,1.67926856312e-05,0.000198489760393,0.00117790841632,0.0168994666486,1.67926856312e-05,6.55964282469e-08,1.67926856312e-05,0.180583936248,0.728173341155,0.0728995558367
929,0.016740854763,0.438769622989,0.0554044075189,0.0426859732496,0.0221439850276,2.31156813836e-05,0.0972391143798,0.0715781731388,0.0271482198013,0.0445390487844,0.118524733875,0.0652027507908,17,1,8,20,6.38979697564e-11,2.49601444361e-13,6.38979697564e-11,0.00765730968465,2.54165384965e-12,0.00514146161006,6.38979697564e-11,2.49601444361e-13,6.38979697564e-11,0.181603873844,0.732286062267,0.073311292336
930,0.0362414195122,0.0210874526708,0.0352126211821,0.0213313640857,0.0957607080039,0.122891536908,0.022992930974,0.14506065789,0.0700210373457,0.0631150826536,0.360283785721,0.00600140305299,17,1,8,20,2.06261037494e-08,8.05707177709e-11,2.06261037494e-08,4.5916246815e-09,0.000882378282832,2.41932402964e-08,2.06261037494e-08,8.05707177709e-11,2.06261037494e-08,0.18379597296,0.741125321011,0.0741962162957
931,0.112624926386,0.0330787425586,0.0276217704941,0.0475141021462,0.162326519109,0.0177892273757,0.187808812082,0.0239440282909,0.0951258897414,0.165988888171,0.0837149316549,0.0424621619911,17,1,8,20,3.74372337695e-06,1.46239194412e-08,3.74372337695e-06,4.20533400406e-08,1.36011414277e-09,0.000620379874911,3.74372337695e-06,1.46239194412e-08,3.74372337695e-06,0.183841422125,0.74130858687,0.0742145635751
932,0.00301275380962,0.0399853184169,0.0350705455721,0.063180222725,0.335213572521,0.0312950578089,0.0786399921843,0.0873129772082,0.0999057580815,0.0681420063499,0.0567954564574,0.101446338866,17,1,8,20,6.78687371079e-07,2.65112254328e-09,6.78687371079e-07,1.38119692429e-06,0.00410244350622,1.87685744777e-06,6.78687371079e-07,2.65112254328e-09,6.78687371079e-07,0.18320253597,0.738732389474,0.073956652944
933,0.06532078778,0.0569384699802,0.133194680512,0.119283122736,0.143117478165,0.0400164272383,0.0654008482758,0.00236180317454,0.0172589848951,0.0743422508611,0.171700474244,0.111064672139,17,1,8,20,1.28669396948e-06,5.02614831829e-09,1.28669396948e-06,0.00815671342361,0.00332597157817,0.000200508411696,1.28669396948e-06,5.02614831829e-09,1.28669396948e-06,0.181808145077,0.733109750514,0.0733937541675
934,0.045940376376,0.14683764218,0.0877791307192,0.0669483047133,0.0395346083474,0.0361948044356,0.0832395031494,0.125367274553,0.0152087515345,0.0969334105831,0.00498455172189,0.251031641687,17,1,8,20,0.000110082613056,4.30010207252e-07,0.000110082613056,0.0372470904035,0.000681261138537,0.000300444539821,0.000110082613056,4.30010207252e-07,0.000110082613056,0.176844648744,0.713095314106,0.0713900505958
935,0.217591049874,0.0337022572718,0.139009894553,0.0846317223677,0.00949451889752,0.117406354783,0.112048211377,0.0400537906353,0.213285706584,0.000872248344534,0.0137971590107,0.018107086301,17,1,8,20,0.00627511639624,2.45121734228e-05,0.00627511639624,0.293112292729,0.0320498457538,0.0299495596374,0.00627511639624,2.45121734228e-05,0.00627511639624,0.114006107142,0.45970981514,0.0460228896657
936,0.113380192056,0.0594916555975,0.0209849183592,0.0354131800848,0.0740321765642,0.0806701114572,0.00021724938372,0.0942552741676,0.00326299547011,0.102693403538,0.253296285929,0.162302557393,17,1,8,20,4.21704680561e-06,1.64728390844e-08,4.21704680561e-06,2.10854327764e-05,1.17616319617e-05,0.000587145324001,4.21704680561e-06,1.64728390844e-08,4.21704680561e-06,0.183841152425,0.741307499353,0.0742144547005
937,0.00958575753179,0.00214990803856,0.185275054636,0.0329558706905,0.000742808002475,0.0631603782058,0.0434275236095,0.116477168276,0.0888608175224,0.0351761008568,0.119819556585,0.302369056046,17,1,8,20,8.25452627675e-06,3.22442432686e-08,8.25452627675e-06,1.33434185334e-05,1.15226027047e-05,0.000121769554405,8.25452627675e-06,3.22442432686e-08,8.25452627675e-06,0.183925253632,0.741646622856,0.0742484053429
938,0.148451952577,0.256859698154,0.0181771655146,0.0729942910867,0.0202438132279,0.054118672142,0.0450708882836,0.135225955984,0.0355751119698,0.0486906028384,0.0359583680471,0.128633480175,17,1,8,20,1.98907248895e-05,7.76981440997e-08,1.98907248895e-05,5.71955688558e-06,0.000222036700404,5.33747350952e-06,1.98907248895e-05,7.76981440997e-08,1.98907248895e-05,0.0201222121444,0.890422212518,0.0891427633107
939,0.0368826217504,0.113676017809,0.200709643421,0.0872967232792,0.0609418947251,0.0936444170836,0.0527383577077,0.00580029420244,0.0105091990634,0.183692264551,0.1078428611,0.0462657053068,17,1,8,20,3.32248493376e-09,1.29784567725e-11,3.32248493376e-09,1.1536277266e-05,0.0016789757294,3.5617626104e-09,3.32248493376e-09,1.29784567725e-11,3.32248493376e-09,0.18364732744,0.740525933783,0.074136209893
940,0.01042768828,0.0554136623662,0.387651741582,0.0303044592466,0.197992037399,0.0640890936601,0.121982486651,0.0168518741733,0.0907919769493,0.0169896673689,0.00714197865405,0.000363333670053,17,1,8,20,0.0686304941028,0.000268087867589,0.0686304941028,0.0848581627515,0.0505061528425,0.0081886284247,0.0686304941028,0.000268087867589,0.0686304941028,0.106951322693,0.431262622824,0.0431749583183
941,0.00771384788534,0.0621641797654,0.0242159495338,0.0174734062416,0.231285943908,0.139833397251,0.0254211288148,0.0122775403348,0.0634428723046,0.125484296227,0.202262453462,0.0884249842721,17,1,8,20,1.49324838543e-06,5.83300150558e-09,1.49324838543e-06,8.91870236769e-07,0.000911346466085,6.52712843449e-06,1.49324838543e-06,5.83300150558e-09,1.49324838543e-06,0.18378819881,0.741093973101,0.074193077965
942,0.099171879992,0.131861775348,0.039283433481,0.0408763958737,0.0858367228267,0.0768727802796,0.197917290114,0.160065351665,0.0101252532601,0.098341105403,0.0297632951698,0.0298847165879,17,1,8,20,9.78108147516e-05,3.82073495124e-07,9.78108147516e-05,0.000145013920443,0.00857731211064,7.26948985624e-05,9.78108147516e-05,3.82073495124e-07,9.78108147516e-05,0.182268284038,0.734965180913,0.0735795067134
943,0.407479800301,0.046071175146,0.0901083093844,0.11186432716,0.0437188539998,0.0761254343901,0.0697936480457,0.0388880493728,0.00435540891989,0.00342625716259,0.066239749396,0.0419289867225,17,1,8,20,0.000641277555893,2.50499045271e-06,0.000641277555893,0.000274318479786,0.000839171164539,0.000943132188138,0.000641277555893,2.50499045271e-06,0.000641277555893,0.169293736025,0.750904303226,0.0751752187114
944,0.155850367457,0.0542662098958,0.200109321969,0.0639003922032,0.20880979528,0.054765244034,0.0330842116706,0.0812476662046,0.0177091177651,0.0360477126199,0.0862450575214,0.0079649033792,17,1,8,20,2.66189694915e-05,1.03980349576e-07,2.66189694915e-05,8.87063521749e-08,2.65406071884e-05,6.65883812232e-08,2.66189694915e-05,1.03980349576e-07,2.66189694915e-05,0.183933777972,0.741680995772,0.0742518465158
945,0.0861553611575,0.0354990516988,0.0331215705813,0.0322389039473,0.0223915769543,0.136759141088,0.0368130839797,0.178901660458,0.284442679973,0.0193839477138,0.0104888442225,0.123804178226,17,1,8,20,7.30081231019e-08,2.85187980867e-10,7.30081231019e-08,3.57615517744e-14,0.00949309676451,8.21386694914e-11,7.30081231019e-08,2.85187980867e-10,7.30081231019e-08,0.182211926364,0.734737928386,0.0735567558005
946,0.00986705685144,0.00101298364365,0.0470514798745,0.151673785518,0.0105889473019,0.0921481881859,0.00212775336431,0.312482168738,0.0350154746938,0.131617563468,0.000331535139367,0.206083063221,17,1,8,20,1.6294878989e-11,6.36518710508e-14,1.6294878989e-11,1.19901732883e-11,3.22494780491e-12,0.00186067286252,1.6294878989e-11,6.36518710508e-14,1.6294878989e-11,0.183616028026,0.740399724334,0.0741235746972
947,0.00511809207843,0.268566958336,0.107067791612,0.039642766848,0.00430737641603,0.207832289112,0.173382995501,0.00184983345502,0.0124799465913,0.025283846883,0.120440774461,0.034027328707,17,1,8,20,2.3853863988e-07,9.31791562031e-10,2.3853863988e-07,0.109737346311,0.00142222560499,1.74643424542e-09,2.3853863988e-07,9.31791562031e-10,2.3853863988e-07,0.163509410629,0.659323283796,0.066006775894
948,0.159540946417,0.0117717587506,0.0477117279655,0.0216844107153,0.107325839695,0.0832364872428,0.0682029607502,0.070074391293,0.31744118216,0.0260198264708,0.0492791939214,0.037711274619,17,1,8,20,0.000167558381103,6.54524926184e-07,0.000167558381103,0.0217373462156,0.000124314532,0.00951347164816,0.000167558381103,6.54524926184e-07,0.000167558381103,0.178063061978,0.718008353737,0.071881909315
949,0.0506906276457,0.0678961204551,0.322761140989,0.00868254489941,0.218641235058,0.00292934121109,0.0389469047484,0.0200694778774,0.0358028155104,0.0463426349184,0.175563958563,0.0116731981243,17,1,8,20,0.00760916211141,2.97232894977e-05,0.00760916211141,0.0594108866425,0.20202183665,0.00583118765373,0.00760916211141,2.97232894977e-05,0.00760916211141,0.129182885501,0.520907536576,0.0521495719524
950,0.00647157662369,0.00299912778889,0.0281820347555,0.37291761492,0.0531329620709,0.158378083509,0.0945639660943,0.0113005507078,0.0110875871717,0.0185093565871,0.0690890377315,0.173368102039,17,1,8,20,1.88353383828e-06,7.35755405579e-09,1.88353383828e-06,0.077823270319,0.00123031538677,2.1374913669e-06,1.88353383828e-06,7.35755405579e-09,1.88353383828e-06,0.169413968036,0.683132385451,0.0683903744651
951,0.0663623822692,0.00192595970648,0.323245918681,0.11316558651,0.0214989610824,0.0298323689147,0.0521599909018,0.0115468459936,0.166887802996,0.158841296602,0.00365194923292,0.0508809371102,17,1,8,20,5.35252615283e-05,2.09083052845e-07,5.35252615283e-05,3.35951786452e-06,9.24183373897e-05,3.72717516732e-06,5.35252615283e-05,2.09083052845e-07,5.35252615283e-05,0.183900546913,0.741546997305,0.0742384315387
952,0.0148701062749,0.0300675270043,0.0927922170091,0.0580191959787,0.121146180815,0.000213867760113,0.216289449124,0.174847347865,0.0635428820116,0.0260557779928,0.142086232403,0.0600692157606,17,1,8,20,3.45250748012e-05,1.34863573442e-07,3.45250748012e-05,8.25713359299e-06,0.00352517449308,5.70614124364e-05,3.45250748012e-05,1.34863573442e-07,3.45250748012e-05,0.18327235892,0.739013938388,0.0739848396265
953,0.0301789684157,0.164421046627,0.166925366251,0.181135910417,0.067282140944,0.0477819163304,0.127898904838,0.00259040601455,0.00274508696147,0.109520820251,0.00473061917362,0.094788813775,17,1,8,20,4.12299174331e-05,1.61054364973e-07,4.12299174331e-05,5.53731717506e-08,7.45706248555e-05,0.000745765197104,4.12299174331e-05,1.61054364973e-07,4.12299174331e-05,0.183776998903,0.741048811425,0.074188556698
954,0.0170684786437,0.0230586265165,0.305062090227,0.0252090717414,0.072710294024,0.0250984774679,0.146280948661,0.198707912937,0.00909023688277,0.0268530932357,0.0539203918363,0.0969403778271,17,1,8,20,9.85724356926e-05,3.85048576924e-07,9.85724356926e-05,1.49012600936e-08,0.000175897312769,5.50109893581e-08,9.85724356926e-05,3.85048576924e-07,9.85724356926e-05,0.183853269108,0.741356357769,0.074219346059
955,0.0232008872523,0.0336246362239,0.145066257192,0.133635360287,0.0257529467543,0.00325527109855,0.157330565798,0.0119047936126,0.108758172932,0.197553697027,0.117692452535,0.0422249592879,17,1,8,20,7.61697377955e-07,2.97538038264e-09,7.61697377955e-07,0.0256379550687,0.000244925322876,6.87703618697e-08,7.61697377955e-07,2.97538038264e-09,7.61697377955e-07,0.17919636901,0.7225782174,0.0723394116876
956,0.0495518000915,0.0887519090831,0.0592076071661,0.122762542235,0.0415702797875,0.0697275281193,0.0172347893453,0.0531812462902,0.0234340956404,0.135921051973,0.131356215374,0.207300934895,17,1,8,20,1.78428375503e-07,6.96985841809e-10,1.78428375503e-07,0.00329283344259,0.00193759643775,8.08666057579e-07,1.78428375503e-07,6.96985841809e-10,1.78428375503e-07,0.169190823445,0.750447714607,0.0751295082937
957,0.0326247541238,0.0132944893778,0.0524210385817,0.229663462654,0.00420524210719,0.141486318123,0.00351607680574,0.0425570777118,0.263773011201,0.156672345,0.0381419675897,0.021644216725,17,1,8,20,0.000479308917164,1.87230045767e-06,0.000479308917164,0.0023752562015,0.000346424802522,0.00160269565867,0.000479308917164,1.87230045767e-06,0.000479308917164,0.18280942895,0.737147253733,0.0737979603843
958,0.184544454249,0.0309265525803,0.0606543812249,0.0751938733138,0.0141387442566,0.0238271048703,0.0115673673073,0.198002664003,0.00384664324795,0.190674604779,0.00476545434402,0.201858155824,17,1,8,20,0.000122350195594,4.77930451537e-07,0.000122350195594,0.00651656030779,9.82644615965e-05,0.000228399374341,0.000122350195594,4.77930451537e-07,0.000122350195594,0.182609241125,0.736340031114,0.0737171469747
959,0.051619653334,0.0246860192237,0.0362729053285,0.108844590079,0.130307277573,0.0597032522263,0.0466966152063,0.0700635560398,0.0817056589349,0.212703357305,0.0471154142411,0.13028170051,17,1,8,20,6.70426016893e-07,2.61885162849e-09,6.70426016893e-07,0.0186000422778,0.00030807262181,0.000285913287149,6.70426016893e-07,2.61885162849e-09,6.70426016893e-07,0.180426918929,0.727540196103,0.0728361698399
960,0.00528829263016,0.0371638327501,0.0989655287207,0.0631300012192,0.199137154954,0.0375267648366,0.0202940377912,0.224948858857,0.185548312991,0.07352696516,0.00509233977921,0.0493779103105,17,1,8,20,4.15845306807e-06,1.62439572971e-08,4.15845306807e-06,0.155215719356,0.000382921900636,0.00226685411037,4.15845306807e-06,1.62439572971e-08,4.15845306807e-06,0.154914577968,0.624666114696,0.0625371456684
961,0.00261475971427,0.0937843033084,0.0217411914075,0.0975087449367,0.00670398105615,0.00842041973159,0.0183766398197,0.125094034178,0.287281844459,0.0458501034549,0.107754945804,0.18486903213,17,1,8,20,2.91036891038e-05,1.13686285562e-07,2.91036891038e-05,3.56492024609e-05,6.92890787758e-06,0.000600150459632,2.91036891038e-05,1.13686285562e-07,2.91036891038e-05,0.18381862173,0.74121664824,0.0742053593308
962,0.0232289310548,0.0462321361127,0.363691105416,0.126989110673,0.00314173415962,0.0664066539763,0.00845196764532,0.138439565631,0.0654509965253,0.0903092239536,0.0374228191772,0.0302357556753,17,1,8,20,0.000226578191973,8.85071062394e-07,0.000226578191973,0.000187968796377,3.04080235997e-05,0.00172507990383,0.000226578191973,8.85071062394e-07,0.000226578191973,0.18343374986,0.739664719305,0.0740499912012
963,0.355482180261,0.014435137968,0.011240979065,0.0940236665896,0.0829441656101,0.0304624152162,0.00136516609998,0.139122046044,0.186573970212,0.0554572582075,0.0174262051434,0.0114668095829,17,1,8,20,4.88895701292e-05,1.90974883317e-07,4.88895701292e-05,3.15557785772e-05,0.0299143596005,0.00207445157032,4.88895701292e-05,1.90974883317e-07,4.88895701292e-05,0.178031856723,0.717882523968,0.07186931213
964,0.0461961917507,0.0395483742851,0.0738970428651,0.0891946648992,0.00795104683395,0.0683598676144,0.287327221585,0.0338687773838,0.0977814037522,0.0495668543221,0.0213197811573,0.184988773551,17,1,8,20,8.55056438876e-10,3.34006421436e-12,8.55056438876e-10,0.0912651885652,1.8187680285e-05,0.000249592709081,8.55056438876e-10,3.34006421436e-12,8.55056438876e-10,0.167120062945,0.673882611992,0.0674643526807
965,0.0266991376307,0.0693618970638,0.045499023078,0.12928654252,0.0725777744362,0.0663599660078,0.00378552716763,0.165123329776,0.120641074957,0.0348278320478,0.247715053731,0.0181228415835,17,1,8,20,1.3795900045e-06,5.38902345507e-09,1.3795900045e-06,5.96057362162e-07,0.00139461961886,1.08173690523e-07,1.3795900045e-06,5.38902345507e-09,1.3795900045e-06,0.18370061573,0.74074080955,0.0741577217324
966,0.0435942457418,0.0462020853312,0.135862009008,0.0584660401314,0.0105692795643,0.00126299772714,0.0651445624073,0.0998221712822,0.298131755769,0.0353791438774,0.0586689789304,0.14689673023,17,1,8,20,2.92755957959e-09,1.14357796078e-11,2.92755957959e-09,0.0219232657138,0.00282307285446,4.86010390418e-12,2.92755957959e-09,1.14357796078e-11,2.92755957959e-09,0.165871757612,0.735726197754,0.0736556943278
967,0.00395586352591,0.0582487638865,0.28400597528,0.147029344837,0.0636366948981,0.081784307435,0.0131635863946,0.0906727963251,0.190593553409,0.0413476564221,0.0253506779762,0.000210779610251,17,1,8,20,0.000431772235722,1.68661029579e-06,0.000431772235722,0.168261579422,0.000863680334278,0.00409377792076,0.000431772235722,1.68661029579e-06,0.000431772235722,0.0166063809571,0.734873764457,0.0735703547455
968,0.0986591319848,0.116444551228,0.0393207701033,0.0454643946987,0.236526309992,0.00932629357184,0.0465900667184,0.043010384079,0.0174363467693,0.0563084159042,0.157101322941,0.13381201201,17,1,8,20,8.54913248608e-06,3.33950487737e-08,8.54913248608e-06,9.2898714288e-09,7.929765307e-06,3.2800213186e-06,8.54913248608e-06,3.33950487737e-08,8.54913248608e-06,0.183949947419,0.741746196258,0.0742583739265
969,0.0445812536758,0.266551364631,0.00207237330593,0.0129305296908,0.106574374052,0.222983123557,0.0351472213678,0.158318671805,0.0253676580326,0.0703036848144,0.0387226731798,0.016447071889,17,1,8,20,2.54722763279e-05,9.9501079406e-08,2.54722763279e-05,0.0667720676368,2.99743752668e-05,0.00678584950474,2.54722763279e-05,9.9501079406e-08,2.54722763279e-05,0.170402429825,0.687118185976,0.0687894045745
970,0.0588229130258,0.14407267885,0.0153614191509,0.0101862741544,0.0583244853511,0.108741099726,0.163015022597,0.0554110853809,0.07501429764,0.0169121833347,0.255472642893,0.0386658978958,17,1,8,20,0.000137439328559,5.36872377182e-07,0.000137439328559,0.0530170907563,0.000446023366576,1.7365407731e-07,0.000137439328559,5.36872377182e-07,0.000137439328559,0.174021968035,0.701713344672,0.0702505684569
971,0.194555898999,0.193505167026,0.0264539222216,0.0347496018644,0.0200052576345,0.176017134676,0.0659147614557,0.0010240467222,0.0498112903103,0.0202379051724,0.196791912708,0.0209331012105,17,1,8,20,1.79465576126e-05,7.01037406742e-08,1.79465576126e-05,8.19845975422e-09,0.000126945032761,0.00229323255273,1.79465576126e-05,7.01037406742e-08,1.79465576126e-05,0.18349986952,0.739931335347,0.0740766829104
972,0.0836142269869,0.194125538202,0.0525047478228,0.0298740592597,0.0631268491124,0.0783673003346,0.0245506785494,0.0304058370757,0.0393201173168,0.29243946834,0.0448039302526,0.0668672467467,17,1,8,20,4.73908268776e-06,1.85120417491e-08,4.73908268776e-06,6.27637821295e-07,2.07578401713e-07,0.000457164306944,4.73908268776e-06,1.85120417491e-08,4.73908268776e-06,0.169999575733,0.754034808654,0.0754886227352
973,0.104652680573,0.0890586301461,0.00132378346715,0.0827218515551,0.216285327747,0.0723711176697,0.036756887311,0.124292631929,0.0741320648004,0.113960172768,0.0202609524384,0.0641838995942,17,1,8,20,4.30632996935e-05,1.68216014428e-07,4.30632996935e-05,5.27122092335e-08,4.14901623003e-08,4.06444736139e-05,4.30632996935e-05,1.68216014428e-07,4.30632996935e-05,0.183919070768,0.74162169153,0.0742459093953
974,0.0213394394831,0.112953438173,0.012070964394,0.0305566593439,0.0687901863293,0.0498485461952,0.138208422557,0.0239715820355,0.208315531816,0.0611608308763,0.195981449195,0.0768029496018,17,1,8,20,3.00328829509e-08,1.17315949027e-10,3.00328829509e-08,9.78252926821e-05,0.00141488555269,0.000575867490986,3.00328829509e-08,1.17315949027e-10,3.00328829509e-08,0.169725444424,0.752818956629,0.0753669002448
975,0.118694070833,0.143773262433,0.0263018324398,0.0649787706329,0.0239294520025,0.024411092837,0.199970013174,0.0391571777334,0.0697292657498,0.0396175266706,0.223751459611,0.0256860758823,17,1,8,20,1.01013520363e-06,3.94584063917e-09,1.01013520363e-06,0.00608644226498,0.00543270518623,0.00068194502168,1.01013520363e-06,3.94584063917e-09,1.01013520363e-06,0.181713077137,0.73272640557,0.0733553763877
976,0.159168635204,0.0554247205631,0.039087135039,0.190798393515,0.0496851687533,0.082047763714,0.0276910022013,0.20535695749,0.0821057100445,0.0540975353792,0.028835861624,0.0257011164716,17,1,8,20,2.99551994377e-05,1.17012497803e-07,2.99551994377e-05,0.136709359402,0.0144407860994,0.0024276678507,2.99551994377e-05,1.17012497803e-07,2.99551994377e-05,0.155684313545,0.627769939648,0.0628478786321
977,0.113133167029,0.111804576305,0.0997929616429,0.0607345952768,0.0829506973766,0.254465791887,0.0285450979941,0.0220351089426,0.0599800275732,0.0368342917671,0.107263744653,0.0224599395516,17,1,8,20,4.47132645436e-05,1.74661189623e-07,4.47132645436e-05,0.0203447664006,0.004829482309,0.00257377845901,4.47132645436e-05,1.74661189623e-07,4.47132645436e-05,0.178820868213,0.72106407569,0.0721878265473
978,0.225779278754,0.0219838274506,0.100184338718,0.219259520784,0.0113772015613,0.060338968412,0.064140938075,0.00423799476475,0.0111782231046,0.050990133048,0.0554129356023,0.175116639726,17,1,8,20,5.36847848012e-06,2.0970619063e-08,5.36847848012e-06,0.0329152959754,0.00234475482708,0.00244344879498,5.36847848012e-06,2.0970619063e-08,5.36847848012e-06,0.177018484035,0.713796274708,0.071460225805
979,0.00720644462788,0.262712167602,0.00324994682242,0.0336731164922,0.157163370385,0.00262031984314,0.026395242872,0.065792931903,0.0369053386873,0.0381162458227,0.00374752346992,0.362417351472,17,1,8,20,8.66883809623e-06,3.38626488134e-08,8.66883809623e-06,4.27892391331e-07,2.31664830148e-06,1.82456808287e-05,8.66883809623e-06,3.38626488134e-08,8.66883809623e-06,0.170071226885,0.754352601874,0.075520437941
980,0.0118372555818,0.0473251213346,0.0536066269754,0.333007929118,0.114600455549,0.0437177228663,0.0176458155359,0.2046199469,0.0143615423161,0.0398018846326,0.0684516392235,0.0510240599666,17,1,8,20,1.86180994092e-05,7.27269508171e-08,1.86180994092e-05,2.59114430528e-08,1.6711898597e-06,0.00538828658222,1.86180994092e-05,7.27269508171e-08,1.86180994092e-05,0.182953055397,0.73772640242,0.0738559406476
981,0.0354278394136,0.0220617091962,0.0177425161381,0.0105453434244,0.00544526326575,0.0106583000488,0.207681549027,0.0845480376863,0.223976565836,0.173478559888,0.0449727335421,0.163461582535,17,1,8,20,2.27694476671e-08,8.89431549495e-11,2.27694476671e-08,0.00205153464486,0.00122372483371,1.05093684972e-05,2.27694476671e-08,8.89431549495e-11,2.27694476671e-08,0.183353852998,0.739342549096,0.0740177378025
982,0.0225162767206,0.0315915803728,0.319633207936,0.0397138630686,0.0409403643145,0.0155179865162,0.095352729583,0.0476226665282,0.0620816902414,0.0721233952261,0.124439360754,0.128466878739,17,1,8,20,7.48276471682e-06,2.92295496751e-08,7.48276471682e-06,0.0296585103162,1.73053130694e-05,2.50969076692e-06,7.48276471682e-06,2.92295496751e-08,7.48276471682e-06,0.178493222766,0.719742902362,0.0720555600341
983,0.0846212885136,0.107547065094,0.00443704916082,0.043441023258,0.273989900914,0.0225743553065,0.0526675916629,0.249955612937,0.0368459831567,0.0297779679323,0.0770487708959,0.0170933911681,17,1,8,20,0.000227985457687,8.90568194089e-07,0.000227985457687,0.050406989642,0.000739096104076,8.44385471919e-05,0.000227985457687,8.90568194089e-07,0.000227985457687,0.174365946458,0.703100377886,0.0703894283953
984,0.0137984094544,0.145068150412,0.0647457075799,0.0876833719327,0.061077425394,0.114327000582,0.0696328777162,0.00909157814767,0.255183844901,0.0245353305757,0.0832436589281,0.071612644376,17,1,8,20,4.19126585016e-06,1.63721322272e-08,4.19126585016e-06,0.080910113101,0.000456221411272,0.000746702102044,4.19126585016e-06,1.63721322272e-08,4.19126585016e-06,0.168849848358,0.680857671045,0.0681626461751
985,0.315749075618,0.00216112065644,0.0294938860565,0.0055062758423,0.00609545521695,0.00764940211977,0.0209908626791,0.0105626928608,0.0425401106211,0.488176829135,0.0126013586186,0.0584729305757,17,1,8,20,6.08719540281e-06,2.37781070422e-08,6.08719540281e-06,1.04812241195e-05,0.000334409233984,6.18234864621e-05,6.08719540281e-06,2.37781070422e-08,6.08719540281e-06,0.183879007963,0.74146014523,0.0742297365243
986,0.0548382359655,0.123520107572,0.103545581308,0.0698246532332,0.016977070712,0.219215738663,0.0306176069159,0.0202777693499,0.000234725905316,0.317372653461,0.0188863608954,0.0246894960184,17,1,8,20,6.49962222992e-08,2.53891493356e-10,6.49962222992e-08,3.0505837563e-07,0.000317873916018,7.12184955065e-09,6.49962222992e-08,2.53891493356e-10,6.49962222992e-08,0.183899662281,0.741543781532,0.0742381095982
987,0.0368337552249,0.226478593036,0.231720016341,0.00250988349184,0.0248216352163,0.180218699455,0.0982182065496,0.0780234409397,0.0131713128125,0.0739908808751,0.0177295314776,0.0162840445807,17,1,8,20,6.23361422594e-08,2.43500555701e-10,6.23361422594e-08,0.235638167548,8.10014567613e-08,5.94240016734e-05,6.23361422594e-08,2.43500555701e-10,6.23361422594e-08,0.0153835297092,0.680765162985,0.0681533849234
988,0.0015443734651,0.0786715229597,0.0386743836457,0.0473309810616,0.305958540477,0.170480394949,0.0526136730123,0.0509761271105,0.0669137489657,0.0123854662806,0.127805552807,0.0466452352657,17,1,8,20,9.31592396372e-05,3.63903279833e-07,9.31592396372e-05,5.31226214761e-05,2.28388402655e-05,0.00033174798015,9.31592396372e-05,3.63903279833e-07,9.31592396372e-05,0.183814629189,0.741200549013,0.0742037475903
989,0.0290117082505,0.0668702686916,0.0489573410395,0.0453106496714,0.108178121673,0.0341060516552,0.380029401844,0.0305877427454,0.183847622903,0.013910635944,0.0515932954242,0.00759716015853,17,1,8,20,0.00128138852821,5.00542393832e-06,0.00128138852821,0.0892961332898,0.00324633753713,3.79214773845e-06,0.00128138852821,5.00542393832e-06,0.00128138852821,0.165988929844,0.669321514324,0.0670077278973
990,0.0484317397929,0.108788433219,0.0636106373456,0.0412763106516,0.00390653096964,0.144575265241,0.308274420535,0.0553837555611,0.0195290038951,0.0558786899818,0.102437220682,0.0479079921252,17,1,8,20,2.66582985043e-08,1.04133978532e-10,2.66582985043e-08,0.0237309602859,0.00979158309863,1.45191638854e-08,2.66582985043e-08,1.04133978532e-10,2.66582985043e-08,0.177791541387,0.716913494139,0.0717722997291
991,0.0276368681581,0.0988336331961,0.18279753731,0.0490950684533,0.0509297575273,0.210784928086,0.0575557983035,0.0820942852821,0.0338145261673,0.0789431690593,0.0529999885953,0.0745144398617,17,1,8,20,1.89625195598e-05,7.40723420304e-08,1.89625195598e-05,0.0564995466791,0.00511939957091,0.00234974946952,1.89625195598e-05,7.40723420304e-08,1.89625195598e-05,0.0188390916942,0.833656438195,0.0834597761687
992,0.0748050948667,0.0315552852411,0.00548559071731,0.00709185721548,0.323776371659,0.046927512368,0.0739629188312,0.00423333041182,0.0831282772333,0.298089151801,0.0484763655977,0.00246824405736,17,1,8,20,9.37724464953e-06,3.66298619122e-08,9.37724464953e-06,0.00159407668698,8.80690245285e-06,6.29120924314e-06,9.37724464953e-06,3.66298619122e-08,9.37724464953e-06,0.169800620554,0.753152345621,0.0754002767886
993,0.0228739299113,0.0324903828404,0.178770997851,0.0658917181794,0.00171080354691,0.0622843581257,0.117042773401,0.268044008142,0.011598896274,0.0043943640956,0.13038694698,0.104510820653,17,1,8,20,4.79649321899e-05,1.87363016367e-07,4.79649321899e-05,0.0273956113505,1.53033652187e-05,0.00454984957948,4.79649321899e-05,1.87363016367e-07,4.79649321899e-05,0.164612006719,0.73013868263,0.0730963119008
994,0.0387732167035,0.0256056354435,0.134117872511,0.00432068680188,0.157431581873,0.0815795049394,0.144966887756,0.194921829067,0.0472919919575,0.0215658870689,0.135779644372,0.0136452615061,17,1,8,20,0.000136672838761,5.3387827641e-07,0.000136672838761,0.000339366840404,0.000146551759888,0.000155735549773,0.000136672838761,5.3387827641e-07,0.000136672838761,0.183739511825,0.740897651296,0.0741734236169
995,0.0287398916048,0.0296197131998,0.00946820833922,0.0215450334223,0.0291407446938,0.0286938958142,0.0352131473925,0.0851466372979,0.391760965368,0.180589701628,0.0969408786165,0.0631411826236,17,1,8,20,1.21597623961e-08,4.74990718598e-11,1.21597623961e-08,0.0597643922271,0.000342293037023,8.4246100185e-05,1.21597623961e-08,4.74990718598e-11,1.21597623961e-08,0.17288568305,0.697131472931,0.0697918639206
996,0.0159425533634,0.0811020058103,0.000637639429047,0.0651777769823,0.0926238956323,0.125465386812,0.0605113938806,0.00186629809807,0.214123730182,0.0899674205841,0.200716184774,0.0518657144528,17,1,8,20,3.94299329328e-06,1.54023175519e-08,3.94299329328e-06,6.85613874956e-06,0.00171298091287,2.49805225282e-06,3.94299329328e-06,1.54023175519e-08,3.94299329328e-06,0.0200935046806,0.889152689752,0.0890156676859
997,0.0783543054642,0.0232807228959,0.0389175462437,0.00767913192662,0.0556990983627,0.0450649823925,0.0259510466734,0.0418567822681,0.085297110755,0.220154739133,0.154047796278,0.223696737607,17,1,8,20,2.46977994086e-07,9.64757789397e-10,2.46977994086e-07,0.00136188259052,0.000178613893609,2.49219942373e-07,2.46977994086e-07,9.64757789397e-10,2.46977994086e-07,0.183674699212,0.740636305696,0.074147259547
998,0.004963640044,0.00511567465217,0.0286171768088,0.0424644225844,0.0730055833377,0.0950370183521,0.0531680847749,0.0443013829437,0.468451274962,0.104655916852,0.0459350012797,0.034284823408,17,1,8,20,1.40123679438e-05,5.47358122804e-08,1.40123679438e-05,0.0159052683383,0.00556402662248,0.00108874657723,1.40123679438e-05,5.47358122804e-08,1.40123679438e-05,0.179798244084,0.725005174042,0.0725823813918
999,0.0389367478992,0.0105053212888,0.0404399047629,0.064456728594,0.229311852004,0.0485973196157,0.0927412182909,0.0324567672179,0.197429264613,0.0448648795745,0.113688238598,0.0865717575408,17,1,8,20,1.10944096478e-05,4.33375376869e-08,1.10944096478e-05,0.0883443231369,1.31410968077e-05,2.29231545751e-05,1.10944096478e-05,4.33375376869e-08,1.10944096478e-05,0.167691827624,0.676188153511,0.0676951671629
