run_ID,t1_initial,t2_initial,t3_initial,t4_initial,t5_initial,t6_initial,t7_initial,t8_initial,t9_initial,t10_initial,t11_initial,t12_initial,alpha,prior_cost_c,lambda,k,sample_amount,learning_parameter,generations,t1_final,t2_final,t3_final,t4_final,t5_final,t6_final,t7_final,t8_final,t9_final,t10_final,t11_final,t12_final
0,0.0261056939181,0.15136697052,0.0576114355883,0.0393400406483,0.00877053916226,0.0317121500081,0.128531456939,0.0238952856689,0.0811893160471,0.148744477407,0.222451441915,0.080281192178,17,5,2,20,4.24803097226e-05,3.82322787504e-06,4.24803097226e-05,0.000167898089877,0.000121154413322,0.000166648388166,4.24803097226e-05,3.82322787504e-06,4.24803097226e-05,0.271292895535,0.511826949651,0.216246886228
1,0.131725788095,0.151647994525,0.018439244647,0.112446408097,0.115140392546,0.00168143108491,0.124646291215,0.0999955787297,0.0857969834344,0.0311160887762,0.0694349307446,0.0579288681054,17,5,2,20,0.000884308641738,7.95877777564e-05,0.000884308641738,0.0172233800384,0.0028903895451,0.00190967596564,0.000884308641738,7.95877777564e-05,0.000884308641738,0.264338838029,0.499080004428,0.210861301871
2,0.0704332050551,0.0116233917681,0.150770873277,0.041725725082,0.120646452865,0.0711394954868,0.0858929579247,0.0462542934723,0.133066016065,0.0819756856521,0.0358991575881,0.150572745764,17,5,2,20,2.98466338745e-06,2.6861970487e-07,2.98466338745e-06,0.000153911631296,4.05906555584e-05,4.61049174455e-06,2.98466338745e-06,2.6861970487e-07,2.98466338745e-06,0.270019498118,0.513018568162,0.216750345048
3,0.0880093551827,0.0849049675702,0.036138558734,0.0917380737487,0.103834296197,0.0215033798443,0.0962385147156,0.156735096095,0.0524087790887,0.0707418020217,0.136128110345,0.061619066457,17,5,2,20,0.000120389451328,1.08350506195e-05,0.000120389451328,0.000457267623687,0.000442743139947,0.000679164657974,0.000120389451328,1.08350506195e-05,0.000120389451328,0.270803674109,0.511152142399,0.215961780164
4,0.130299648165,0.183569698225,0.141224642329,0.00644695261729,0.0334396567132,0.00957990445577,0.181753774875,0.0164185354783,0.147139042016,0.0478755413277,0.0876217685986,0.0146308351979,17,5,2,20,0.00112502892789,0.00010125260351,0.00112502892789,0.0347904884483,0.00690113570926,0.00134264240622,0.00112502892789,0.00010125260351,0.00112502892789,0.258410493206,0.487769855404,0.206082763908
5,0.0238213245477,0.00373155134527,0.0222219446185,0.0857455996833,0.214704984805,0.114829684728,0.00117491074594,0.0510077296275,0.191541315461,0.0177779579011,0.265432051265,0.00801094527211,17,5,2,20,0.000230599491019,2.07539541917e-05,0.000230599491019,0.00307149431967,0.0026830888097,0.000229673323375,0.000230599491019,2.07539541917e-05,0.000230599491019,0.269352418608,0.508751788447,0.214947630619
6,0.00776908907637,0.0652156348607,0.0229868107029,0.00333360381781,0.109290006305,0.0986470618626,0.0386317234342,0.259363258736,0.022716881594,0.130314279065,0.0828709178664,0.158860732679,17,5,2,20,8.38494961671e-05,7.54645465504e-06,8.38494961671e-05,0.000397714447949,0.000166109783411,0.00041206907435,8.38494961671e-05,7.54645465504e-06,8.38494961671e-05,0.271008846069,0.511539381182,0.216125388549
7,0.0362844572964,0.0149184283121,0.00253804490803,0.0227872108737,0.15511337563,0.26902789332,0.0391238149337,0.0617760448199,0.219809002049,0.0666231723107,0.0451271788304,0.0668713767155,17,5,2,20,0.000437137291555,3.934235624e-05,0.000437137291555,0.027954288541,0.00727384208841,0.00417197220748,0.000437137291555,3.934235624e-05,0.000437137291555,0.259980288209,0.491242442935,0.20754993214
8,0.190832677926,0.0471565398383,0.076176264623,0.0428194370133,0.13589724843,0.00562931293917,0.0349053143935,0.0962532606658,0.039497149752,0.0248400441474,0.213797110188,0.0921956400837,17,5,2,20,0.000195074830009,1.75567347008e-05,0.000195074830009,0.00316108433018,0.000449199106361,0.00215491918143,0.000195074830009,1.75567347008e-05,0.000195074830009,0.269357298826,0.509006738676,0.21505534709
9,0.0629440243018,0.0807364344802,0.0467661786087,0.112002920517,0.0088886888375,0.0893643048175,0.00767152837314,0.123437145433,0.0015925085632,0.0995383362446,0.298938585774,0.0681193440489,17,5,2,20,3.69248483567e-05,3.3232363521e-06,3.69248483567e-05,0.000191976268346,0.000360422341552,0.000145936510957,3.69248483567e-05,3.3232363521e-06,3.69248483567e-05,0.271233176748,0.511714687005,0.21619945526
10,0.197536148379,0.0330585261484,0.167320684943,0.00856290993032,0.00842254320865,0.124019151418,0.103987582577,0.10754521462,0.133195445189,0.00357557986574,0.00480581040538,0.107970403315,17,5,2,20,0.00153871741616,0.000138484567454,0.00153871741616,0.0243363673731,0.0108196389262,0.00525969204877,0.00153871741616,0.000138484567454,0.00153871741616,0.258439016028,0.488375006555,0.206338440269
11,0.0476692084138,0.156106400747,0.055755318668,0.00538340843019,0.100606711525,0.126365854611,0.0276324052595,0.0865382334344,0.0487168466238,0.293785689561,0.0393325146797,0.0121074080464,17,5,2,20,3.75930073213e-06,3.38337065892e-07,3.75930073213e-06,1.97204144172e-05,3.0174939934e-05,3.72259660319e-06,3.75930073213e-06,3.38337065892e-07,3.75930073213e-06,0.271442131337,0.512118479322,0.216370057513
12,0.0245622019821,0.253587897128,0.0627082759156,0.0341310216766,0.0164030213625,0.166661109008,0.0245003153011,0.0078674044266,0.101988420476,0.0151804322789,0.216270440077,0.0761394603679,17,5,2,20,1.74884397972e-06,1.57395958175e-07,1.74884397972e-06,8.87997858611e-05,2.71093570829e-05,6.39758199661e-06,1.74884397972e-06,1.57395958175e-07,1.74884397972e-06,0.270710796686,0.512590218925,0.216569367496
13,0.0240545279636,0.202454405784,0.0555628156605,0.0410173881478,0.0366040847888,0.123446392666,0.00946935235435,0.179716322165,0.0254254872077,0.194663368839,0.100411698895,0.00717415552809,17,5,2,20,5.92756316082e-05,5.33480684474e-06,5.92756316082e-05,0.000112200793475,0.000205364794024,8.56721086034e-05,5.92756316082e-05,5.33480684474e-06,5.92756316082e-05,0.27106088805,0.511977576178,0.216310525935
14,0.0669968650516,0.17954997784,0.0166336762557,0.0633794986453,0.0024523319567,0.0957493096857,0.106027220751,0.0874416939244,0.0703905216951,0.0638925340535,0.143407345944,0.104079024198,17,5,2,20,0.000268675841434,2.4180825729e-05,0.000268675841434,0.024004914206,0.00185275834763,0.0011391473911,0.000268675841434,2.4180825729e-05,0.000268675841434,0.263444423781,0.498021575576,0.210414115681
15,0.0197509844749,0.0845720302276,0.0161455868686,0.200140712887,0.0662086735938,0.0413256765812,0.0758153905435,0.00915503845454,0.0249438012033,0.0880408388243,0.0805368844063,0.293364381935,17,5,2,20,0.000158402805593,1.42562525033e-05,0.000158402805593,0.00301876895231,0.00140194594369,0.000261713685545,0.000158402805593,1.42562525033e-05,0.000158402805593,0.269787820669,0.509573024269,0.215294602754
16,0.0337226012795,0.0784792976528,0.0662522967685,0.16721141602,0.0322072575961,0.0320797931353,0.0373051922826,0.156826041852,0.103744188671,0.0281019773829,0.205417979945,0.0586519574141,17,5,2,20,0.000402087833155,3.61879049839e-05,0.000402087833155,0.0174101292692,0.00309599590322,0.000637784807532,0.000402087833155,3.61879049839e-05,0.000402087833155,0.265219797744,0.500496003609,0.211459561525
17,0.0208549630016,0.0512762410652,0.00130728582588,0.183174253868,0.130843729091,0.0642038310217,0.132039070502,0.0740551799905,0.051056115274,0.00369516816893,0.089061814551,0.19843234764,17,5,2,20,0.000118420861819,1.06578775637e-05,0.000118420861819,0.000739077878854,0.00141410517335,0.000387723911053,0.000118420861819,1.06578775637e-05,0.000118420861819,0.270160109307,0.510934259773,0.215869724754
18,0.0944441548092,0.00688975846868,0.0117105644645,0.0543271326399,0.518198417723,0.00867275665916,0.0745397528222,0.0713010809679,0.00889406063727,0.0941194443287,0.0318030182238,0.0250998582557,17,5,2,20,0.000247548978615,2.22794080753e-05,0.000247548978615,0.00137967345286,0.00709324443348,0.000513945420816,0.000247548978615,2.22794080753e-05,0.000247548978615,0.268744289123,0.507018694439,0.2142153984
19,0.0594379303171,0.115174620835,0.0476887719772,0.130418277681,0.01732587328,0.0701209380297,0.0362356673967,0.0215618169429,0.238813812266,0.179914967336,0.00750879078562,0.0757985331522,17,5,2,20,0.000174684127733,1.5721571496e-05,0.000174684127733,0.00768121963324,0.00525983160219,0.000310357093155,0.000174684127733,1.5721571496e-05,0.000174684127733,0.267328909707,0.505229878602,0.213459623709
20,0.102786298264,0.122028747461,0.053794585394,0.0455099659303,0.108145525292,0.109484917544,0.0565548920258,0.267314251633,0.0600460341103,0.0229300694431,0.0286003748003,0.0228043381011,17,5,2,20,0.00143934732904,0.000129541259613,0.00143934732904,0.0649887490045,0.0225172917697,0.00794051013521,0.00143934732904,0.000129541259613,0.00143934732904,0.243475120401,0.460500426611,0.194561430243
21,0.410553980135,0.135787841652,0.0897869855999,0.089536277615,0.046069018616,0.135254942379,0.0315065758695,0.00630843375638,0.00657935694324,0.00468050261161,0.0306345752086,0.0133015096149,17,5,2,20,0.00564898339371,0.000508408505434,0.00564898339371,0.00932912118056,0.0370764908506,0.00306922656495,0.00564898339371,0.000508408505434,0.00564898339371,0.250826236236,0.475280263327,0.200805911255
22,0.00883586612902,0.104174279507,0.0310941534832,0.00674772025081,0.0290377401578,0.307594990832,0.0135780061766,0.0422939139795,0.24944375102,0.0189564660913,0.141648092487,0.0465950198857,17,5,2,20,0.000312887324327,2.81598591895e-05,0.000312887324327,0.00217206220759,0.00315197922242,0.000703366596331,0.000312887324327,2.81598591895e-05,0.000312887324327,0.269473535041,0.508394508202,0.214796679715
23,0.0499822397015,0.0203230839851,0.091922147498,0.0998959476423,0.0616402867885,0.00373290746406,0.130994113998,0.0918781055584,0.213262317222,0.0153320589113,0.108003984227,0.113032807005,17,5,2,20,0.000331039375171,2.97935437654e-05,0.000331039375171,0.0026427560961,0.00110527640652,0.000890899036491,0.000331039375171,2.97935437654e-05,0.000331039375171,0.269603191639,0.509226103504,0.21514802873
24,0.173745661256,0.167378958951,0.00775157821886,0.00217254481968,0.281810265601,0.0306913255453,0.0382262920596,0.043563106712,0.0124886619451,0.00599211777228,0.0429507092252,0.193228777894,17,5,2,20,0.000487831306972,4.39048176275e-05,0.000487831306972,0.00769692144119,0.00306041170792,0.00109439266415,0.000487831306972,4.39048176275e-05,0.000487831306972,0.267095879746,0.505457475977,0.2135557836
25,0.122874473007,0.082714106674,0.0115257491679,0.137371693862,0.101959567331,0.0203901187359,0.0494437299949,0.032734692328,0.258761353052,0.0153375543831,0.0233082894253,0.143578672038,17,5,2,20,0.000547227235817,4.92504512235e-05,0.000547227235817,0.00773122563299,0.000869499141335,0.00200802252342,0.000547227235817,4.92504512235e-05,0.000547227235817,0.267941609773,0.505562202519,0.213600030564
26,0.0527996588618,0.215775774523,0.120350127936,0.21939740425,0.0184891662329,0.0210179911318,0.0309765335332,0.0835483728355,0.142437627929,0.0138940320055,0.017124234504,0.0641890762576,17,5,2,20,0.000757884316036,6.82095884433e-05,0.000757884316036,0.00287468933576,0.0112956904074,0.00137524102832,0.000757884316036,6.82095884433e-05,0.000757884316036,0.266282575674,0.50263890834,0.212364938774
27,0.0101177336102,0.010003544563,0.027116219789,0.105739546454,0.205218037488,0.0150218000515,0.321963819595,0.0203505547478,0.127348049534,0.0250057214537,0.0248330336855,0.107281939029,17,5,2,20,0.000257145583782,2.31431025404e-05,0.000257145583782,0.00025832603671,0.00019235491393,0.000630038077013,0.000257145583782,2.31431025404e-05,0.000257145583782,0.270879639557,0.511047292004,0.215917480872
28,0.0453935987145,0.452944484243,0.00099414834409,0.0583491428344,0.137548383254,0.0555123355983,0.0129901190517,0.148682838761,0.0153345338892,0.00451706238839,0.0570078369017,0.0107255160196,17,5,2,20,0.0025255594483,0.000227300350347,0.0025255594483,0.00799576183182,0.0159116297048,0.00234129476613,0.0025255594483,0.000227300350347,0.0025255594483,0.261161960235,0.493520221419,0.20851229355
29,0.0552165340401,0.0180032151045,0.0245368783164,0.0143382394785,0.112777286804,0.203607833063,0.0840355350032,0.102687158885,0.117441285897,0.187269811749,0.0638479312175,0.0162382904411,17,5,2,20,0.00033438978334,3.00950805006e-05,0.00033438978334,0.00767431135913,0.00117490517507,0.000569231214132,0.00033438978334,3.00950805006e-05,0.00033438978334,0.268278636374,0.506787463327,0.214117703256
30,0.0965710803676,0.020891256474,0.0239017195979,0.0484217725761,0.217078679028,0.0698965548482,0.000859420402426,0.0107195887097,0.090802080636,0.0170347450428,0.00653400935912,0.397289092958,17,5,2,20,3.2088087917e-06,2.88792791253e-07,3.2088087917e-06,3.20126652588e-05,2.85006847708e-05,2.17026855871e-06,3.2088087917e-06,2.88792791253e-07,3.2088087917e-06,0.271216798701,0.512272129954,0.216434974906
31,0.00264623423816,0.0275744930197,0.0010621226031,0.0762743985799,0.147887215972,0.15959396263,0.168787036331,0.0321603191424,0.0586512710816,0.00784164608543,0.0669002552199,0.250621045097,17,5,2,20,9.47191342607e-05,8.52472208346e-06,9.47191342607e-05,0.000361654443643,0.000394262561828,0.000130172698451,9.47191342607e-05,8.52472208346e-06,9.47191342607e-05,0.270861773454,0.511673961941,0.21618224892
32,0.183699732913,0.0160906969767,0.034115961071,0.151118972417,0.00777708349694,0.0737682787463,0.0217663657689,0.250739154345,0.0974793514577,0.0580658699864,0.0812946546528,0.024083878168,17,5,2,20,0.000456526656533,4.1087399088e-05,0.000456526656533,0.00213907888829,0.00319005648564,0.000526670874712,0.000456526656533,4.1087399088e-05,0.000456526656533,0.269352849627,0.508177899965,0.214705162735
33,0.0229223711316,0.163802862803,0.133469230714,0.0644255644855,0.190849621442,0.0830664886007,0.107051408465,0.0577608031166,0.0654841571264,0.0517157778938,0.0332431768581,0.0262085373639,17,5,2,20,0.00174321923381,0.000156889731043,0.00174321923381,0.0472158845311,0.00513688118906,0.00432722008783,0.00174321923381,0.000156889731043,0.00174321923381,0.253662587555,0.479698256759,0.202672513481
34,0.00207748873711,0.0378013697691,0.0759857690426,0.0700935699133,0.0638621709139,0.00201272014755,0.158094451667,0.0217281196336,0.155811651875,0.00247318230646,0.104365835889,0.305693670105,17,5,2,20,6.52128761784e-07,5.86915885606e-08,6.52128761784e-07,7.88956353322e-05,1.77429352438e-05,3.26693621109e-06,6.52128761784e-07,5.86915885606e-08,6.52128761784e-07,0.270944103459,0.5124451776,0.216508087536
35,0.0348691634508,0.281851069811,0.0170839646248,0.0277545756175,0.119733886127,0.121982285967,0.218989797352,0.00589986734854,0.00491903123208,0.0921401094017,0.0649723103091,0.0098039387587,17,5,2,20,0.000381873971174,3.43686574057e-05,0.000381873971174,0.00145278754873,0.00168109173158,0.00193830842642,0.000381873971174,3.43686574057e-05,0.000381873971174,0.269654564077,0.508736038676,0.214940976341
36,0.0462869598092,0.127131622498,0.189172034174,0.0870440258736,0.00487243862685,0.00197513242578,0.010716349494,0.0948209138735,0.151664532982,0.000517192962928,0.148829936092,0.136968861188,17,5,2,20,0.00015575467316,1.40179205844e-05,0.00015575467316,0.00150758982001,0.00214974640847,0.000275041487995,0.00015575467316,1.40179205844e-05,0.00015575467316,0.270220564281,0.509803868871,0.215392134598
37,0.229202655042,0.101443571865,0.0244733716671,0.161699941351,0.0156835312317,0.128208398226,0.0166411251521,0.1221459632,0.0103989465176,0.0104228706618,0.00806273677338,0.171616888312,17,5,2,20,0.000345103491994,3.10593142795e-05,0.000345103491994,0.00550649290732,0.00313446252335,0.00325595671755,0.000345103491994,3.10593142795e-05,0.000345103491994,0.267607322932,0.505485576325,0.213567655997
38,0.0676651322155,0.0278153555142,0.110728478512,0.213587857103,0.014644636724,0.0178456968391,0.189511174953,0.155029392272,0.00450270560724,0.130886103909,0.057923827787,0.00985963856388,17,5,2,20,6.53107592967e-06,5.8779683367e-07,6.53107592967e-06,4.55086624468e-05,4.47460923611e-05,5.39177375554e-06,6.53107592967e-06,5.8779683367e-07,6.53107592967e-06,0.271098749393,0.512322182201,0.21645612198
39,0.00292078939651,0.032320734185,0.0563108778581,0.00743390197714,0.0583692469742,0.0910601199552,0.11705694674,0.243790945359,0.217941166116,0.06731605864,0.051253225692,0.0542259871067,17,5,2,20,0.000443628926744,3.9926603407e-05,0.000443628926744,0.00175562803719,0.00228363041719,0.000299851676854,0.000443628926744,3.9926603407e-05,0.000443628926744,0.269780176063,0.508981613281,0.215044731611
40,0.0229698999872,0.176826750038,0.0540596862528,0.0260656866241,0.00319468103022,0.151529702227,0.114205260153,0.146288235654,0.0495834616388,0.147183127,0.0658852290417,0.0422082803534,17,5,2,20,9.58752736386e-05,8.62877462747e-06,9.58752736386e-05,0.000337767240985,0.00146295366414,0.000419104633254,9.58752736386e-05,8.62877462747e-06,9.58752736386e-05,0.270657645906,0.51087646391,0.215845306002
41,0.0279538523119,0.418669088633,0.127099083401,0.0745956040709,0.000579111841019,0.000719274232627,0.017238537336,0.0143451893821,0.141089501737,0.0534511529365,0.0491442133114,0.0751153908068,17,5,2,20,0.000706735589467,6.36062030521e-05,0.000706735589467,0.0112035768467,0.00192163235402,0.00129281509891,0.000706735589467,6.36062030521e-05,0.000706735589467,0.266716834954,0.503276615805,0.212634370178
42,0.103199837334,0.228025200527,0.00124394753656,0.0894155247692,0.0112648148994,0.0924869611868,0.0347880862466,0.153982853785,0.00775572021386,0.00958302917005,0.183094072037,0.0851599522946,17,5,2,20,0.000265228185101,2.38705366591e-05,0.000265228185101,0.00359528306907,0.00219186281082,0.000737101616224,0.000265228185101,2.38705366591e-05,0.000265228185101,0.269167332269,0.508400538785,0.214799227637
43,0.0448909169995,0.120814200854,0.0844811677105,0.112764348903,0.06049539675,0.088691642387,0.00710592418421,0.0807250863494,0.0666263415008,0.0869850675417,0.0144209487132,0.231998958107,17,5,2,20,9.91721722546e-05,8.92549550292e-06,9.91721722546e-05,0.00128509754134,0.00142166212271,0.000176776140635,9.91721722546e-05,8.92549550292e-06,9.91721722546e-05,0.270565930682,0.510464670533,0.2156713233
44,0.024385751264,0.1633705423,0.00192044327087,0.0648836304182,0.0225808770036,0.0731477525295,0.0821675814901,0.200217622978,0.0355972466589,0.0119498188046,0.102047517475,0.217731215808,17,5,2,20,9.00312555762e-07,8.10281300186e-08,9.00312555762e-07,9.39390907357e-05,4.39982604077e-06,1.41324023679e-05,9.00312555762e-07,8.10281300186e-08,9.00312555762e-07,0.270572625652,0.512696759032,0.216614380691
45,0.351023762002,0.0211078862077,0.0956394550845,0.0262647256643,0.0512793594259,0.286326318799,0.0158790095153,0.00780156952209,0.0930129513254,0.0180594001352,0.0155084614917,0.0180971008266,17,5,2,20,0.00402276007229,0.000362048406506,0.00402276007229,0.115882377389,0.0339118393294,0.0140552549137,0.00402276007229,0.000362048406506,0.00402276007229,0.221891434674,0.419995751558,0.177448205033
46,0.104913567767,0.206454008035,0.0199701994597,0.283133945002,0.0627783857771,0.0293630838123,0.0270155213054,0.00623700308522,0.0762311593103,0.0628558594045,0.112195991078,0.00885127596363,17,5,2,20,0.000101413806134,9.12724255206e-06,0.000101413806134,0.000168032970844,0.00235147652904,4.29401579882e-05,0.000101413806134,9.12724255206e-06,0.000101413806134,0.270653750848,0.510622066633,0.215737823152
47,0.0811234540468,0.00579269309641,0.136196185477,0.219416473457,0.0879922711477,0.105683148541,0.018427165306,0.0937652407316,0.00465594867727,0.0219776096834,0.153933119944,0.0710366898911,17,5,2,20,0.000437480536351,3.93732482716e-05,0.000437480536351,0.0237488099002,0.00608651748043,0.000456673078238,0.000437480536351,3.93732482716e-05,0.000437480536351,0.262694388279,0.495736339276,0.209448603344
48,0.0200081224584,0.100539551745,0.152827778303,0.0758975639386,0.0716183610019,0.0566870375579,0.154162474097,0.157349380632,0.091129120556,0.040504753419,0.0666519583916,0.0126238979004,17,5,2,20,0.00048677145935,4.38094313415e-05,0.00048677145935,0.00177343900611,0.00803868858421,0.000422534239888,0.00048677145935,4.38094313415e-05,0.00048677145935,0.268129277624,0.505870900419,0.213730455427
49,0.1066550054,0.100608846293,0.0594206639309,0.139100621045,0.0365419659473,0.002457853621,0.00565833193169,0.112445246788,0.0926067967113,0.17981065402,0.0685955148057,0.0960984995059,17,5,2,20,4.26632813084e-05,3.83969531776e-06,4.26632813084e-05,0.000123775279657,7.03144195191e-05,6.35119955064e-05,4.26632813084e-05,3.83969531776e-06,4.26632813084e-05,0.271023365374,0.512155149677,0.216385550738
50,0.304731585936,0.028644323075,0.0197971209621,0.00343020441124,0.0990557029011,0.0375470561733,0.012852311876,0.163475805148,0.116103736158,0.0434498592043,0.0310896539242,0.13982264023,17,5,2,20,0.000258369469552,2.32532522597e-05,0.000258369469552,0.000800134696254,0.000949186036878,0.000284433449369,0.000258369469552,2.32532522597e-05,0.000258369469552,0.2703938516,0.510715226598,0.215777183238
51,0.0400046471192,0.034970749693,4.02693136903e-05,0.01324853369,0.0726367782576,0.0243709890107,0.024927983045,0.0302603679837,0.20322488892,0.171587016819,0.121409494417,0.263318281731,17,5,2,20,3.89614745159e-07,3.50653270643e-08,3.89614745159e-07,3.04606893455e-05,2.32093764202e-06,2.43156262546e-06,3.89614745159e-07,3.50653270643e-08,3.89614745159e-07,0.271220698204,0.512296984195,0.216445475822
52,0.163355265551,0.0723580153902,0.148564876318,0.143469993056,0.137270008556,0.0255562885871,0.00530092981838,0.00636200131748,0.130679464552,0.0999704108475,0.0129337040803,0.0541790419263,17,5,2,20,0.000831824184055,7.48641765649e-05,0.000831824184055,0.0264360316686,0.00331644325725,0.00416221291236,0.000831824184055,7.48641765649e-05,0.000831824184055,0.261255219673,0.493042578137,0.208310489263
53,0.00546293614598,0.137332026367,0.0335895161954,0.0735649865235,0.10246220915,0.0818077874728,0.0239004123968,0.159891618183,0.0740004303445,0.0756736285505,0.219157248099,0.0131572005719,17,5,2,20,0.000174834852672,1.57351367405e-05,0.000174834852672,0.0016227216209,0.00120319235508,0.000746530515625,0.000174834852672,1.57351367405e-05,0.000174834852672,0.270070224725,0.510106517469,0.21552000363
54,0.0835025265652,0.0359782069557,0.0502188349784,0.0354805565163,0.00223394052377,0.0772779575056,0.453852763261,0.0385766216456,0.0464585855578,0.13062759409,0.0358007185862,0.00999169381422,17,5,2,20,0.000567454998869,5.10709498983e-05,0.000567454998869,0.0119283814115,0.00668810034083,0.00231371288025,0.000567454998869,5.10709498983e-05,0.000567454998869,0.265045675576,0.500282719084,0.211369448813
55,0.102648512134,0.011803648217,0.0525854766359,0.0568034757533,0.0617058873964,0.0244092502095,0.100656919313,0.0398788865308,0.161391449904,0.242305338394,0.0246139520465,0.121197203465,17,5,2,20,4.65176260773e-05,4.18658634696e-06,4.65176260773e-05,0.000360933259194,0.000238324862918,0.000490681672808,4.65176260773e-05,4.18658634696e-06,4.65176260773e-05,0.271020633318,0.511560620886,0.216134362324
56,0.0537075117226,0.205030471664,0.00422329024683,0.119928363021,0.0477959374286,0.0558490749086,0.0934982407584,0.0386189337295,0.0437292518335,0.0104530695715,0.253235278966,0.0739305761497,17,5,2,20,0.000249526869752,2.24574182777e-05,0.000249526869752,0.00301762321197,0.001192391439,0.000536556574047,0.000249526869752,2.24574182777e-05,0.000249526869752,0.269893131818,0.509186133315,0.215131141326
57,0.156158124113,0.0553386278948,0.0548871145304,0.168519612263,0.00772688185114,0.027607127106,0.16423755491,0.0310605071931,0.10252361157,0.00651716318477,0.0341665836755,0.191257091709,17,5,2,20,0.000328145550522,2.9533099547e-05,0.000328145550522,0.00930759499575,0.00259801834178,0.00207788523134,0.000328145550522,2.9533099547e-05,0.000328145550522,0.266954612383,0.504527409945,0.213162830702
58,0.0145113560037,0.0258753638502,0.00903410628576,0.269514122699,0.0212111181925,0.386963700121,0.0769667675539,0.0072493503968,0.0159257395526,0.102410899689,0.0377122948135,0.0326251808427,17,5,2,20,0.000378219338132,3.40397404318e-05,0.000378219338132,0.00290503860992,0.00126482608708,0.00528121063763,0.000378219338132,3.40397404318e-05,0.000378219338132,0.268374892631,0.506568066925,0.214025008276
59,0.120400441088,0.0389233399825,0.0120276003128,0.0428646432706,0.220104683982,0.110700549395,0.208271697266,0.0506640720046,0.0640257894401,0.0335336632507,0.0824070386293,0.016076481378,17,5,2,20,0.000413433602789,3.7209024251e-05,0.000413433602789,0.0239287832395,0.0055360800515,0.0123980118848,0.000413433602789,3.7209024251e-05,0.000413433602789,0.259274893948,0.490076680785,0.207057397632
60,0.0767764976801,0.122428761856,0.0972193058159,0.251443905518,0.00242338346606,0.0689146711834,0.069381602691,0.00272012793475,0.0809193523023,0.00487183005171,0.222684619152,0.000215942348447,17,5,2,20,0.000306930981651,2.76237883485e-05,0.000306930981651,0.00629550613156,0.00395381229575,0.00219852567652,0.000306930981651,2.76237883485e-05,0.000306930981651,0.267513985842,0.50527606225,0.213479136301
61,0.019914190143,0.0285843572029,0.287074799512,0.151438636647,0.0663545866086,0.00813912013682,0.104340147077,0.0839533037474,0.0281789533015,0.0450535665295,0.0574803092083,0.119488029886,17,5,2,20,0.000475659212373,4.28093291136e-05,0.000475659212373,0.00698185619291,0.00197164847679,0.000362741228162,0.000475659212373,4.28093291136e-05,0.000475659212373,0.268148439493,0.506535718173,0.214011340928
62,0.0782003413649,0.0348361537566,0.0373777462932,0.132956328936,0.175031034329,0.245278722029,0.0278166897793,0.0595449161596,0.0458793475648,0.00753520518059,0.128245372645,0.0272981419618,17,5,2,20,4.75650929684e-06,4.28085836715e-07,4.75650929684e-06,2.04833313157e-05,1.18965577934e-05,3.3447250854e-06,4.75650929684e-06,4.28085836715e-07,4.75650929684e-06,0.271349592744,0.512193181324,0.216401619109
63,0.0648989482063,0.0269791930598,0.0193558591053,0.249727689873,0.0280705997399,0.118734701641,0.00696233865413,0.0508689741471,0.0139862398494,0.217279769205,0.178447156573,0.0246885299464,17,5,2,20,8.86194623433e-05,7.9757516109e-06,8.86194623433e-05,0.000670478093865,0.000562468153639,0.000472853215922,8.86194623433e-05,7.9757516109e-06,8.86194623433e-05,0.270202754443,0.511578922138,0.216142094603
64,0.13669801784,0.0314291497001,0.0340448820934,0.152021554109,0.0775442831614,0.055904409124,0.0817227298948,0.0792343277219,0.0176219405071,0.0192293035068,0.120346942346,0.194202459996,17,5,2,20,0.00024686581011,2.22179229099e-05,0.00024686581011,0.00428364827723,0.00212535541166,0.000378795617106,0.00024686581011,2.22179229099e-05,0.00024686581011,0.268863358191,0.508482912771,0.214834030646
65,0.312915226053,0.262216112826,0.0414721048415,0.121156399301,0.0238014312529,0.129683630292,0.00147528738529,0.000142226385967,0.0410838261398,0.0264718100015,0.0211780313713,0.0184039141505,17,5,2,20,0.00246359645247,0.000221723680722,0.00246359645247,0.00711484930233,0.0175544542899,0.00582290233932,0.00246359645247,0.000221723680722,0.00246359645247,0.260299778553,0.491325259996,0.207584922348
66,0.0428838771359,0.128911482898,0.125746448657,0.0660169584537,0.0950923705751,0.0274298545362,0.0771957453625,0.00415902625187,0.127893549149,0.0998436657475,0.151247418484,0.0535796027487,17,5,2,20,0.000218358299276,1.96522469349e-05,0.000218358299276,0.00252735191581,0.000383686909529,0.00138297542994,0.000218358299276,1.96522469349e-05,0.000218358299276,0.270051353365,0.509484635985,0.215257258704
67,0.0712609636322,0.0330397029667,0.0332050771964,0.111090553015,0.0618682005556,0.0300655267811,0.0532461644915,0.262429405428,0.00406241236196,0.0229552349994,0.263471011999,0.053305746573,17,5,2,20,0.000155754982378,1.4017948414e-05,0.000155754982378,0.00396323479435,0.00133856707382,0.000423736271852,0.000155754982378,1.4017948414e-05,0.000155754982378,0.269720868847,0.508894577987,0.2150079592
68,0.00491408812461,0.475399134383,0.0706617543494,0.0160330922993,0.0252556075411,0.10555801562,0.00354109698269,0.0553036631137,0.0502415409041,0.0170171273656,0.122950505928,0.0531243733884,17,5,2,20,0.000326063442059,2.93457097853e-05,0.000326063442059,0.00578176389907,0.00638825685175,0.000755856176652,0.000326063442059,2.93457097853e-05,0.000326063442059,0.266989613331,0.505252417964,0.21346914659
69,0.0577547695063,0.0346571409483,0.146481683333,0.1385825449,0.014953011419,0.264576237871,0.0709386081386,0.0456359015907,0.0988525354074,0.00160899992195,0.0661888351168,0.0597697318471,17,5,2,20,0.000858417733998,7.72575960598e-05,0.000858417733998,0.0175427100172,0.00597259762475,0.00602183242965,0.000858417733998,7.72575960598e-05,0.000858417733998,0.262203935991,0.49537485962,0.20929587819
70,0.110413370259,0.00936780941273,0.0596994988393,0.0358394379217,0.26491617686,0.0170287479276,0.0146095437067,0.088703293359,0.079492703219,0.216755353185,0.0717427915101,0.0314312738005,17,5,2,20,0.000239815036073,2.15833532466e-05,0.000239815036073,0.0034807571715,0.000677632160759,0.000688402964197,0.000239815036073,2.15833532466e-05,0.000239815036073,0.269774234073,0.509227800899,0.21514874588
71,0.00846196277612,0.198896677331,0.120238680089,0.047026688886,0.0349096220794,0.0434965016497,0.0781176803405,0.0446186544327,0.00219003326117,0.226080198862,0.185795173105,0.0101681271862,17,5,2,20,6.90019976123e-05,6.21017978511e-06,6.90019976123e-05,0.00179510411487,0.00157050396295,4.88311413916e-05,6.90019976123e-05,6.21017978511e-06,6.90019976123e-05,0.270454089143,0.510258729904,0.215584313384
72,0.117825662032,0.0916236377678,0.0842832202835,0.10945592989,0.000834286130374,0.318097067,0.0926765781089,0.021635760427,0.0364764089572,0.0233429029885,0.0115584939839,0.0921900524307,17,5,2,20,6.59386561214e-06,5.93447905093e-07,6.59386561214e-06,9.27214291805e-05,1.88595049652e-05,4.66829858377e-06,6.59386561214e-06,5.93447905093e-07,6.59386561214e-06,0.270840828011,0.512488829805,0.216526530593
73,0.210161879105,0.00767570160059,0.121187473934,0.123058496823,0.00152733012336,0.114038811001,0.0187954360445,0.178869635822,0.0742562718522,0.0665329375647,0.0326819057676,0.0512141203624,17,5,2,20,0.00109297358149,9.83676223344e-05,0.00109297358149,0.0254471387931,0.00653899865899,0.00456027878462,0.00109297358149,9.83676223344e-05,0.00109297358149,0.259004858162,0.492007097385,0.207872998645
74,0.122893205567,0.027554853669,0.035529894671,0.00860354505041,0.0318262757183,0.0576107455663,0.057003247794,0.108291213342,0.239827752685,0.133470007127,0.0015861210831,0.175803137727,17,5,2,20,6.17753797518e-05,5.55978417767e-06,6.17753797518e-05,0.000157789297317,0.000634035227115,0.000102696403238,6.17753797518e-05,5.55978417767e-06,6.17753797518e-05,0.271055940957,0.511628342374,0.216162974653
75,0.00333500250074,0.0343487058215,0.128708445055,0.0695315122824,0.0747526098052,0.159982717933,0.0133753405079,0.028662802591,0.18271856196,0.112482395137,0.0279917592366,0.16411014717,17,5,2,20,0.000260827566575,2.34744809918e-05,0.000260827566575,0.0156456807135,0.00424075979228,0.000673600654542,0.000260827566575,2.34744809918e-05,0.000260827566575,0.26555222973,0.501087852289,0.211709617592
76,0.0317425874815,0.0992667347654,0.170911556768,0.261667513956,0.0799445028988,0.00344476121164,0.0789061442505,0.0526663482279,0.155149047805,0.00817891512015,0.0372314827189,0.0208904047965,17,5,2,20,0.00385595857274,0.000347036271546,0.00385595857274,0.0629917749789,0.0175304061698,0.00969829547478,0.00385595857274,0.000347036271546,0.00385595857274,0.242597619519,0.457689980333,0.193374016691
77,0.0518706478252,0.0602751041141,0.209681588893,0.11505205299,0.109345425538,0.000176459993908,0.016643704104,0.0281237936044,0.189317984976,0.00302575346187,0.132130742674,0.0843567418238,17,5,2,20,0.000145730672302,1.31157605072e-05,0.000145730672302,0.000295645792445,0.000850757231399,0.000995638746959,0.000145730672302,1.31157605072e-05,0.000145730672302,0.270717952768,0.51074225044,0.215788600811
78,0.1515032153,0.071640888965,0.0713764466838,0.122057076299,0.0205871335564,0.157583254418,0.0538112948912,0.163523400921,0.0652990177907,0.00280004089032,0.0696305951859,0.0501876350988,17,5,2,20,2.79682773774e-05,2.51714496397e-06,2.79682773774e-05,0.000110817277857,0.000172084691498,6.469542769e-05,2.79682773774e-05,2.51714496397e-06,2.79682773774e-05,0.27107039311,0.512102004987,0.216363097107
79,0.0320308695958,0.139296490334,0.218670183958,0.0931549300519,0.100424296306,0.0923062385585,0.0963546162968,0.0803096901864,0.0512828063557,0.0556693836735,0.00547249789984,0.0350279967833,17,5,2,20,0.00124123949415,0.000111711554473,0.00124123949415,0.0190177790993,0.0112522092708,0.00217120130438,0.00124123949415,0.000111711554473,0.00124123949415,0.261117672536,0.492972060952,0.208280695752
80,0.0117561202426,0.0631038867019,0.0689738665683,0.0860839079365,0.0438820730137,0.14722616075,0.0812248047347,0.0596717313672,0.0343672934861,0.0570299268777,0.141781366487,0.204898861834,17,5,2,20,0.00010891689239,9.80252031507e-06,0.00010891689239,0.00152885392047,0.00112523387562,0.000617354909771,0.00010891689239,9.80252031507e-06,0.00010891689239,0.270151423347,0.510454735562,0.215667125775
81,0.0113552721235,0.0355810804466,0.170746615284,0.0104948720278,0.340076437789,0.0134046714076,0.0348859083063,0.0165920329657,0.00188706680175,0.135888783295,0.218621986783,0.0104652727687,17,5,2,20,0.000297438617553,2.67694755798e-05,0.000297438617553,0.00739829382077,0.000882656263341,0.000884253895532,0.000297438617553,2.67694755798e-05,0.000297438617553,0.268621129006,0.506833303053,0.21413707054
82,0.0934563775369,0.00371968169664,0.0794659205717,0.0897803581041,0.184357854584,0.145044513333,0.0375072659878,0.0656237308377,0.0207320191286,0.00394387396037,0.0589245021206,0.217443902139,17,5,2,20,7.47096089436e-05,6.72386480492e-06,7.47096089436e-05,0.000620961556657,0.00257112774368,0.000274328940369,7.47096089436e-05,6.72386480492e-06,7.47096089436e-05,0.270212635058,0.510375156791,0.215633503744
83,0.0758717808603,0.0542512206748,0.0649371838136,0.0474021988019,0.0326880399783,0.0294472966642,0.08473351421,0.399307549275,0.0755137328774,0.0437629493153,0.0764163919406,0.015668141588,17,5,2,20,0.000650059799101,5.85053819191e-05,0.000650059799101,0.0145107990152,0.00526832797096,0.00435129388144,0.000650059799101,5.85053819191e-05,0.000650059799101,0.263912673424,0.498586752722,0.210652903025
84,0.0390097391796,0.00720739683395,0.0200954015774,0.072336900087,0.324482194444,0.061526652293,0.155744360919,0.0265787669969,0.0971617891363,0.0599734936127,0.0580953724255,0.0777879324945,17,5,2,20,0.000519755303819,4.67779773437e-05,0.000519755303819,0.00557469414097,0.00147913011835,0.00306368646536,0.000519755303819,4.67779773437e-05,0.000519755303819,0.267809275362,0.506081291208,0.213819345536
85,0.0514146820114,0.0420856097676,0.184802509115,0.0988186656255,0.0446243039003,0.0603164250073,0.303976342097,0.0128986356701,0.0535558255716,0.000298656211011,0.135684640068,0.0115237049556,17,5,2,20,0.000999669235008,8.99702311507e-05,0.000999669235008,0.011950051819,0.00665902933949,0.0010635641782,0.000999669235008,8.99702311507e-05,0.000999669235008,0.264399485823,0.500350967619,0.211398283819
86,0.0100782869578,0.0112872082167,0.0164677674393,0.0457074252544,0.0150667388351,0.0589382490138,0.328990721444,0.0385239724048,0.0711947594859,0.297491839773,0.0207135009301,0.0855395302446,17,5,2,20,0.000130014576473,1.17013118826e-05,0.000130014576473,0.0040585468832,0.00120098380616,0.000440400783681,0.000130014576473,1.17013118826e-05,0.000130014576473,0.269769940506,0.508953720275,0.215032946816
87,0.00650684493746,0.00764449986048,0.00427940080649,0.101116841339,0.064290556872,0.126130224454,0.418369503399,0.0206134466005,0.0240935892577,0.0697320048308,0.0919654267592,0.065257660884,17,5,2,20,0.000288914059282,2.60022653354e-05,0.000288914059282,0.00302647245784,0.00407786441207,0.000393045464438,0.000288914059282,2.60022653354e-05,0.000288914059282,0.268781265772,0.507918236292,0.214595454833
88,0.0756020940699,0.0685166141305,0.128753683619,0.0367987464369,0.113665653371,0.208430705929,0.000450769143383,0.0404436697047,0.11170963214,0.0097097870796,0.175530942999,0.0303877013762,17,5,2,20,0.000385694561503,3.47125105353e-05,0.000385694561503,0.027710082456,0.00269746148517,0.00567531650884,0.000385694561503,3.47125105353e-05,0.000385694561503,0.261068135311,0.492960844268,0.208275956703
89,0.0889805049387,0.137923935043,0.141464534021,0.016880265404,0.0463785075299,0.0480717510448,0.182305019316,0.0167577230367,0.00686458782159,0.0174982021111,0.088929190048,0.207945779686,17,5,2,20,6.31300210799e-05,5.68170189719e-06,6.31300210799e-05,0.000278294666903,0.000744175341815,0.000458143113863,6.31300210799e-05,5.68170189719e-06,6.31300210799e-05,0.270668491952,0.511484718058,0.21610229338
90,0.0886379835038,0.0161965360541,0.0074124587655,0.205639097781,0.148046593674,0.012836051648,0.192037533809,0.073819524171,0.108461700306,0.010845597492,0.0339751260854,0.102091796709,17,5,2,20,2.74985184501e-06,2.47486666051e-07,2.74985184501e-06,5.27755045182e-05,0.000162374589039,1.77898809633e-06,2.74985184501e-06,2.47486666051e-07,2.74985184501e-06,0.271079080535,0.512261860108,0.216430635895
91,0.0103776735458,0.00342310883296,0.0868640431742,0.0605870350341,0.0728670512559,0.0464194072408,0.0697587659942,0.021173622853,0.0202803641043,0.0960534445868,0.459755165801,0.0524403175771,17,5,2,20,1.97155878557e-05,1.77440290701e-06,1.97155878557e-05,9.22932974911e-05,0.000149968158425,3.56632297022e-05,1.97155878557e-05,1.77440290701e-06,1.97155878557e-05,0.271366987217,0.511966732471,0.216305944469
92,0.0456360861622,0.156710251717,0.104344596806,0.0365881690213,0.132553819876,0.144648525841,0.000777544051054,0.0127112599454,0.14446498178,0.0817372200356,0.0819144859467,0.0579130588182,17,5,2,20,0.000284842103979,2.56357893581e-05,0.000284842103979,0.00472270433629,0.0028184570318,0.00211604023348,0.000284842103979,2.56357893581e-05,0.000284842103979,0.268427581584,0.506660510945,0.214064065874
93,0.230089432811,0.0403133527092,0.0416082411773,0.0235757579165,0.0429278820589,0.0527178978102,0.0927020312513,0.0536049016934,0.0229050190645,0.0471908746918,0.253279679118,0.099084929698,17,5,2,20,7.51866174837e-05,6.76679557353e-06,7.51866174837e-05,0.00035775305217,0.000352616132856,5.56250862242e-05,7.51866174837e-05,6.76679557353e-06,7.51866174837e-05,0.271075637786,0.511665439635,0.216178648246
94,0.0823706444283,0.310516835883,0.0858788073156,0.0982093082263,0.0244256327123,0.0953639531295,0.0217225836344,0.10129651915,0.0142167230937,0.00243646171333,0.0664383700309,0.0971241606831,17,5,2,20,0.000284332394036,2.55899154632e-05,0.000284332394036,0.00410233738621,0.000761221519578,0.00696303695453,0.000284332394036,2.55899154632e-05,0.000284332394036,0.267679521709,0.505662828136,0.213642544888
95,0.0128045350851,0.0150217053655,0.0677279480238,0.24965679777,0.0585352448607,0.00085060447849,0.259677052793,0.0506138629637,0.00962472679394,0.163687630112,0.105201613734,0.00659827801982,17,5,2,20,0.000150658952088,1.35593056879e-05,0.000150658952088,0.000541632757623,0.000861608957251,7.22170397701e-05,0.000150658952088,1.35593056879e-05,0.000150658952088,0.27066699973,0.511232187765,0.215995599331
96,0.0553601198399,0.0711514012232,0.0144166550178,0.070025350345,0.0287307681815,0.283124493744,0.032985109359,0.0253566070845,0.0180959824866,0.0417021592722,0.104701430851,0.254349922595,17,5,2,20,8.4142984386e-05,7.57286859474e-06,8.4142984386e-05,0.000987919807842,0.000723608675155,0.00036944862999,8.4142984386e-05,7.57286859474e-06,8.4142984386e-05,0.270708618797,0.510972714527,0.215885971888
97,0.0180950155791,0.0236051851335,0.3181005098,0.0258351537876,0.0952566352348,0.0286001543244,0.0150426729537,0.149515647271,0.0665705641416,0.0168882232632,0.0520603072628,0.190429931249,17,5,2,20,0.00020187251597,1.81685264373e-05,0.00020187251597,0.00302281554099,0.00286865809892,0.000859008060592,0.00020187251597,1.81685264373e-05,0.00020187251597,0.269178547307,0.508419784799,0.214807359077
98,0.102767944135,0.185964030689,0.111702642794,0.00977234376709,0.0370263815447,0.0347610666993,0.0148799385743,0.166226416852,0.131516660844,0.00635413523554,0.115486072787,0.0835423660784,17,5,2,20,0.000331085069352,2.97976562416e-05,0.000331085069352,0.0011750932102,0.000546372025878,0.000781166172826,0.000331085069352,2.97976562416e-05,0.000331085069352,0.270183282804,0.510319964989,0.215610185208
99,0.0928916368766,0.0104980054209,0.0554534102052,0.183833134316,0.0319261281451,0.160568512338,0.037966274479,0.098334788522,0.0580578367205,0.186219256539,0.0373118422336,0.0469391742053,17,5,2,20,0.000430660556312,3.87594500681e-05,0.000430660556312,0.006157488548,0.00192837212735,0.000533470897521,0.000430660556312,3.87594500681e-05,0.000430660556312,0.268620903541,0.506825731994,0.214133871767
100,0.0847608681898,0.0525491232247,0.190173675933,0.250617994517,0.0100218616263,0.0203771556944,0.0791743388152,0.117111334418,0.0947240303683,0.0875827021794,0.00894013336969,0.00396678166415,17,5,2,20,0.000840438706639,7.56394835975e-05,0.000840438706639,0.00406441335799,0.0103730089543,0.00327006909271,0.000840438706639,7.56394835975e-05,0.000840438706639,0.265610577652,0.501348961089,0.21181993606
101,0.149760837504,0.0670561070792,0.00699835697342,0.173426012696,0.0774162716051,0.0961682723139,0.00136571364494,0.0370457091165,0.163567760927,0.0121038996454,0.00498432954422,0.210106728951,17,5,2,20,2.56863258103e-05,2.31176932293e-06,2.56863258103e-05,8.13209865296e-05,0.000135239507024,4.69826284257e-05,2.56863258103e-05,2.31176932293e-06,2.56863258103e-05,0.271355192731,0.511967588967,0.216306306339
102,0.0542779673837,0.151164646678,0.149263513272,0.0103078044464,0.061587755043,0.0342342986128,0.187252730996,0.204727911701,0.0562076938674,0.000340395623028,0.0263168854185,0.0643183969583,17,5,2,20,0.0019791101017,0.000178119909153,0.0019791101017,0.0399639011185,0.0209691930523,0.0101677934977,0.0019791101017,0.000178119909153,0.0019791101017,0.249708338783,0.471647165781,0.199270927542
103,0.169449773461,0.0508544604937,0.00725453732468,0.0787588265505,0.0042505008531,0.15102069721,0.125088751756,0.0370588090017,0.0168413582809,0.0797897062919,0.0531811004093,0.226451478367,17,5,2,20,1.19781150422e-07,1.0780303538e-08,1.19781150422e-07,1.61015013153e-05,6.80671310758e-07,2.57961188578e-07,1.19781150422e-07,1.0780303538e-08,1.19781150422e-07,0.271363999732,0.512209813321,0.216408646128
104,0.213937703657,0.089436288833,0.0606202334029,0.012906064762,0.0804969969322,0.206810940314,0.0546322621711,0.01149044405,0.0508303875057,0.11005991402,0.00824515986978,0.100533604482,17,5,2,20,2.08636438925e-05,1.87772795032e-06,2.08636438925e-05,0.000199152450217,6.84937237041e-05,7.81401695596e-05,2.08636438925e-05,1.87772795032e-06,2.08636438925e-05,0.270735900617,0.512359299127,0.216471803881
105,0.0296839651552,0.111507108144,0.0219850830132,0.0436407785819,0.430456888558,0.0934796326287,0.0360902063837,0.0183846350375,0.039337266566,0.0069961130971,0.0398877540041,0.12855056883,17,5,2,20,0.000644717782257,5.80246004031e-05,0.000644717782257,0.0193167177751,0.00249139134893,0.00563651546428,0.000644717782257,5.80246004031e-05,0.000644717782257,0.263238330141,0.496746660767,0.209875464174
106,0.0146299655485,0.032660241799,0.0364079813954,0.00195233209851,0.126272647999,0.298168799339,0.0252133945167,0.0214018007855,0.118356835873,0.0551304269087,0.00136421234661,0.268441361389,17,5,2,20,4.99767318694e-05,4.49790586825e-06,4.99767318694e-05,0.000110821480905,0.000376406142407,0.000315660847686,4.99767318694e-05,4.49790586825e-06,4.99767318694e-05,0.270963002036,0.511792763974,0.216232442779
107,0.0848296169901,0.0607257525318,0.202250283604,0.146268084375,0.05695908784,0.0200676595933,0.126362474145,0.028074480177,0.0223801761117,0.0677104798571,0.0998760919659,0.0844958128092,17,5,2,20,0.000202036801613,1.81833121452e-05,0.000202036801613,0.000843690572262,0.000766771324806,0.000226816666824,0.000202036801613,1.81833121452e-05,0.000202036801613,0.27051002906,0.510937208116,0.215870970429
108,0.160867678761,0.000888697788218,0.00324924411448,0.0447593942609,0.124915903018,0.271509228764,0.0185122889094,0.00642035552727,0.0521217644915,0.157688780062,0.00628248663149,0.152784177672,17,5,2,20,7.11061636417e-05,6.39955472775e-06,7.11061636417e-05,0.000510269170657,0.0011918583878,0.000419019868723,7.11061636417e-05,6.39955472775e-06,7.11061636417e-05,0.270712092625,0.510980341782,0.215889194403
109,0.0970600027746,0.0302438039132,0.0278754140266,0.15461264864,0.0271166030916,0.0086186572223,0.0498784257466,0.0835942452691,0.128025759878,0.00814700442607,0.0174341323278,0.367393302684,17,5,2,20,0.000143926139324,1.29533525392e-05,0.000143926139324,0.00346467357313,0.00108872376773,0.000541286565691,0.000143926139324,1.29533525392e-05,0.000143926139324,0.26990359652,0.509244364366,0.215155743945
110,0.0355714637073,0.00829949619379,0.342404485024,0.0487174557478,0.0637413581933,0.00182300002585,0.260874566488,0.056876000487,0.0918684279252,0.0252790179995,0.0486417122761,0.015903015932,17,5,2,20,0.00194837262512,0.00017535353626,0.00194837262512,0.0060696801447,0.00570978648406,0.00313246226299,0.00194837262512,0.00017535353626,0.00194837262512,0.265112046144,0.500409017498,0.211422809893
111,0.044490356555,0.0430030702859,0.0591967925532,0.327468921094,0.0302065224075,0.0447029316992,0.0199077879102,0.0981745905656,0.182583958648,0.126365098878,0.0117944986997,0.0121054707032,17,5,2,20,0.000538084756075,4.84276280468e-05,0.000538084756075,0.00242772600988,0.00234907344912,0.000297056098623,0.000538084756075,4.84276280468e-05,0.000538084756075,0.269470165999,0.508405472171,0.214801311992
112,0.00396467504974,0.0799289021805,0.0205426284972,0.265584512093,0.0145536064682,0.077037428432,0.06829412111,0.025313406793,0.212796518349,0.0957375899008,0.0568685997492,0.0793780113776,17,5,2,20,0.00066969407925,6.02724671325e-05,0.00066969407925,0.017959481864,0.00142788637889,0.00258647114666,0.00066969407925,6.02724671325e-05,0.00066969407925,0.264693324381,0.499496319844,0.211037195134
113,0.123076328682,0.0522266353471,0.00975394784096,0.0664945951918,0.0309855782869,0.0205158859258,0.0258084429001,0.247752770573,0.0271877108031,0.0284937803641,0.0498154851264,0.317888838958,17,5,2,20,3.4957896241e-05,3.14621066169e-06,3.4957896241e-05,0.000110311570987,0.000218160426872,6.41909195845e-05,3.4957896241e-05,3.14621066169e-06,3.4957896241e-05,0.270995282077,0.512102587697,0.216363343302
114,0.142883504525,0.0787206080516,0.216510169344,0.103826927848,0.0208127216468,0.0802828062536,0.109168858788,0.0179231561526,0.0368019713782,0.14142542517,0.0320430872567,0.0196007635856,17,5,2,20,0.000591696930278,5.3252723725e-05,0.000591696930278,0.0270993692215,0.00488653114023,0.00231724866408,0.000591696930278,5.3252723725e-05,0.000591696930278,0.261303021616,0.493441501715,0.208479034475
115,0.159250715009,0.0595908596765,0.161498326054,0.0617968270767,0.00476816694678,0.0146139873817,0.0229860009179,0.078988713023,0.0256704424025,0.0876418531605,0.0670501666086,0.256143941743,17,5,2,20,5.04282317584e-05,4.53854085825e-06,5.04282317584e-05,0.00166836163845,0.000788673340886,0.000109191163576,5.04282317584e-05,4.53854085825e-06,5.04282317584e-05,0.270121064933,0.511143703983,0.215958214933
116,0.0152021415383,0.0829073535058,0.0210433961409,0.128011600199,0.163202947437,0.17363327962,0.203060901135,0.0724250364013,0.0629167453059,0.00108142207524,0.0666923764417,0.0098228001996,17,5,2,20,0.00180495915707,0.000162446324137,0.00180495915707,0.0531951209112,0.0194719766473,0.0144573342109,0.00180495915707,0.000162446324137,0.00180495915707,0.245765412149,0.463666380883,0.195899045923
117,0.116004366859,0.10117401011,0.0386150645189,0.0046909284729,0.100178040608,0.00465476062995,0.0786731515979,0.0340785395548,0.340723811105,0.0773309689526,0.0254151431857,0.0784612144055,17,5,2,20,0.000369898060991,3.32908254892e-05,0.000369898060991,0.00381920047072,0.00292093407195,0.00469322883667,0.000369898060991,3.32908254892e-05,0.000369898060991,0.267717048815,0.505661450904,0.213641963007
118,0.071196267663,0.0686110758043,0.103488728605,0.0197463414526,0.110339224552,0.104377623754,0.00256532225434,0.140037257826,0.112722158711,0.100827115909,0.133045267081,0.0330436163881,17,5,2,20,0.000369789941245,3.3281094712e-05,0.000369789941245,0.0142763826047,0.00203091882919,0.000774347487024,0.000369789941245,3.3281094712e-05,0.000369789941245,0.266152042173,0.50279127378,0.212429313172
119,0.0327855683181,0.00633590663969,0.0229447143199,0.0845401778498,0.197981558854,0.0688968394892,0.0052036919781,0.0595078001685,0.0697646170642,0.0948182435219,0.0326992999517,0.324521581845,17,5,2,20,2.4658818005e-05,2.21929362045e-06,2.4658818005e-05,3.4188280115e-05,9.28655567311e-05,8.78797400405e-05,2.4658818005e-05,2.21929362045e-06,2.4658818005e-05,0.27137847789,0.511988411018,0.216315103655
120,0.110644567692,0.000124413302876,0.0396155247421,0.195672638889,0.0508788346409,0.134443635067,0.256270802265,0.0547614300714,0.00933152078679,0.0910981279351,0.0547893984544,0.00236910615338,17,5,2,20,0.00141288506305,0.000127159655675,0.00141288506305,0.0317321973252,0.00241163928902,0.00693934070985,0.00141288506305,0.000127159655675,0.00141288506305,0.258357030889,0.488333168523,0.206320763701
121,0.128211472527,0.0806055036067,0.0521416406668,0.219949664717,0.0538842524733,0.105260304874,0.00484457048361,0.141524823044,0.0808118394566,0.0151885481658,0.0412030741989,0.0763743057862,17,5,2,20,0.000278308404054,2.50477563649e-05,0.000278308404054,0.00050318528976,0.00672159047267,0.00012478189213,0.000278308404054,2.50477563649e-05,0.000278308404054,0.269153856248,0.5077913933,0.214541863669
122,0.0521748811281,0.0395784653061,0.00911152626941,0.239400552259,0.00245377120245,0.036975309074,0.175015471295,0.0462284145063,0.0257713280583,0.124365404752,0.158479481316,0.0904453948336,17,5,2,20,0.000268174459618,2.41357013656e-05,0.000268174459618,0.0052296306156,0.00104143916321,0.00105282471691,0.000268174459618,2.41357013656e-05,0.000268174459618,0.269172317658,0.50782623452,0.214556584085
123,0.0311093948196,0.0129336686502,0.00529691210829,0.0504966518446,0.118274841066,0.0487025384377,0.0738890262415,0.0208403435708,0.0513182540222,0.0701851729351,0.0349807004293,0.481972495875,17,5,2,20,6.93528075544e-05,6.24175267989e-06,6.93528075544e-05,0.00570463376411,0.00126750014997,0.000137967873318,6.93528075544e-05,6.24175267989e-06,6.93528075544e-05,0.269121552775,0.508596450406,0.214882000296
124,0.108581829647,0.119927619139,0.0320717402087,0.0286477080241,0.0773989702752,0.0207203005663,0.034758182034,0.0710041850389,0.0635589180236,0.153744764826,0.00940761313595,0.280178169081,17,5,2,20,3.19017894328e-05,2.87116104895e-06,3.19017894328e-05,0.000265801482781,0.000529387380727,0.000176146697008,3.19017894328e-05,2.87116104895e-06,3.19017894328e-05,0.27116492237,0.511585513244,0.216144879346
125,0.125129158532,0.0229779956887,0.110138742239,0.0172538221861,0.0369781810187,0.233855483087,0.00856389909031,0.0980003077481,0.033390577412,0.00341961036657,0.275740320879,0.0345519017535,17,5,2,20,0.000257427699737,2.31684929763e-05,0.000257427699737,0.00717369808662,0.00224049642797,0.00046261277701,0.000257427699737,2.31684929763e-05,0.000257427699737,0.267909827702,0.50695066237,0.214186654851
126,0.209759104246,0.148909184403,0.0356010238947,0.0530907262699,0.0519613712714,0.0145112196252,0.163942045264,0.194261576088,0.00892408865598,0.0608529384841,0.0128329313112,0.0453537904857,17,5,2,20,1.66942268092e-05,1.50248041282e-06,1.66942268092e-05,0.000122900597267,0.000728919208417,9.0580404228e-06,1.66942268092e-05,1.50248041282e-06,1.66942268092e-05,0.270865361741,0.511918438344,0.216285540201
127,0.00859974249065,0.0875723062288,0.0480339333774,0.111391283295,0.0421696701424,0.116095358624,0.0290593303447,0.124648247557,0.264327640413,0.0637487026,0.0278862080933,0.0764675768336,17,5,2,20,0.000536585311492,4.82926780343e-05,0.000536585311492,0.00391924166598,0.00236977932742,0.00240419448769,0.000536585311492,4.82926780343e-05,0.000536585311492,0.268496024276,0.506550322419,0.214017511222
128,0.217457531565,0.00961929403668,0.00311443733323,0.0331380846538,0.148504722426,0.0739058850887,0.173484320847,0.0351822363489,0.0234552327409,0.0171060046822,0.198230752661,0.0668014976163,17,5,2,20,0.000246446668196,2.21802001376e-05,0.000246446668196,0.00758915720005,0.00143755639426,0.0031878641588,0.000246446668196,2.21802001376e-05,0.000246446668196,0.267630304324,0.505536007627,0.213588963223
129,0.189377180064,0.0658962246526,0.127917051133,0.186682710421,0.0446242483447,0.000925289684971,0.0127574854753,0.0750717333342,0.241112905488,0.0476488883182,0.00215204753243,0.00583423555164,17,5,2,20,0.0020710993571,0.000186398942139,0.0020710993571,0.0113136728676,0.0356819540455,0.000676359301913,0.0020710993571,0.000186398942139,0.0020710993571,0.255841863808,0.483535293261,0.204293661403
130,0.0112323275124,0.0498028112507,0.283782444907,0.040051223998,0.323274459929,0.0194592685495,0.0392211417319,0.0962473950242,0.0867187850965,0.0350319968495,0.00248397194611,0.0126941732053,17,5,2,20,0.00482988029924,0.000434689226932,0.00482988029924,0.0147487950308,0.0302708449537,0.00738582214116,0.00482988029924,0.000434689226932,0.00482988029924,0.251108922712,0.47542827101,0.200868444502
131,0.12138728279,0.185845594996,0.111856266648,0.105334181402,0.0213699651968,0.0109861130536,0.156761254541,0.0167048162272,0.0602241166054,0.0130444132396,0.0486477453896,0.147838249911,17,5,2,20,0.000431552882563,3.88397594307e-05,0.000431552882563,0.0193760546406,0.00314199807937,0.00102380327433,0.000431552882563,3.88397594307e-05,0.000431552882563,0.264476507129,0.499246218508,0.21093152732
132,0.0854845823245,0.025984544532,0.0764510868094,0.0440551123394,0.0583263802457,0.133212506622,0.114065743583,0.110267554873,0.0939497691267,0.114253024273,0.127346040105,0.0166036551674,17,5,2,20,0.000249141951291,2.24227756162e-05,0.000249141951291,0.00802527203074,0.00309087543992,0.00055701772741,0.000249141951291,2.24227756162e-05,0.000249141951291,0.267675525924,0.505876903706,0.213732991816
133,0.136583869033,0.00795957209207,0.00173400021892,0.213408550618,0.00421651982103,0.146292891483,0.0558596436221,0.0333282581255,0.0466565399051,0.234278213289,0.0308706815494,0.0888112602431,17,5,2,20,1.16344530339e-06,1.04710077305e-07,1.16344530339e-06,9.01229129781e-06,3.86505126573e-06,4.1898829607e-06,1.16344530339e-06,1.04710077305e-07,1.16344530339e-06,0.271456880993,0.512141433097,0.216379755483
134,0.0219470493731,0.0755634383345,0.00406838330208,0.320289046844,0.0766148856178,0.208447889246,0.144608108934,0.01151145048,0.000855065103901,0.0510265457374,0.0248986224187,0.0601695146081,17,5,2,20,0.00064939833652,5.84458502868e-05,0.00064939833652,0.0117727136076,0.0106819453938,0.00172630077163,0.00064939833652,5.84458502868e-05,0.00064939833652,0.264045224803,0.498459986205,0.210599344172
135,0.173730728627,0.00170609224386,0.0457930267137,0.218515866902,0.0613082554878,0.017913139377,0.255943386817,0.0703919139898,0.047800325087,0.01094644976,0.0074097584525,0.0885410565429,17,5,2,20,9.08471979798e-05,8.17624781819e-06,9.08471979798e-05,0.00028735188288,0.00230326631878,0.000372210220703,9.08471979798e-05,8.17624781819e-06,9.08471979798e-05,0.270433565555,0.510526442696,0.215697422039
136,0.150678622174,0.0701033007903,0.244957532965,0.0138269704289,0.18700535979,0.0088063099426,0.161468647222,0.0494214666667,0.0269087889461,0.016452286469,0.0489707074908,0.0214000071151,17,5,2,20,0.00181033187312,0.000162929868581,0.00181033187312,0.0107038028609,0.00912016132699,0.00728460515648,0.00181033187312,0.000162929868581,0.00181033187312,0.261457729564,0.494809500079,0.209057013783
137,0.113255327807,0.0881124822364,0.000431980112335,0.218239593247,0.0370467063628,0.0217001671381,0.210659725204,0.0582599117537,0.14005398533,0.0256488086475,0.015963321928,0.0706279902319,17,5,2,20,5.24966665492e-06,4.72469998943e-07,5.24966665492e-06,3.61691046416e-05,1.57367740783e-05,4.05132039973e-06,5.24966665492e-06,4.72469998943e-07,5.24966665492e-06,0.2711801725,0.512296609276,0.216445317419
138,0.137773474165,0.0392710658831,0.0455675613231,0.209111166557,0.323948365181,0.0677582960253,0.0130761942832,0.0419137909159,0.0119500592123,0.0416049891433,0.0382227176729,0.0298023196385,17,5,2,20,0.00111190236739,0.000100071213065,0.00111190236739,0.0179500434076,0.00785780844521,0.0102776254763,0.00111190236739,0.000100071213065,0.00111190236739,0.260189108728,0.491442996167,0.207634665881
139,0.102244006924,0.130561468987,0.0316458935208,0.0953986727538,0.00103158942095,0.268272579612,0.142182371971,0.0163522492581,0.114917786049,0.0231391027773,0.00413015482053,0.0701241239049,17,5,2,20,0.000305005623683,2.74505061315e-05,0.000305005623683,0.00146366464091,0.0200922143076,0.000110231676601,0.000305005623683,2.74505061315e-05,0.000305005623683,0.264646179187,0.500817424731,0.211595361949
140,0.0998281131328,0.117927996352,0.0360289446098,0.0381859149259,0.00637672494938,0.0421248891165,0.108912924928,0.0573697506782,0.227115375348,0.0887462405098,0.154296801022,0.0230863244272,17,5,2,20,0.000250409209959,2.25368288963e-05,0.000250409209959,0.0134493252417,0.00239498373043,0.00188601249087,0.000250409209959,2.25368288963e-05,0.000250409209959,0.265646039899,0.503041777252,0.212535150889
141,0.0722928928776,0.219847765059,0.0396584127544,0.00279871778126,0.162127995393,0.0586211607113,0.13495394006,0.0248555203959,0.0313580570706,0.0290419462741,0.20523857814,0.0192050134836,17,5,2,20,0.000167392727637,1.50653454874e-05,0.000167392727637,0.00080194509192,0.000987254188528,0.000679370141886,0.000167392727637,1.50653454874e-05,0.000167392727637,0.27028195011,0.51075555632,0.215794222545
142,0.0854127854326,0.00112394498885,0.184462140632,0.0472554244999,0.153636036316,0.0411876076349,0.0185886158799,0.220258321551,0.077626288453,0.0599680689328,0.0223713589072,0.0881094067718,17,5,2,20,0.000595808710998,5.36227839898e-05,0.000595808710998,0.0332243133434,0.00620465910151,0.00132307971457,0.000595808710998,5.36227839898e-05,0.000595808710998,0.25938396284,0.490244994438,0.20712851015
143,0.135433776197,0.0504851293924,0.0582398048162,0.00947040699855,0.0681952374293,0.0665253779465,0.0304943987816,0.0101094867195,0.0134102501377,0.0829591082439,0.40939467114,0.0652823521974,17,5,2,20,2.80143796412e-05,2.52129416771e-06,2.80143796412e-05,0.000510082824563,6.93620967605e-05,0.000538298437737,2.80143796412e-05,2.52129416771e-06,2.80143796412e-05,0.271032014006,0.511587446417,0.216145696111
144,0.0357023034128,0.0737709792692,0.192306620923,0.0513273264115,0.0343797110046,0.00986850484491,0.0441831159223,0.0770675782456,0.197704937987,0.118971550218,0.0882212140583,0.0764961577028,17,5,2,20,0.000119372368998,1.07435132098e-05,0.000119372368998,0.000526174790687,0.000260445410341,0.000322873426735,0.000119372368998,1.07435132098e-05,0.000119372368998,0.270801229449,0.511487030173,0.216103270248
145,0.104476206423,0.000718105455941,0.156397991677,0.0381009703288,0.202397647109,0.141151376402,0.052851583551,0.0809289427134,0.0286484335972,0.00637117342133,0.181904832449,0.00605273687095,17,5,2,20,0.000357813440217,3.22032096195e-05,0.000357813440217,0.0016380149103,0.00216590017452,0.000407565582892,0.000357813440217,3.22032096195e-05,0.000357813440217,0.269915516917,0.509228360095,0.21514898214
146,0.0175716018648,0.196863060434,0.0357394147678,0.00140022120638,0.134366094971,0.172584742321,0.113021975042,0.0899309588868,0.0140346651985,0.0230001884376,0.199511159009,0.00197591786156,17,5,2,20,0.000285885518523,2.57296966671e-05,0.000285885518523,0.0133336277946,0.00474709331867,0.00147878233418,0.000285885518523,2.57296966671e-05,0.000285885518523,0.265567788794,0.501706647656,0.211971058635
147,0.0305477627687,0.0918886083791,0.0245681452118,0.0712637774864,0.034547756312,0.0632514195043,0.049288942017,0.00328282316936,0.00543874397358,0.159816052938,0.339617221438,0.126488746802,17,5,2,20,4.03841039514e-05,3.63456935562e-06,4.03841039514e-05,0.00048351601873,0.000292424040798,6.70587324758e-05,4.03841039514e-05,3.63456935562e-06,4.03841039514e-05,0.269838698748,0.51258312612,0.216566370786
148,0.114415066127,0.0100548956964,0.0169332972368,0.175476311009,0.175813011968,0.127134214083,0.146908047738,0.111850318226,0.0660391914251,0.0018380059047,0.00651976594243,0.0470178746435,17,5,2,20,0.00348048624898,0.000313243762408,0.00348048624898,0.0110431475729,0.0214660299408,0.00720340783476,0.00348048624898,0.000313243762408,0.00348048624898,0.25642984628,0.484575842426,0.204733293425
149,0.0339507223168,0.373753980061,0.0584389870189,0.216331618674,0.0252680679473,0.0127198191617,0.0181654770442,0.0203271778661,0.0535378530608,0.048696452617,0.00363389574336,0.13517594849,17,5,2,20,0.000650763232456,5.8568690921e-05,0.000650763232456,0.00910056642311,0.000764744815023,0.00235049445132,0.000650763232456,5.8568690921e-05,0.000650763232456,0.267389672557,0.504516225969,0.213158105472
150,0.0352698115975,0.270910502893,0.00607434405544,0.118315302859,0.0251813806222,0.0161600996927,0.0201275499136,0.0273583054995,0.0225553732131,0.0483965473158,0.0774298421985,0.33222094014,17,5,2,20,6.54413863049e-05,5.88972476744e-06,6.54413863049e-05,0.000917801203391,0.000835806262058,9.32214433634e-05,6.54413863049e-05,5.88972476744e-06,6.54413863049e-05,0.270404970566,0.511405733238,0.216068922293
151,0.0865114654905,0.0699965869589,0.172161812955,0.124497763403,0.0169159008746,0.1614899657,0.023488464995,0.0554625646096,0.239078905537,0.0445493598643,2.64658940363e-05,0.00582074371739,17,5,2,20,0.00354757191583,0.000319281472425,0.00354757191583,0.0321326387273,0.00652312776456,0.0505747185846,0.00354757191583,0.000319281472425,0.00354757191583,0.243012644198,0.459000365636,0.193927654481
152,0.0105579461062,0.0496062994083,0.140906896034,0.30227795523,0.0970305397732,0.076477490667,0.0474691314166,0.0526564142766,0.0322316683936,0.0760808079839,0.0935198601258,0.0211849905849,17,5,2,20,0.000338600897923,3.04740808131e-05,0.000338600897923,0.00700995819031,0.00645145858141,0.00258164447739,0.000338600897923,3.04740808131e-05,0.000338600897923,0.266628363086,0.503278189041,0.21263503487
153,0.0138222271493,0.10853193111,0.18447456063,0.011016458143,0.0767899303979,0.139805816814,0.141759986096,0.102627078689,0.0300621127933,0.133553510372,0.0107487812097,0.0468076065952,17,5,2,20,0.000307445502319,2.76700952087e-05,0.000307445502319,0.00108294732047,0.00136091397467,0.000802454025842,0.000307445502319,2.76700952087e-05,0.000307445502319,0.270233096738,0.509831610363,0.215403855378
154,0.00861978192553,0.0344355094521,0.00869247792939,0.0936307614414,0.162870858003,0.113917540971,0.235049697666,0.117869171614,0.108962092355,0.0575322397991,0.00703104567996,0.0513888231633,17,5,2,20,0.00126652071154,0.000113986864038,0.00126652071154,0.0249309698738,0.00734775316015,0.00133109069106,0.00126652071154,0.000113986864038,0.00126652071154,0.260853448881,0.492261990032,0.207980690788
155,0.0596001012218,0.0400995898494,0.253933496553,0.0432920664799,0.0491631218682,0.0704958275538,0.0908679771353,0.25819404251,0.0816575424138,0.0224550170053,0.0134885595002,0.0167526579098,17,5,2,20,0.00529058117593,0.000476152305834,0.00529058117593,0.0496288870381,0.0145064652113,0.00481871783399,0.00529058117593,0.000476152305834,0.00529058117593,0.246582059374,0.465623368174,0.196725873053
156,0.074137270739,0.0160485681682,0.0243568896746,0.0769706029527,0.259693678065,0.163754066921,0.0929054763492,0.0539743931378,0.111651216022,0.107025822641,0.0104112547941,0.00907076053517,17,5,2,20,0.00117697181129,0.000105927463016,0.00117697181129,0.0198116302307,0.00731044386723,0.00652770508331,0.00117697181129,0.000105927463016,0.00117697181129,0.260530179873,0.492724287363,0.208176011411
157,0.150507993704,0.154680903526,0.0478421352437,0.0630165114726,0.213381468441,0.00337249375934,0.118412870233,0.0094125546653,0.0388589547314,0.113055729609,0.00629917960529,0.0811592050088,17,5,2,20,3.61572993931e-06,3.25415694538e-07,3.61572993931e-06,1.72968134977e-05,6.00452549506e-05,8.07090508492e-06,3.61572993931e-06,3.25415694538e-07,3.61572993931e-06,0.271432767762,0.512103132171,0.216363573342
158,0.149994833843,0.388010565915,0.0209186855462,0.0764022340188,0.0226834575652,0.0619854191482,0.13147419747,0.0239678145447,0.00935602765644,0.0826404231811,0.0102674630199,0.0222988780919,17,5,2,20,7.94060203686e-06,7.14654183318e-07,7.94060203686e-06,4.487191666e-05,3.48369795741e-05,0.000110916577303,7.94060203686e-06,7.14654183318e-07,7.94060203686e-06,0.271393728826,0.512043904382,0.216338549602
159,0.153160463781,0.0130151032816,0.158243399241,0.107352781381,0.0304525071148,0.0590466494805,0.0468027846499,0.0382212108363,0.286292863966,0.026721658825,0.030313019629,0.0503775578128,17,5,2,20,0.00189924657013,0.000170932191312,0.00189924657013,0.0244333925049,0.0091441991877,0.00524353074999,0.00189924657013,0.000170932191312,0.00189924657013,0.258679543671,0.488267475025,0.206293008198
160,0.0552737457562,0.0907359934134,0.150632023245,0.0657396938478,0.0678814454785,0.0243060554466,0.064008958188,0.00947669714839,0.0329988816545,0.0115011215158,0.326032374221,0.101413010085,17,5,2,20,7.78160723529e-05,7.00344651176e-06,7.78160723529e-05,0.00575488517268,0.00115932943152,0.000554353721097,7.78160723529e-05,7.00344651176e-06,7.78160723529e-05,0.269337115491,0.508168045695,0.214700999306
161,0.0582318222263,0.0631849387157,0.00799086762661,0.163580604028,0.151987051517,0.0551568937044,0.325090523053,0.113221475262,0.0209258488634,0.0203165480456,0.00375626624752,0.0165571607104,17,5,2,20,1.43336126953e-05,1.29002514257e-06,1.43336126953e-05,8.52959735496e-05,0.000105438183863,1.94797692486e-05,1.43336126953e-05,1.29002514257e-06,1.43336126953e-05,0.270766947469,0.512451967735,0.216510956368
162,0.0756956707987,0.0454465073468,0.0554354721778,0.0299345184991,0.158962902656,0.0474885684969,0.0245047117225,0.0324161911332,0.0760122834185,0.0926511899558,0.264582392013,0.0968695917812,17,5,2,20,0.000145600946671,1.31040852004e-05,0.000145600946671,0.00276247716023,0.000380623813107,0.000597042032218,0.000145600946671,1.31040852004e-05,0.000145600946671,0.269962743907,0.510150088668,0.215538412462
163,0.00543877581763,0.294668462402,0.00769222007247,0.00881674996633,0.00233096735061,0.0120049353954,0.0611240676966,0.00885473609817,0.0930086043642,0.201934737022,0.0631257688414,0.240999974973,17,5,2,20,2.81725562462e-05,2.53553006216e-06,2.81725562462e-05,0.000275859356074,0.000270260000327,0.000191229979284,2.81725562462e-05,2.53553006216e-06,2.81725562462e-05,0.27090949838,0.511940520914,0.216294870086
164,0.0614542362556,0.0833774653483,0.092138531211,0.281337961407,0.0500511205548,0.0787596453372,0.017997045998,0.0285063424044,0.0369510239035,0.00337593902396,0.023028355737,0.24302233282,17,5,2,20,0.000285395006407,2.56855505766e-05,0.000285395006407,0.00329507083013,0.00244293252665,0.000941176741923,0.000285395006407,2.56855505766e-05,0.000285395006407,0.269327798687,0.508119557179,0.214680512908
165,0.00887661709798,0.045122030729,0.132177540541,0.14070628621,0.00604019151293,0.33470428456,0.140179268624,0.00420088378172,0.00556414672675,0.0601594218877,0.09829026731,0.0239790610192,17,5,2,20,0.000215151728231,1.93636555408e-05,0.000215151728231,0.000287345427695,0.00138207538487,0.000113647399035,0.000215151728231,1.93636555408e-05,0.000215151728231,0.27064090616,0.510844774274,0.215831917131
166,0.0425088980361,0.00156685204167,0.323256874459,0.111500185884,0.0624388384002,0.113588279521,0.0382031867192,0.0596426456551,0.00452698703785,0.0542726453975,0.00599266254728,0.182501944301,17,5,2,20,0.000164599219726,1.48139297753e-05,0.000164599219726,0.000722162571654,0.000929676252885,0.00091120628148,0.000164599219726,1.48139297753e-05,0.000164599219726,0.269979293739,0.510910113474,0.215859522943
167,0.0711125579302,0.0174575349731,0.017794371382,0.0480199695501,0.116424389529,0.167682281749,0.137142238401,0.0210574026341,0.0270027270338,0.203894492883,0.0998935496773,0.0725184842575,17,5,2,20,6.51892218533e-05,5.8670299668e-06,6.51892218533e-05,0.000437476079192,0.000771097847473,0.000106483384532,6.51892218533e-05,5.8670299668e-06,6.51892218533e-05,0.270430050261,0.511762672394,0.216219729086
168,0.0718233347761,0.0405984093936,0.079647345526,0.12259598995,0.125838885525,0.0691411021972,0.197191032459,0.0538445901001,0.00195850776857,0.0511557935688,0.157901173533,0.0283038352015,17,5,2,20,0.000468952787232,4.22057508509e-05,0.000468952787232,0.00594601424867,0.00279351671581,0.000605277368318,0.000468952787232,4.22057508509e-05,0.000468952787232,0.268170048792,0.506520154815,0.214004765409
169,0.0573959713144,0.151926726222,0.0106913327557,0.204689782761,0.0532676261534,0.113539724273,0.0239100936281,0.0103409297008,0.00406404736944,0.0156833540841,0.0353272182163,0.319163193521,17,5,2,20,0.000146276092812,1.31648483531e-05,0.000146276092812,0.00655202500677,0.00178383876019,0.00260432167008,0.000146276092812,1.31648483531e-05,0.000146276092812,0.268328941701,0.506235106358,0.213884332436
170,0.159546593905,0.0523946195948,0.0269497611109,0.253010839309,0.15377127804,0.0620364874667,0.127734665569,0.0478922508322,0.0315802029768,0.0107326175076,0.00404612941487,0.0703045542724,17,5,2,20,0.00127978089297,0.000115180280368,0.00127978089297,0.0138642527824,0.0202173733991,0.00418282181002,0.00127978089297,0.000115180280368,0.00127978089297,0.259533290165,0.489878929849,0.206973847861
171,0.026242643974,0.182708893558,0.0128112454026,0.0658498828371,0.0106330671258,0.19668973166,0.0389740390572,0.0481784030899,0.147446611501,0.232080720133,0.00277741172525,0.0356073499357,17,5,2,20,0.000196170636524,1.76553572872e-05,0.000196170636524,0.00111810796291,0.000300146282059,0.000271172054467,0.000196170636524,1.76553572872e-05,0.000196170636524,0.270783585718,0.510866077133,0.215840917589
172,0.103301533123,0.224636910727,0.0088571451651,0.0334525135564,0.00210556942851,0.112218286809,0.0169903868112,0.12162414156,0.0492001410382,0.0793744980787,0.0445303657507,0.203708507952,17,5,2,20,0.000142021893492,1.27819704143e-05,0.000142021893492,0.000873980721474,0.00025501508885,0.000498009153685,0.000142021893492,1.27819704143e-05,0.000142021893492,0.270766141584,0.511081337038,0.215931864899
173,0.0579626080949,0.05533348595,0.0499933306736,0.0804013292816,0.00110806176258,0.201385825311,0.11240752909,0.18935556783,0.0497711203459,0.0668902180143,0.12156301686,0.0138279067859,17,5,2,20,0.000363019249147,3.26717324232e-05,0.000363019249147,0.0156326167571,0.00155449654112,0.006801140958,0.000363019249147,3.26717324232e-05,0.000363019249147,0.264511913097,0.49910890136,0.210873510825
174,0.0318439923972,0.0293793394902,0.176142554855,0.0293139354816,0.000935180947801,0.0288949078386,0.0702279846304,0.034553604948,0.0790018384178,0.272257483101,0.0384977358087,0.208951442084,17,5,2,20,1.28783436326e-05,1.15905092693e-06,1.28783436326e-05,2.22727519081e-05,2.59835989612e-05,7.16855460681e-05,1.28783436326e-05,1.15905092693e-06,1.28783436326e-05,0.271417632362,0.512062280678,0.216346313587
175,0.0993270953446,0.192183895867,0.0380213873126,7.43004416543e-05,0.0618596485876,0.098044619118,0.0331280414157,0.158669221762,0.0221081415141,0.158530134998,0.119435647949,0.0186178656908,17,5,2,20,0.000168864644673,1.51978180206e-05,0.000168864644673,0.00119016300595,0.00149287243554,0.000211042291954,0.000168864644673,1.51978180206e-05,0.000168864644673,0.270261228729,0.510466670877,0.215672168445
176,0.165983905552,0.016634180375,0.0274631729124,0.107434649232,0.142320038387,0.10943896747,0.190102744872,0.0393042360992,0.0603232919179,0.0396600002475,0.0811757481268,0.0201590648084,17,5,2,20,0.000799758891314,7.19783002183e-05,0.000799758891314,0.0239692866728,0.0070958957141,0.00287836695269,0.000799758891314,7.19783002183e-05,0.000799758891314,0.261196018351,0.493158130154,0.20835930999
177,0.0603404108927,0.00401745676028,0.484667669077,0.00713070152894,0.0175714342545,0.0540544824454,0.0774975812261,0.0127947027697,0.0358591317233,0.172594209385,0.0577017100504,0.0157705098866,17,5,2,20,6.84108637136e-07,6.15697773422e-08,6.84108637136e-07,3.18722438769e-05,5.65628708066e-06,5.54177305124e-07,6.84108637136e-07,6.15697773422e-08,6.84108637136e-07,0.271218842808,0.512295405912,0.216444808998
178,0.0932135881517,0.107479983147,0.0469505070201,0.0657548176787,0.0494696022285,0.0440815690793,0.248755625442,0.121777168165,0.123646345588,0.0143043462059,0.00453766553364,0.0800287817598,17,5,2,20,0.00128885281285,0.000115996753157,0.00128885281285,0.00563131193957,0.00202462650634,0.00446913546502,0.00128885281285,0.000115996753157,0.00128885281285,0.266470569279,0.503351108648,0.212665843404
179,0.304855350736,0.0172497392642,0.0889763862356,0.0325260128891,0.0628583348605,0.00187410488928,0.0126018612425,0.144072046423,0.153183510564,0.00585349371257,0.124290411201,0.0516587479818,17,5,2,20,0.000573564899785,5.16208409806e-05,0.000573564899785,0.00418056453504,0.00254341958671,0.00108689104567,0.000573564899785,5.16208409806e-05,0.000573564899785,0.268693590779,0.506923045886,0.214174986887
180,0.0550336834379,0.111187387016,0.0366368796342,0.184600389341,0.16086476033,0.0854322453524,0.0222039216777,0.113611907639,0.00287410838552,0.0391613319622,0.119157177953,0.0692362072702,17,5,2,20,0.000437780215741,3.94002194167e-05,0.000437780215741,0.00833953985909,0.00409481945666,0.00208757121255,0.000437780215741,3.94002194167e-05,0.000437780215741,0.267019127966,0.503781385029,0.212847635175
181,0.00594990343404,0.0376911493787,0.0235508934388,0.114394620798,0.078755674859,0.24323971807,0.0167889964611,0.076698833382,0.105802747991,4.36653487638e-05,0.107793249131,0.189290547708,17,5,2,20,0.000209586346537,1.88627711884e-05,0.000209586346537,0.00323906480395,0.00247680312185,0.00122255937823,0.000209586346537,1.88627711884e-05,0.000209586346537,0.2691179058,0.508307624582,0.214759971386
182,0.154646750764,0.0408360822649,0.00469681385929,0.129593746893,0.0938870748427,0.062221048258,0.124604929168,0.251783751927,0.0257129499192,0.0960026841272,0.015126826088,0.000887341888047,17,5,2,20,0.000805946952512,7.25352257261e-05,0.000805946952512,0.00547630134044,0.0104514095525,0.00301822318475,0.000805946952512,7.25352257261e-05,0.000805946952512,0.265407124948,0.500722729499,0.211555353213
183,0.00172047887072,0.062752365338,0.0765523894446,0.142678410609,0.19606249698,0.180094273021,0.0323428828107,0.00494418218302,0.0860538494018,0.0625271380753,0.110040386199,0.0442311470676,17,5,2,20,0.000278067122271,2.50260410044e-05,0.000278067122271,0.00224899240971,0.00360727894936,0.000257504773225,0.000278067122271,2.50260410044e-05,0.000278067122271,0.269489599828,0.508424817904,0.214809485564
184,0.0482775352113,0.00715717700843,0.156292924925,0.0229889342193,0.082573563436,0.190128986079,0.118227670024,0.0862179208911,0.0355190678958,0.045689901092,0.189924990989,0.0170013282282,17,5,2,20,0.000255744635103,2.30170171593e-05,0.000255744635103,0.00158372005051,0.00103076021468,0.000223992492222,0.000255744635103,2.30170171593e-05,0.000255744635103,0.270177617236,0.510309242483,0.215605654949
185,0.0129681856945,0.0655769980642,0.00812378729987,0.0014881415843,0.15538798945,0.0487959903762,0.0443919687445,0.0164127278401,0.253416456988,0.0573730691997,0.31550621476,0.0205584699977,17,5,2,20,0.000164395126052,1.47955613447e-05,0.000164395126052,0.00738463856482,0.00162094026929,0.000386702604997,0.000164395126052,1.47955613447e-05,0.000164395126052,0.268706023749,0.507004937213,0.214209585972
186,0.0460097702159,0.0220184127001,0.109926448475,0.0933339718744,0.245067888091,0.112412770788,0.120666765508,0.0841542525211,0.0187707339347,0.0131091069449,0.0351825879689,0.0993472909788,17,5,2,20,2.52878954913e-05,2.27591059422e-06,2.52878954913e-05,5.31728365825e-05,8.31197116461e-05,0.00011212649598,2.52878954913e-05,2.27591059422e-06,2.52878954913e-05,0.271032268746,0.512206403379,0.216407205428
187,0.209657190159,0.168189746335,0.00901690806116,0.0465457915474,0.100805397609,0.0209771936807,0.0814968233359,0.000498273028049,0.1094278305,0.00806245189973,0.123353626499,0.121968767345,17,5,2,20,0.000249620585739,2.24658527165e-05,0.000249620585739,0.00404675233612,0.00140085018581,0.00175590674434,0.000249620585739,2.24658527165e-05,0.000249620585739,0.269130876887,0.507994516554,0.214627683244
188,0.00700170728309,0.0328296609624,0.0524344075931,0.0667681987062,0.189736580971,0.10181414072,0.256762152292,0.00863211552003,0.0932464595331,0.0443827094295,0.0258386034269,0.120553263563,17,5,2,20,0.000399886208528,3.59897587675e-05,0.000399886208528,0.00264156084358,0.00124087403827,0.00214981639169,0.000399886208528,3.59897587675e-05,0.000399886208528,0.269052952753,0.508431122405,0.214812149216
189,0.0388546487373,0.0177161492349,0.0871631435684,0.116836742805,0.0287437050755,0.0351973758184,0.242990111749,0.100037397139,0.0539005928122,0.0489372724044,0.0275334993745,0.202089361282,17,5,2,20,0.000272303555933,2.4507320034e-05,0.000272303555933,0.00458052894293,0.000899095873237,0.000982524564158,0.000272303555933,2.4507320034e-05,0.000272303555933,0.269134517298,0.50844647062,0.214818633837
190,0.0116792554784,0.0262241435494,0.135254587583,0.193200961076,0.018066549532,0.227376358629,0.022018526588,0.0797825537412,0.0772020781224,0.0799424800699,0.114795458058,0.0144570475729,17,5,2,20,1.23501585037e-06,1.11151426533e-07,1.23501585037e-06,2.29195767074e-05,2.27136754832e-05,1.96352997905e-06,1.23501585037e-06,1.11151426533e-07,1.23501585037e-06,0.271349381777,0.512195331511,0.216402527564
191,0.06837539431,0.0514408976398,0.230424111842,0.115981149555,0.0408752496989,0.13039644024,0.090439238153,0.104375809315,0.0195524868872,0.115690725122,0.0249116913575,0.00753680587927,17,5,2,20,0.00107488104444,9.67392939999e-05,0.00107488104444,0.0108854610483,0.00627320979628,0.000678680625413,0.00107488104444,9.67392939999e-05,0.00107488104444,0.265180110082,0.500871378335,0.211618157347
192,0.14609534586,0.0222708400447,0.130006529468,0.00224054981857,0.0293002972209,0.0243991122644,0.0464037718428,0.359124378151,0.0991123282932,0.0274192919641,0.0690812789505,0.0445462761221,17,5,2,20,4.84433763474e-06,4.35990387127e-07,4.84433763474e-06,3.11351899965e-05,0.000139972792997,1.14629980764e-05,4.84433763474e-06,4.35990387127e-07,4.84433763474e-06,0.271409729226,0.512047416845,0.216340033617
193,0.129974732595,0.0879190128593,0.0152959372774,0.129733081742,0.139510619909,0.0698125825454,0.0690485229252,0.0384676953351,0.00315462075509,0.177496787477,0.0566175451775,0.0829688614025,17,5,2,20,7.99603733699e-05,7.19643360329e-06,7.99603733699e-05,0.000256548336548,0.000932849798896,6.15139216173e-05,7.99603733699e-05,7.19643360329e-06,7.99603733699e-05,0.271034494253,0.511339444168,0.216040915161
194,0.147131226805,0.101586498752,0.0416776275361,0.0326803314149,0.0794201419565,0.176062983557,0.104113785629,0.14999143763,0.0119760965881,0.0960084977207,0.0381204816709,0.0212308907396,17,5,2,20,0.000293337345947,2.64003611352e-05,0.000293337345947,0.000383319830081,0.000961779329176,0.00185116357464,0.000293337345947,2.64003611352e-05,0.000293337345947,0.270169049691,0.509953277658,0.215455259811
195,0.0655067248887,0.0279399868997,0.105672677352,0.00984531107204,0.0770080224484,0.0156958966716,0.0242380783923,0.0880185078493,0.00384908674583,0.452483648094,0.0886845233818,0.0410575362053,17,5,2,20,1.01402004445e-06,9.12618040003e-08,1.01402004445e-06,4.57797451935e-05,1.66736360672e-05,1.04358758229e-06,1.01402004445e-06,9.12618040003e-08,1.01402004445e-06,0.271113907281,0.512350338943,0.216468018203
196,0.070694486298,0.0225676552955,0.0699843560727,0.0265332677471,0.238713674711,0.105349210452,0.0140371186084,0.151125668219,0.0677164818373,0.0659790846148,0.0183059018793,0.148993094265,17,5,2,20,0.000196956414839,1.77260773355e-05,0.000196956414839,0.00092083139578,0.000673301963726,0.000815929837007,0.000196956414839,1.77260773355e-05,0.000196956414839,0.27036047085,0.510654613806,0.215751574333
197,0.0334633548691,0.0863911267326,0.172440759484,0.000430026133991,0.113473486163,0.0143168912476,0.0498672271923,0.192647075206,0.174166777386,0.0173825633041,0.0814352883255,0.0639854239556,17,5,2,20,0.000309343656818,2.78409291136e-05,0.000309343656818,0.00050505396552,0.000671658785057,0.000523129927384,0.000309343656818,2.78409291136e-05,0.000309343656818,0.270652338927,0.510618461799,0.21573630011
198,0.0187552932413,0.0716595398614,0.0181684258971,0.228464988875,0.0727539497853,0.152692147942,0.144920806277,0.0908790770228,0.0712254487484,0.0278094299262,0.0959637349957,0.00670715742847,17,5,2,20,0.00130007190739,0.000117006471665,0.00130007190739,0.0247534986074,0.00677967128394,0.00110289149838,0.00130007190739,0.000117006471665,0.00130007190739,0.260841024526,0.492856670307,0.208231943205
199,0.154492235463,0.210100995831,0.0435698792975,0.031789381099,0.0326981571757,0.0775945229908,0.0618993562523,0.0514237363839,0.0656567031582,0.0777489384843,0.030058917738,0.162967176126,17,5,2,20,0.000303958130402,2.73562317361e-05,0.000303958130402,0.00230174181206,0.00100530599596,0.000740172949959,0.000303958130402,2.73562317361e-05,0.000303958130402,0.269923509365,0.509496467411,0.215262257481
200,0.0810350174643,0.0823915358182,0.00272997691149,0.0829671976584,0.0225787872058,0.0739279172464,0.0802501110997,0.0120902898916,0.104326492342,0.04829544975,0.235776137004,0.173631087609,17,5,2,20,0.000110442138387,9.93979245484e-06,0.000110442138387,0.00271464504021,0.000666787271475,0.000676158816478,0.000110442138387,9.93979245484e-06,0.000110442138387,0.269976429265,0.510020619662,0.215483711807
201,0.162709633069,0.198136405393,0.0686820350155,0.00523240855081,0.166320963826,0.00966621523004,0.0588987322103,0.117813006674,0.0243211555596,0.00971171936093,0.0458502498624,0.132657475247,17,5,2,20,2.78680499574e-05,2.50812449617e-06,2.78680499574e-05,4.0334468826e-05,0.000148732752943,1.83365645142e-05,2.78680499574e-05,2.50812449617e-06,2.78680499574e-05,0.271368753882,0.511991109935,0.216316243948
202,0.0113911084357,0.00715738175835,0.0686653227543,0.131635740856,0.106292602964,0.0849947148138,0.0361188262686,0.0612607001723,0.0359295963897,0.173629988912,0.237410733879,0.0455132827955,17,5,2,20,0.000156113682138,1.40502313924e-05,0.000156113682138,0.00354378011649,0.00105587625503,0.000435232144852,0.000156113682138,1.40502313924e-05,0.000156113682138,0.269687654938,0.509402391111,0.215222510244
203,0.115430638751,0.00853622161242,0.0492281531955,0.00782899069305,0.0937294407975,0.123350365322,0.173396312866,0.289692061819,0.0844015934529,0.0191565331139,0.0220468109137,0.0132028774626,17,5,2,20,0.00388381270403,0.000349543143363,0.00388381270403,0.0146974204763,0.0381307478285,0.00319483268337,0.00388381270403,0.000349543143363,0.00388381270403,0.251849479697,0.475144592065,0.200748590147
204,0.0880907093653,0.0812352781212,0.0168711379239,0.010050098226,0.151584555066,0.149630078327,0.024013524911,0.0314054346454,0.109307503973,0.225756948776,0.0487686998113,0.0632860308545,17,5,2,20,0.000151002047453,1.35901842708e-05,0.000151002047453,0.00237652992889,0.00189509549251,0.000266371250616,0.000151002047453,1.35901842708e-05,0.000151002047453,0.270056748982,0.509507251872,0.215266813916
205,0.0298577469937,0.0165713477645,0.169865439436,0.0509838150699,0.0960373470941,0.0368869652084,0.140436196808,0.0344377001061,0.233056821409,0.00470015154801,0.0355813850583,0.151585083505,17,5,2,20,4.9077892656e-07,4.41701033904e-08,4.9077892656e-07,3.76480718345e-05,8.18649537711e-06,3.05296730493e-06,4.9077892656e-07,4.41701033904e-08,4.9077892656e-07,0.271216945614,0.512289712053,0.216442403343
206,0.134204929916,0.0528465373025,0.0532197231748,0.025742236644,0.00262299331663,0.0214271722596,0.0143163555952,0.0482461289535,0.208094415767,0.0587805807963,0.247895148003,0.132603778271,17,5,2,20,2.53721869076e-06,2.28349682169e-07,2.53721869076e-06,9.56092348817e-06,3.14109655317e-05,1.14348690585e-06,2.53721869076e-06,2.28349682169e-07,2.53721869076e-06,0.271450490384,0.512124280257,0.216372508409
207,0.0860002779463,0.0329177618715,0.0709707926047,0.0652698223441,0.00466375794347,0.0153512703958,0.0381088657068,0.154722969188,0.139428559551,0.0335701266299,0.12327541801,0.235720377809,17,5,2,20,3.46910052072e-05,3.12219046865e-06,3.46910052072e-05,0.000388008131915,0.000816781809888,0.000288942823334,3.46910052072e-05,3.12219046865e-06,3.46910052072e-05,0.271019612593,0.511312229343,0.216029416897
208,0.000739836858675,0.0402217875278,0.0442024576121,0.447770388745,0.235968442914,0.0560276262082,0.0242130742716,0.0521941897869,0.0629655859132,0.0276777313984,0.00652304727531,0.00149583148847,17,5,2,20,0.0030931424806,0.000278382823254,0.0030931424806,0.0959741838114,0.0435077146112,0.00800033558974,0.0030931424806,0.000278382823254,0.0030931424806,0.227433460026,0.430337413281,0.181817557111
209,0.00233706628599,0.0881118098762,0.0182628906332,0.177892567344,0.0313253384998,0.00365771315851,0.162538376209,0.212658936297,0.0152582738162,0.273138210665,0.00192332477225,0.0128954924432,17,5,2,20,0.000198142253255,1.7832802793e-05,0.000198142253255,0.00645379104189,0.00079073162379,0.00336354142894,0.000198142253255,1.7832802793e-05,0.000198142253255,0.267651326428,0.506792530657,0.214119844202
210,0.0250883193989,0.0350395367031,0.0112713962047,0.0842674835656,0.0103518095098,0.000687347854699,0.147486511264,0.121688623495,0.0337742399571,0.258212831699,0.0706738021117,0.201458098236,17,5,2,20,5.95666228655e-05,5.36099605789e-06,5.95666228655e-05,0.000461233650033,0.000300178916069,0.000124881765006,5.95666228655e-05,5.36099605789e-06,5.95666228655e-05,0.271060736769,0.511637244581,0.216166735835
211,0.0293771488432,0.0277335385031,0.0208325094072,0.211338878748,0.0310780224491,0.0304756879187,0.0105509425025,0.0731853582823,0.345906805331,0.0173520173172,0.0128004547473,0.189368635951,17,5,2,20,0.000511580360295,4.60422324266e-05,0.000511580360295,0.0171940684394,0.00486462478512,0.00113152393558,0.000511580360295,4.60422324266e-05,0.000511580360295,0.264548050833,0.499207962109,0.210915363991
212,0.131905946543,0.0831650549362,0.0549120009454,0.136017689654,0.0084096188776,0.0896768341221,0.141232953722,0.152231611993,0.100118772737,0.0123293456758,0.0612258295032,0.0287743412914,17,5,2,20,0.000977717465813,8.79945719232e-05,0.000977717465813,0.012971403598,0.0113889845752,0.00583718413637,0.000977717465813,8.79945719232e-05,0.000977717465813,0.262123603315,0.494616495866,0.208975469503
213,0.124544885509,0.129004176847,0.0143573017295,0.0318293616992,0.105009442584,0.202307218853,0.0851491326746,0.0885178174141,0.119931642823,0.0268126415802,0.0325378610409,0.0399985172456,17,5,2,20,0.00146161922205,0.000131545729984,0.00146161922205,0.0431461553355,0.00663915386977,0.00764670764435,0.00146161922205,0.000131545729984,0.00146161922205,0.254110394895,0.479682263555,0.202665756352
214,0.0323409722198,0.130441648335,0.042045937968,0.0545377066128,0.0252923284368,0.124983200742,0.0196846153697,0.0333959432468,0.0250623409375,0.498933908877,0.00542670185399,0.00785469540061,17,5,2,20,4.31282241609e-05,3.88154017448e-06,4.31282241609e-05,0.0010132159621,0.0010837028178,0.000178822537681,4.31282241609e-05,3.88154017448e-06,4.31282241609e-05,0.270569184882,0.511054339419,0.215920458405
215,0.0755641319795,0.067117815313,0.0295397484878,0.0925330691668,0.0155679029868,0.0979739929772,0.225200928821,0.0357463524063,0.175677644466,0.0959025447799,0.0316762413052,0.0574996273101,17,5,2,20,0.000461057987821,4.14952189039e-05,0.000461057987821,0.0174197568057,0.00301640439812,0.00701896604809,0.000461057987821,4.14952189039e-05,0.000461057987821,0.263452729451,0.497128239654,0.210036681254
216,0.0802043672893,0.0066773565613,0.115021681776,0.0133136132432,0.0862191801815,0.233006754603,0.0165486129982,0.119346653295,0.0352608869994,0.020238785418,0.125806319045,0.14835578859,17,5,2,20,0.000137101243363,1.23391119027e-05,0.000137101243363,0.000559563707231,0.00069863695678,0.000295029290367,0.000137101243363,1.23391119027e-05,0.000137101243363,0.270284473338,0.511486266088,0.216102947422
217,0.0367690250156,0.141107241861,0.0114164359125,0.0913837553115,0.148516135812,0.200966398339,0.0867612222651,0.0900242382135,0.0231045488945,0.0806897429613,0.0600223332785,0.0292389221355,17,5,2,20,0.000324682148762,2.92213933886e-05,0.000324682148762,0.00609101478235,0.00584713157001,0.00119160335451,0.000324682148762,2.92213933886e-05,0.000324682148762,0.267266861657,0.504918254661,0.213327962594
218,0.0264958684541,0.0869818117857,0.0431739615569,0.0360781376782,0.0413072973414,0.00526195694263,0.177769565625,0.0315059386764,0.0945966378678,0.138389502773,0.0144715299071,0.303967791392,17,5,2,20,1.94438695152e-05,1.74994825637e-06,1.94438695152e-05,5.03017366452e-05,7.20880435554e-05,1.42696111253e-05,1.94438695152e-05,1.74994825637e-06,1.94438695152e-05,0.271405510194,0.512039757498,0.216336797543
219,0.00619536150743,0.215728100031,0.0343139257052,0.021744908055,0.0172586785713,0.175524972241,0.199385964003,0.0842570468993,0.0762001714213,0.0172482589499,0.0707435915533,0.0813990210618,17,5,2,20,0.000911543570772,8.20389213695e-05,0.000911543570772,0.033419373609,0.00223827219113,0.00395381497593,0.000911543570772,8.20389213695e-05,0.000911543570772,0.258998252951,0.490390182177,0.20718985197
220,0.0681583081008,0.116878655552,0.0548587956839,0.111601943183,0.0471055134895,0.0356877368378,0.0518698037625,0.0262798265981,0.206915867137,0.124014551699,0.147989530977,0.00863946697925,17,5,2,20,8.8455829456e-05,7.96102465104e-06,8.8455829456e-05,0.000331224548832,0.00141098556986,0.000252485296283,8.8455829456e-05,7.96102465104e-06,8.8455829456e-05,0.270822943259,0.510940327563,0.215872288395
221,0.162748366601,0.0732473774668,0.100851280458,0.0521610949371,0.0427335962621,0.161913756028,0.0688260897953,0.00664930272371,0.00791511230628,0.0941037174494,0.170846911469,0.0580033945044,17,5,2,20,0.000148748903079,1.33874012771e-05,0.000148748903079,0.00084764917318,0.000228458522726,0.000299623102892,0.000148748903079,1.33874012771e-05,0.000148748903079,0.270695632596,0.511287779396,0.216019086795
222,0.113996831958,0.0226532965241,0.0971789489089,0.30283872191,0.0829918501152,0.0203849741725,0.0891044613666,0.162980574555,0.0689484116192,0.0132900941816,0.0177309868659,0.007900847823,17,5,2,20,0.00474360649966,0.00042692458497,0.00474360649966,0.0936237009287,0.0454250531942,0.0202200338479,0.00474360649966,0.00042692458497,0.00474360649966,0.222821075487,0.420444190773,0.177637670601
223,0.348843758306,0.121260258214,0.0885993773091,0.0978044243657,0.0365588640969,0.0235333577261,0.0163870425624,0.0470852537794,0.0357428918191,0.0519159248229,0.0134437172689,0.118825129729,17,5,2,20,0.000700085773194,6.30077195875e-05,0.000700085773194,0.0118850303189,0.00279766914663,0.00363396754668,0.000700085773194,6.30077195875e-05,0.000700085773194,0.265698061631,0.501271643462,0.211787269363
224,0.00765187166072,0.0545826517414,0.0533480148379,0.146613333954,0.0718258125885,0.076199758875,0.0365766263671,0.158007462019,0.206432695904,0.0632331925759,0.11006189245,0.0154666870262,17,5,2,20,9.94241851061e-07,8.94817665955e-08,9.94241851061e-07,4.93559509262e-05,3.52797591615e-06,1.38142693675e-05,9.94241851061e-07,8.94817665955e-08,9.94241851061e-07,0.271112447617,0.512349172763,0.216467525493
225,0.248376517911,0.0303852556912,0.123745529755,0.0540081948151,0.083763947593,0.0516015808723,0.0738870699124,0.0810418898294,0.0154572171582,0.011482527389,0.0177942922795,0.208455976794,17,5,2,20,6.32990605688e-06,5.69691545119e-07,6.32990605688e-06,4.90338879863e-05,1.52616105043e-05,4.4494527352e-06,6.32990605688e-06,5.69691545119e-07,6.32990605688e-06,0.27110634357,0.512336346202,0.21646210627
226,0.0104092012151,0.181346713076,0.0850061044359,0.129471574023,0.015977606943,0.0633547815313,0.24396397994,0.0670424758913,0.125504666594,0.0338456455997,0.0333434960085,0.0107337547426,17,5,2,20,9.4443749022e-07,8.49993741198e-08,9.4443749022e-07,1.00406132011e-05,8.04751632814e-06,3.89603791818e-07,9.4443749022e-07,8.49993741198e-08,9.4443749022e-07,0.271458717984,0.512139793697,0.216379062837
227,0.0514783940042,0.0177251805517,0.0642984266551,0.0457288808547,0.0403275505968,0.00630283791567,0.195073854035,0.0985252897094,0.266245479197,0.192748034448,0.0193327076414,0.00221336439186,17,5,2,20,0.000153085123679,1.37776611311e-05,0.000153085123679,0.000762346365151,0.000549777180371,0.00217591023424,0.000153085123679,1.37776611311e-05,0.000153085123679,0.270117849143,0.510196289111,0.215557932149
228,0.0247126535738,0.214892381595,0.0973080969605,0.141030615836,0.0747350043125,0.0153369448985,0.0149610274645,0.127746271996,0.0132155365154,0.0419918311859,0.00666177378104,0.227407861881,17,5,2,20,1.98249463109e-06,1.78424516798e-07,1.98249463109e-06,4.07939446079e-05,3.23793509621e-06,6.24958416655e-06,1.98249463109e-06,1.78424516798e-07,1.98249463109e-06,0.271214862276,0.51228581331,0.216440756123
229,0.0423219707965,0.0371603542516,0.190713076545,0.030189967868,0.10626888974,0.064563017184,0.246090782291,0.0342973366742,0.0998198818299,0.000964708178532,0.0554973077607,0.0921127068808,17,5,2,20,0.000404114434391,3.63702990952e-05,0.000404114434391,0.0207710215665,0.0106347028571,0.00369042585932,0.000404114434391,3.63702990952e-05,0.000404114434391,0.261351192567,0.493401377022,0.208462081792
230,0.127872892171,0.269384535655,0.0620125017709,0.0305049552223,0.0260033018472,0.0946458971916,0.036398659144,0.0464628845229,0.0790365950938,0.0422929074237,0.0174769105602,0.167907959398,17,5,2,20,0.000517562122381,4.65805910143e-05,0.000517562122381,0.0269834614958,0.00229421881397,0.00342105826726,0.000517562122381,4.65805910143e-05,0.000517562122381,0.261836990379,0.494411853337,0.208889008035
231,0.0965251880028,0.00430667017468,0.0709663149602,0.0463766401846,0.165386954514,0.0480823227893,0.114758519959,0.0383938007152,0.0513156084941,0.0960591227377,0.00949780653297,0.258331050935,17,5,2,20,4.49292167266e-06,4.0436295054e-07,4.49292167266e-06,4.81297547017e-05,2.74639392383e-05,3.65556777572e-06,4.49292167266e-06,4.0436295054e-07,4.49292167266e-06,0.2710720728,0.512358451687,0.216471445838
232,0.0110084782072,0.18956184972,0.0448912456791,0.0405738599566,0.128343166382,0.0114031758443,0.0749733972835,0.0222592814729,0.17850122313,0.0493915389979,0.202400959756,0.0466918235704,17,5,2,20,0.000185413696228,1.66872326606e-05,0.000185413696228,0.00115745094182,0.0010227715069,0.000254221497972,0.000185413696228,1.66872326606e-05,0.000185413696228,0.27059203195,0.510508607981,0.215689886872
233,0.0871417731724,0.061368246751,0.111608078092,0.00148018384415,0.0104117126451,0.0386082088564,0.113738804111,0.0679501899368,0.0838206063539,0.225399699025,0.107136795406,0.0913357018068,17,5,2,20,0.000142334026982,1.28100624283e-05,0.000142334026982,0.00764824341914,0.000760060897994,0.000573033775225,0.000142334026982,1.28100624283e-05,0.000142334026982,0.268529575987,0.507482692224,0.214411437465
234,0.0326746839869,0.0335077968811,0.0760153758984,0.0256950595296,0.0331255048617,0.0104252334875,0.106583508947,0.211172266333,0.0486117276963,0.29295252446,0.0644404099631,0.0647959079546,17,5,2,20,1.86614321093e-06,1.67952888984e-07,1.86614321093e-06,7.9175243389e-06,1.27581099604e-05,1.1861971814e-06,1.86614321093e-06,1.67952888984e-07,1.86614321093e-06,0.271456753444,0.512136087343,0.216377496903
235,0.0184357992458,0.0420371643379,0.110137142495,0.000469045725322,0.105201546837,0.526932946926,0.101591741702,0.0103690287154,0.0415980114402,0.00197074346957,0.0366728011244,0.00458402798187,17,5,2,20,0.0045640080388,0.000410760723492,0.0045640080388,0.046588478619,0.0516551475307,0.00903410060096,0.0045640080388,0.000410760723492,0.0045640080388,0.237163767228,0.447438279381,0.189042673038
236,0.0863042493417,0.0150186036086,0.0355074060247,0.00956850806621,0.0653282135656,0.0408664120108,0.220515453433,0.219478288903,0.0889824317404,0.0968720737251,0.0587535996973,0.0628047598837,17,5,2,20,0.000494800280351,4.45320252315e-05,0.000494800280351,0.0122445092941,0.0023748331485,0.00115722331594,0.000494800280351,4.45320252315e-05,0.000494800280351,0.266590303614,0.503033297333,0.212531568123
237,0.0326954747412,0.0550735442783,0.0798430376783,0.0388377565287,0.213907888116,0.120029280614,0.0145770845525,0.0424558043131,0.243600456195,0.0280108500525,0.00626696075628,0.124701862173,17,5,2,20,0.000315923469552,2.84331122597e-05,0.000315923469552,0.0153696620907,0.00872386784483,0.00294679494151,0.000315923469552,2.84331122597e-05,0.000315923469552,0.263727986477,0.497652814442,0.210258314102
238,0.0057742828301,0.225551977418,0.0101567689083,0.0720654173829,0.00621762231114,0.236687184602,0.167182865619,0.188820905284,0.00432153135603,0.0433602124301,0.00907272331418,0.0307885085442,17,5,2,20,2.68710071761e-06,2.41839064585e-07,2.68710071761e-06,4.73294634431e-05,5.04913101302e-06,3.19668703489e-06,2.68710071761e-06,2.41839064585e-07,2.68710071761e-06,0.271123208181,0.512344453045,0.216465531412
239,0.176668298872,0.214425553284,0.0388958290699,0.0362473887937,0.0184764653091,0.102208495383,0.10571954706,0.160372481147,0.0462797384054,0.0541587106922,0.0281577431676,0.0183897488172,17,5,2,20,0.00132747359231,0.000119472623308,0.00132747359231,0.0394310225947,0.0212517045454,0.00139542447901,0.00132747359231,0.000119472623308,0.00132747359231,0.252453641799,0.477974950416,0.201944416551
240,0.0149645788512,0.222687697028,0.0115184019109,0.0991848333555,0.0215480707803,0.0482515459224,0.0689489861448,0.140517061496,0.100768374295,0.214222646864,0.0372139432588,0.0201738600935,17,5,2,20,8.64143346551e-06,7.77729011896e-07,8.64143346551e-06,4.26843224933e-05,0.000138908582689,1.51885080145e-05,8.64143346551e-06,7.77729011896e-07,8.64143346551e-06,0.271298631848,0.512104369453,0.216364096094
241,0.0518699213511,0.0692532547375,0.120971979985,0.0198340442496,0.117036983977,0.231606918975,0.120997982062,0.0590232024776,0.0349020314001,0.129178728448,0.0105716179548,0.0347533343823,17,5,2,20,3.66850348872e-07,3.30165313985e-08,3.66850348872e-07,7.51294710553e-06,1.1207294497e-06,4.57147241655e-07,3.66850348872e-07,3.30165313985e-08,3.66850348872e-07,0.271460180615,0.5121470616,0.216382133526
242,0.0419493099633,0.0578474486949,0.0688901098914,0.0815817064729,0.0872384806844,0.00588837650401,0.00815457489147,0.3139978459,0.0927364982616,0.0635028285383,0.0492384766313,0.128974343566,17,5,2,20,0.0001875205255,1.6876847295e-05,0.0001875205255,0.00109728276736,0.00153117590803,0.000794524262694,0.0001875205255,1.6876847295e-05,0.0001875205255,0.270322801779,0.509996751836,0.215473627651
243,0.322557651057,0.00465682702744,0.0332883323095,0.152972220317,0.0480337300701,0.0909864384365,0.0357840683219,0.0343859179303,0.0796780805507,0.0876489897372,0.0798482023907,0.0301595418517,17,5,2,20,7.59560309689e-06,6.8360427872e-07,7.59560309689e-06,1.20161135057e-05,0.000130413723445,4.82008920448e-06,7.59560309689e-06,6.8360427872e-07,7.59560309689e-06,0.271413087696,0.512061801587,0.21634611117
244,0.0210657435449,0.145891726762,0.131394518859,0.164034581112,0.012147353426,0.126465154077,0.153599025318,0.0529318938339,0.0931189604115,0.0645950980115,0.0338053664183,0.000950578227303,17,5,2,20,0.00105717007086,9.51453063776e-05,0.00105717007086,0.0426946970471,0.0119396021659,0.00977268078254,0.00105717007086,9.51453063776e-05,0.00105717007086,0.252651163668,0.476993241083,0.201529644357
245,0.059224594355,0.0177859725026,0.0105931237869,0.0161775612658,0.0194104775644,0.0620819785508,0.248742842815,0.0994505791831,0.122693979201,0.128294746158,0.135552167195,0.0799919774219,17,5,2,20,0.000202031854089,1.8182866868e-05,0.000202031854089,0.0066997792083,0.00259783165023,0.000681799792252,0.000202031854089,1.8182866868e-05,0.000202031854089,0.26843024362,0.506675467543,0.214070385037
246,0.000701019157637,0.293406459306,0.131522476799,0.057324408818,0.0458566218649,0.0340781245024,0.0369560918974,0.0953878423293,0.00860329661693,0.0412226690968,0.249527555568,0.00541343404348,17,5,2,20,9.40938277744e-05,8.46844449969e-06,9.40938277744e-05,0.000242761765404,0.000352096329894,0.000298873961134,9.40938277744e-05,8.46844449969e-06,9.40938277744e-05,0.270633033825,0.511831228062,0.216248693856
247,0.0270037292489,0.0174450815096,0.248170333295,0.328333168313,0.0024087985031,0.0270257197799,0.0723857939628,0.0912039091307,0.036789730072,0.0525168043464,0.0830528808632,0.0136640509761,17,5,2,20,3.15707182641e-06,2.84136464377e-07,3.15707182641e-06,3.96997744074e-05,0.000192397871089,1.57086428723e-06,3.15707182641e-06,2.84136464377e-07,3.15707182641e-06,0.271162521875,0.512190237648,0.216400375406
248,0.012812605714,0.21032962631,0.225879147161,0.0259703306522,0.0425927289124,0.0776915675971,0.00435305948063,0.108396865326,0.0378733810503,0.144845924122,0.0198171661383,0.0894375975364,17,5,2,20,2.71869383399e-06,2.44682445059e-07,2.71869383399e-06,2.22953558973e-05,2.3669090487e-05,6.54610916313e-06,2.71869383399e-06,2.44682445059e-07,2.71869383399e-06,0.271442654494,0.512121947846,0.216371522965
249,0.109537899344,0.0381319194331,0.123611501185,0.0111734511269,0.124610483023,0.0667886446985,0.055132438812,0.0494932101074,0.0642084316324,0.133636387886,0.135066730255,0.0886089024966,17,5,2,20,5.44160626001e-06,4.89744563401e-07,5.44160626001e-06,2.53509201148e-05,3.5875523287e-05,9.54647574639e-06,5.44160626001e-06,4.89744563401e-07,5.44160626001e-06,0.27133821554,0.512174527681,0.216393737945
250,0.103113866447,0.0249674728222,0.0553154369362,0.0241573877312,0.0291532238766,0.0374604180801,0.183937008518,0.247110441008,0.0460236832829,0.0779417999359,0.100710927579,0.0701083337825,17,5,2,20,0.000456366917159,4.10730225443e-05,0.000456366917159,0.0216961429629,0.0031345516315,0.00392726597342,0.000456366917159,4.10730225443e-05,0.000456366917159,0.263042339482,0.496514647618,0.209777438618
251,0.0124459737782,0.0374157110919,0.069315419222,0.048913366298,0.109938017003,0.231046018144,0.00463103497467,0.0507014839358,0.0272885416442,0.122331005926,0.0404026372056,0.245570790777,17,5,2,20,3.05950471543e-06,2.75355424389e-07,3.05950471543e-06,1.13748844335e-05,3.74352242465e-05,3.70807599591e-06,3.05950471543e-06,2.75355424389e-07,3.05950471543e-06,0.271447072436,0.512117835255,0.216369785395
252,0.06889815466,0.0134212132707,0.0020573258799,0.0264390812948,0.068268700258,0.0833987961174,0.170307924961,0.147798250918,0.0168443103846,0.182228070927,0.12879473523,0.0915434360985,17,5,2,20,0.000164111793388,1.4770061405e-05,0.000164111793388,0.00385939371158,0.0016301451432,0.000365353716496,0.000164111793388,1.4770061405e-05,0.000164111793388,0.269686033362,0.508803575937,0.214969510833
253,0.067356010719,0.00512155295094,0.016253352544,0.136661894391,0.0693687847509,0.053698092703,0.0596395677517,0.0433579221304,0.0545459966495,0.227190112194,0.186190639421,0.0806160737953,17,5,2,20,3.57821648331e-05,3.22039483498e-06,3.57821648331e-05,0.000152077072527,0.000132753130414,7.67468214144e-05,3.57821648331e-05,3.22039483498e-06,3.57821648331e-05,0.271098865257,0.512049200893,0.216340787377
254,0.152068095861,0.16434650173,0.134861177776,0.0214705293564,0.0345539791936,0.00352340924245,0.0552321077351,0.0408604207994,0.0794054161961,0.0722583219911,0.203996155443,0.037423884675,17,5,2,20,5.27853600097e-06,4.75068240088e-07,5.27853600097e-06,8.78895046486e-06,1.10421046875e-05,2.26813261176e-06,5.27853600097e-06,4.75068240088e-07,5.27853600097e-06,0.271452816888,0.512128660558,0.216374359086
255,0.0197316240841,0.0638714200132,0.102974921589,0.187823315933,0.0760245277026,0.0245028045138,0.0730070861712,0.0372715859025,0.214841435699,0.172581006702,0.0261323734844,0.00123789820502,17,5,2,20,2.37797317354e-06,2.14017585618e-07,2.37797317354e-06,5.76493493712e-05,3.312740191e-05,2.85213467098e-06,2.37797317354e-06,2.14017585618e-07,2.37797317354e-06,0.27120305181,0.512262481108,0.216430898268
256,0.139211619831,0.114592648252,0.0208811171403,0.00551126335505,0.109571631286,0.191410061838,0.0997915029726,0.00862429667511,0.121418000365,0.162106947409,0.00386138605772,0.0230195248171,17,5,2,20,0.000322042195169,2.89837975652e-05,0.000322042195169,0.00126716287118,0.00179395537653,0.000346444758623,0.000322042195169,2.89837975652e-05,0.000322042195169,0.270173668048,0.509717140646,0.215355491923
257,0.0443998276891,0.13998866577,0.0485910230867,0.0353848837865,0.0341889437059,0.146592476203,0.0849395063095,0.0232144458495,0.0115181706962,0.129688263212,0.111339371671,0.19015442202,17,5,2,20,0.000102041731274,9.1837558147e-06,0.000102041731274,0.000778477454201,0.000197368253293,0.000483472404196,0.000102041731274,9.1837558147e-06,0.000102041731274,0.270952862532,0.511185437553,0.215975847366
258,0.0724414734518,0.0403705325783,0.0580454183492,0.25800192337,0.124520844716,0.0598172896861,0.0909904203643,0.0936905912919,0.0574802002229,0.026808245168,0.00713278603707,0.110700274765,17,5,2,20,0.000895178069697,8.05660262727e-05,0.000895178069697,0.00517162783369,0.00324898382456,0.000918244908903,0.000895178069697,8.05660262727e-05,0.000895178069697,0.267819078225,0.505518608701,0.213581612176
259,0.130439662615,0.13873787758,0.0206962322256,0.248334712246,0.100706398756,0.0447824072451,0.0823453981922,0.0505084148094,0.0399705798779,0.0921943740545,0.0231947029742,0.0280892394248,17,5,2,20,3.51522832859e-06,3.16370549573e-07,3.51522832859e-06,1.10861348172e-05,5.02394498276e-06,8.08408904148e-06,3.51522832859e-06,3.16370549573e-07,3.51522832859e-06,0.271451940687,0.51213298523,0.21637618626
260,0.263464863517,0.0106183166671,0.125966810161,0.0178547834168,0.0758477869521,0.18968768268,0.0156248251634,0.120656422814,0.0254850482324,0.0726623595702,0.0702658134248,0.0118652874015,17,5,2,20,0.000583599457621,5.25239511859e-05,0.000583599457621,0.00429703102417,0.00481837944601,0.00234390624219,0.000583599457621,5.25239511859e-05,0.000583599457621,0.267691780869,0.505033009972,0.213376446713
261,0.087543486597,0.0583590305425,0.0162264223453,0.0326500572481,0.136597844381,0.158081621379,0.208987248749,0.0857732468433,0.112104558257,0.0141739985604,0.0210325094659,0.068469975631,17,5,2,20,0.00132965754504,0.000119669179053,0.00132965754504,0.0404243703809,0.0182306261977,0.00749231493104,0.00132965754504,0.000119669179053,0.00132965754504,0.251910161972,0.475490023185,0.200894534796
262,0.0963299742179,0.28493654887,0.0256782201076,0.0167778579843,0.15536981297,0.046677785761,0.0282280606361,0.0305865496899,0.042877685635,0.201072102423,0.0133564569664,0.0581089447387,17,5,2,20,0.000349312521301,3.14381269171e-05,0.000349312521301,0.0183883140927,0.00151212397698,0.00081956641156,0.000349312521301,3.14381269171e-05,0.000349312521301,0.265159490169,0.500991479093,0.211668899917
263,0.0641766340343,0.0936915237669,0.11176759675,0.0610785810261,0.0405810356299,0.16227835166,0.0503736406046,0.0230486145156,0.13890329215,0.000725157649967,0.0818267997195,0.171548772493,17,5,2,20,0.000303529510757,2.73176559682e-05,0.000303529510757,0.0122143626071,0.0045630437686,0.000450817313802,0.000303529510757,2.73176559682e-05,0.000303529510757,0.266415758976,0.50269754937,0.212389714609
264,0.0394951751281,0.0665553756281,0.0586551483815,0.202334666919,0.0216423920572,0.0220149066798,0.0761755312865,0.0342796776712,0.00382597686193,0.0238809081793,0.346545784432,0.104594456776,17,5,2,20,3.81389013013e-07,3.43250111712e-08,3.81389013013e-07,1.68289150846e-05,1.42885705337e-06,2.25737526105e-06,3.81389013013e-07,3.43250111712e-08,3.81389013013e-07,0.271361765117,0.512208172604,0.216407952925
265,0.00243100517212,0.0752001647464,0.00554185141232,0.078860203163,0.312516260551,0.0555013293008,0.0442819014098,0.0549276300712,0.0126281561078,0.04630471631,0.0325161611647,0.27929062059,17,5,2,20,3.88443453013e-05,3.49599107712e-06,3.88443453013e-05,0.000114140507495,0.000910984430181,0.000144219363185,3.88443453013e-05,3.49599107712e-06,3.88443453013e-05,0.271103292326,0.511469240077,0.216095753933
266,0.0584491114398,0.0224052987981,0.0499134495378,0.15087929851,0.11390519899,0.0840287824121,0.111013570006,0.333448977752,0.00749177270952,0.0070684287308,0.0201670846391,0.0412290264749,17,5,2,20,0.00253321075296,0.000227988967767,0.00253321075296,0.0628459955811,0.0293871481482,0.00862231250241,0.00253321075296,0.000227988967767,0.00253321075296,0.240984626187,0.455234514329,0.192336582304
267,0.125507227751,0.0616020415825,0.113824746239,0.0197451051377,0.0413816247818,0.209846664443,0.127203756047,0.148861905498,0.0453485651235,0.0602964978482,0.00106038842837,0.0453214771199,17,5,2,20,0.00142764503977,0.000128488053579,0.00142764503977,0.0261034680422,0.00817317918025,0.00925278250736,0.00142764503977,0.000128488053579,0.00142764503977,0.258028084008,0.486801356763,0.205673573232
268,0.0060251435359,0.11191093434,0.0126125078521,0.00089449270453,0.13295108,0.203698356134,0.0137802302344,0.190577477189,0.0629167790967,0.030264297985,0.135606886271,0.0987618146573,17,5,2,20,7.42235636672e-06,6.68012073005e-07,7.42235636672e-06,1.40392205679e-05,3.7623030733e-05,1.19206828179e-05,7.42235636672e-06,6.68012073005e-07,7.42235636672e-06,0.271435155916,0.512105613849,0.216364621851
269,0.0655794352263,0.0161396956872,0.0808978165457,0.122565990571,0.110801497376,0.119370397384,0.0167036064108,0.156216624351,0.0385291320348,0.0354092842601,0.126789637565,0.110996882588,17,5,2,20,0.000114573317678,1.0311598591e-05,0.000114573317678,0.000480881345642,0.00101664382641,0.000428483962849,0.000114573317678,1.0311598591e-05,0.000114573317678,0.270489498868,0.511146274537,0.215959300992
270,0.00831089982815,0.043371286402,0.126993274313,0.307308743283,0.0205160833802,0.0575960398043,0.118858526819,0.0118385099545,0.181846462515,0.0281024269223,0.0662882116179,0.028969535162,17,5,2,20,2.22952079522e-06,2.0065687157e-07,2.22952079522e-06,1.11393100882e-05,9.46291991152e-06,9.84470012529e-06,2.22952079522e-06,2.0065687157e-07,2.22952079522e-06,0.271451253097,0.51213285102,0.216376129556
271,0.104804040167,0.0630651638929,0.147777721774,0.0171116635359,0.0532885398865,0.000188845645846,0.0609926718593,0.147562794519,0.0157861958448,0.0351690456625,0.121021324894,0.233231992318,17,5,2,20,3.96674984666e-05,3.57007486199e-06,3.96674984666e-05,0.000467658058693,0.00154705704613,4.0395024987e-05,3.96674984666e-05,3.57007486199e-06,3.96674984666e-05,0.270633995911,0.511174048377,0.215971035439
272,0.00947352944607,0.0552921318581,0.268727950708,0.0571459487169,0.0864775555773,0.0656626939536,0.102181512415,0.137870023758,0.00659558273023,0.0090826545836,0.0676184952301,0.133871921023,17,5,2,20,0.000263787780639,2.37409002575e-05,0.000263787780639,0.000907005043348,0.00077523335205,0.000191246102788,0.000263787780639,2.37409002575e-05,0.000263787780639,0.270562052808,0.510693729189,0.215768100582
273,0.0798193909278,0.0788655829373,0.0215200326952,0.00863813141774,0.171071831318,0.02785948701,0.255610626532,0.169532153136,0.0479343462786,0.0230245686972,0.0972195821944,0.0189042668554,17,5,2,20,0.00118963225661,0.000107066903095,0.00118963225661,0.0334791214654,0.00685739600954,0.00175191624144,0.00118963225661,0.000107066903095,0.00118963225661,0.258592380902,0.488117063303,0.206229459246
274,0.0490151889835,0.0640175586529,0.0848589288302,0.01389616594,0.0831928087507,0.058440733341,0.203445874453,0.00663352561478,0.0165861694179,0.100458951661,0.045659400613,0.273794693742,17,5,2,20,0.000117890410522,1.0610136947e-05,0.000117890410522,0.00210212589536,0.000578083637696,0.000868717126686,0.000117890410522,1.0610136947e-05,0.000117890410522,0.270271963269,0.510148561093,0.215537767062
275,0.0692320430164,0.00372789123722,0.0348624438071,0.126215692654,0.0262124429159,0.114536562194,0.0971044738084,0.313140702728,0.0269317083135,0.010786916135,0.0312866284105,0.145962494781,17,5,2,20,0.000324743327052,2.92268994347e-05,0.000324743327052,0.00777981299985,0.00861481499026,0.000708104613314,0.000324743327052,2.92268994347e-05,0.000324743327052,0.266224493957,0.502857888459,0.212457457874
276,0.146365003269,0.0114830408248,0.0362270905878,0.0803074495709,0.00548959943972,0.100923208302,0.0889691927843,0.0399757293912,0.226029041722,0.135073787783,0.0410498983099,0.0881069580144,17,5,2,20,0.000296280277732,2.66652249959e-05,0.000296280277732,0.00949390271206,0.00130085668909,0.00323998354107,0.000296280277732,2.66652249959e-05,0.000296280277732,0.267298111435,0.504343545913,0.213085148148
277,0.00985164774791,0.0248935876868,0.286510970728,0.0262899438384,0.00228869566251,0.109887360958,0.00535812381143,0.0724136110945,0.0871461269657,0.146543126885,0.156281220309,0.0725355843131,17,5,2,20,3.67445800447e-05,3.30701220402e-06,3.67445800447e-05,0.00012286387731,0.000315719068551,1.81292670727e-05,3.67445800447e-05,3.30701220402e-06,3.67445800447e-05,0.271299129425,0.511838710733,0.216251855285
278,0.0549759996939,0.104243516937,0.150636903814,0.0173491810201,0.109479331575,0.141350101782,0.0408083135044,0.0773498568279,0.0026418506786,0.0205140292023,0.207310967134,0.0733399478307,17,5,2,20,0.000328309127401,2.95478214661e-05,0.000328309127401,0.00680386805901,0.00155510043435,0.00113707398153,0.000328309127401,2.95478214661e-05,0.000328309127401,0.268271952717,0.506755481656,0.214104191
279,0.131811741617,0.0523479739095,0.0400835617305,0.0853374240567,0.0147216924003,0.097128189601,0.15687266643,0.015202658591,0.0557675354814,0.0695185400663,0.240389957594,0.040818058522,17,5,2,20,1.3146660695e-06,1.18319946255e-07,1.3146660695e-06,1.59054897397e-05,5.11479578092e-06,1.31989559243e-05,1.3146660695e-06,1.18319946255e-07,1.3146660695e-06,0.271450276469,0.512133573979,0.216376435006
280,0.120556982288,0.00535601715072,0.0437206612594,0.218017552644,0.0552497793525,0.0700635095646,0.110280059224,0.152147456756,0.115473150157,0.0606504811045,0.0324720825926,0.0160122679073,17,5,2,20,0.00135333970138,0.000121800573124,0.00135333970138,0.0369300707287,0.00798706462157,0.00607495537152,0.00135333970138,0.000121800573124,0.00135333970138,0.255531216992,0.483528810077,0.204290922257
281,0.073755396474,0.0624437963326,0.115753780824,0.00917974662602,0.00933809076629,0.0355752731253,0.376465146652,0.11075341657,0.0230470282198,0.00558448772657,0.00824897272357,0.16985486396,17,5,2,20,4.62263199212e-06,4.16036879291e-07,4.62263199212e-06,0.000118258604464,0.00011841833524,1.01677199932e-05,4.62263199212e-06,4.16036879291e-07,4.62263199212e-06,0.270506979463,0.512637506696,0.216589346579
282,0.0975303457053,0.177953456676,0.0169772204687,0.0555134468917,0.268692329888,0.0617464291944,0.0661515989335,0.0505184161609,0.0347496510097,0.04647951397,0.0220125976014,0.101674993501,17,5,2,20,0.000144564949866,1.30108454879e-05,0.000144564949866,0.000141310513058,0.0041589883608,7.2519099349e-05,0.000144564949866,1.30108454879e-05,0.000144564949866,0.270018196828,0.509669387493,0.215335316216
283,0.00290124733104,0.173684621217,0.0771032953364,0.118265496383,0.00644196427293,0.106156597353,0.0804177145397,0.0832003104635,0.0647006856076,0.0206581567571,0.0928723845775,0.173597526161,17,5,2,20,3.90129303701e-05,3.51116373331e-06,3.90129303701e-05,0.000311217214809,0.00199208670761,2.06522563303e-05,3.90129303701e-05,3.51116373331e-06,3.90129303701e-05,0.270562566664,0.511037190234,0.215913212874
284,0.0106734190418,0.162376115189,0.0622828849385,0.00427219353881,0.130904133493,0.0382162693832,0.344086770656,0.105109902592,0.0495231096383,0.0364304593729,0.0213849176728,0.034739824484,17,5,2,20,3.38696922654e-07,3.04827230389e-08,3.38696922654e-07,1.85601579901e-05,2.9934472262e-06,3.71533730928e-07,3.38696922654e-07,3.04827230389e-08,3.38696922654e-07,0.271358443886,0.512209641632,0.21640857359
285,0.114948173353,0.260844597222,0.149405842539,0.0056580488568,0.0173162668866,0.0825000757581,0.0593250770903,0.00235436978531,0.0151768403851,0.0544679892667,0.203453296847,0.03454942201,17,5,2,20,0.000300959176288,2.70863258659e-05,0.000300959176288,0.00445791219858,0.00081469677536,0.00168185864293,0.000300959176288,2.70863258659e-05,0.000300959176288,0.269235403105,0.507945251263,0.214606868658
286,0.0396588761851,0.33574006194,0.150125042363,0.0605397438388,0.0174593983038,0.0109804443376,0.052351413854,0.0861872478992,0.14349381646,0.00250715106149,0.0254945097043,0.0754622940526,17,5,2,20,0.00126699016932,0.000114029115239,0.00126699016932,0.00335393089375,0.00183025976823,0.00171231949068,0.00126699016932,0.000114029115239,0.00126699016932,0.268154961098,0.505906861049,0.213745648793
287,0.281325363414,0.0910878844493,0.204457300905,0.178626993554,0.0346026162022,0.0387614804584,0.0219488527157,0.0744621055488,0.0340090907839,0.0169898328777,0.00356955474911,0.0201589243424,17,5,2,20,0.00306884273055,0.00027619584575,0.00306884273055,0.147026161444,0.0104610958937,0.0201136252666,0.00306884273055,0.00027619584575,0.00306884273055,0.218855304085,0.415266116483,0.175449934214
288,0.128706598834,0.189270671784,0.00658222452583,0.0799978182068,0.0529637462766,0.124080768574,0.0336184787157,0.0475393437555,0.136319202179,0.0183734461714,0.0797789131834,0.102768787793,17,5,2,20,0.000716239243811,6.4461531943e-05,0.000716239243811,0.0113163075486,0.00320425617494,0.00195636812843,0.000716239243811,6.4461531943e-05,0.000716239243811,0.266084993664,0.502245479399,0.212198715046
289,0.0232412027791,0.26373337291,0.0503007395676,0.0508220070051,0.0366335835415,0.080001769579,0.0251913013371,0.141462863446,0.00431406962948,0.0327756026891,0.266213681111,0.0253098064055,17,5,2,20,0.000223921306592,2.01529175933e-05,0.000223921306592,0.00408584983263,0.0013375364048,0.000606824093016,0.000223921306592,2.01529175933e-05,0.000223921306592,0.269245266015,0.508814434161,0.214974098433
290,0.196724166704,0.0772557726902,0.0160128551244,0.0352206617961,0.0841591492602,0.00431832524417,0.0393184816305,0.227696024581,0.0326379567898,0.135906041967,0.0531947336108,0.0975558306012,17,5,2,20,0.00026636321397,2.39726892573e-05,0.00026636321397,0.0089382409613,0.00159991220748,0.00031311126344,0.00026636321397,2.39726892573e-05,0.00026636321397,0.268091855645,0.506111410677,0.213832071011
291,0.0283814523837,0.101502186911,0.136362446168,0.0570447988874,0.197731245878,0.0424487690908,0.0541118949547,0.13912829991,0.0440052135083,0.138186459605,0.00463953549294,0.0564576972101,17,5,2,20,0.000278336389719,2.50502750747e-05,0.000278336389719,0.0030078775691,0.00339424013089,0.000900676757243,0.000278336389719,2.50502750747e-05,0.000278336389719,0.268566718696,0.508236935492,0.214730105246
292,0.15632786028,0.0511424746257,0.0341853070753,0.0363842732655,0.0990258974591,0.0351669556153,0.130063794018,0.215933311549,0.188309948572,0.0336181117923,0.0131194014745,0.00672266427342,17,5,2,20,0.00286052880397,0.000257447592357,0.00286052880397,0.114035506122,0.0287692354943,0.00814201154593,0.00286052880397,0.000257447592357,0.00286052880397,0.226871259415,0.428980651685,0.181244325337
293,0.0521173051018,0.00228088176611,0.06591689911,0.0999586696891,0.276784578727,0.0665620023796,0.0622131386878,0.00676334218643,0.0413049924786,0.270695165986,0.0308874559797,0.0245155679085,17,5,2,20,0.00018384165518,1.65457489662e-05,0.00018384165518,0.00191716691288,0.00149335508016,0.000297010539084,0.00018384165518,1.65457489662e-05,0.00018384165518,0.270018981295,0.510021109352,0.215483918701
294,0.0281546910459,0.0280955067534,0.0517974308752,0.181457220493,0.106052236705,0.0903344052693,0.00349859706835,0.241599009288,0.104311052389,0.131391070297,0.0189758399922,0.0143329398224,17,5,2,20,0.000339320299155,3.0538826924e-05,0.000339320299155,0.00243075147661,0.00423792267712,0.00232550436221,0.000339320299155,3.0538826924e-05,0.000339320299155,0.268543145673,0.506885284331,0.21415903263
295,0.0852049993247,0.113506655973,0.0403279515518,0.214225697994,0.000324828104223,0.000286984990526,0.199125705291,0.0125007197029,0.0988998145291,0.06519578987,0.00602478971275,0.164376062956,17,5,2,20,2.93551650588e-06,2.64196485529e-07,2.93551650588e-06,3.28416376077e-05,5.05550516953e-06,5.96492315695e-06,2.93551650588e-06,2.64196485529e-07,2.93551650588e-06,0.271215500139,0.512287077213,0.216441290123
296,0.199547351769,0.0114255365232,0.25219026458,0.0508785602877,0.180820344411,0.0205861521652,0.0899178628588,0.0494080479117,0.0246978614273,0.0980184390563,0.00962022082866,0.0128893581813,17,5,2,20,0.000752277486496,6.77049737846e-05,0.000752277486496,0.00656862509502,0.00956580793283,0.00285867550621,0.000752277486496,6.77049737846e-05,0.000752277486496,0.265455213356,0.50081346799,0.211593690226
297,0.0646235579256,0.0249213102386,0.0466029427599,0.156209253888,0.0475298481802,0.0967940304965,0.0100901806648,0.0769540115666,0.139182361592,0.117726599066,0.103204923075,0.116160980546,17,5,2,20,8.88752599076e-05,7.99877339169e-06,8.88752599076e-05,0.000423515574788,0.000403882886431,0.00051040327079,8.88752599076e-05,7.99877339169e-06,8.88752599076e-05,0.270905006746,0.511343193628,0.216042499308
298,0.0686196108811,0.0151280854226,0.175439612187,0.000984874526191,0.114591746179,0.0884817317757,0.161046115126,0.0581309136526,0.0167312609817,0.0743219688732,0.114656648159,0.111867432235,17,5,2,20,3.38040163827e-05,3.04236147444e-06,3.38040163827e-05,7.33283041501e-05,0.00137119444916,3.84008357387e-05,3.38040163827e-05,3.04236147444e-06,3.38040163827e-05,0.271023885962,0.511319430341,0.216032459319
299,0.102229846411,0.290498138636,0.0545710190608,0.127798603801,0.00698986203517,0.0019797118152,0.0390868618324,0.0413288742158,0.156477830906,0.0709853029538,0.0921311804198,0.015922767913,17,5,2,20,0.000651939927265,5.86745934538e-05,0.000651939927265,0.0117492344569,0.00826020390633,0.00110044705984,0.000651939927265,5.86745934538e-05,0.000651939927265,0.264985838502,0.499950205398,0.211228961781
300,0.0282748351193,0.00614769927864,0.0794331807812,0.00921897529226,0.249843290711,0.0513638631427,0.0555475566545,0.16562159508,0.0758645370637,0.172932182988,0.0893806775102,0.0163716063787,17,5,2,20,0.000389757905473,3.50782114926e-05,0.000389757905473,0.0189066697833,0.0021089694052,0.00154406925881,0.000389757905473,3.50782114926e-05,0.000389757905473,0.264743099521,0.499872059042,0.211195944945
301,0.27373193608,0.0185739986719,0.132211335635,0.114304136128,0.0815099078061,0.0167836781483,0.0259765258905,0.123804486533,0.0340219150374,0.0304671840111,0.0418108390558,0.106804057002,17,5,2,20,0.00037439153249,3.36952379241e-05,0.00037439153249,0.00248040502423,0.00306356825779,0.00148358612017,0.00037439153249,3.36952379241e-05,0.00037439153249,0.269132238037,0.50775061227,0.214524633684
302,0.00962811695655,0.202221844924,0.0335005275576,0.010930581444,0.152993438933,0.317970977408,0.0696236763695,0.0118602539264,0.0219799127892,0.130069061059,0.0137851587424,0.0254364498903,17,5,2,20,0.000276069510498,2.48462559448e-05,0.000276069510498,0.00127247609527,0.00461192813794,0.000142339014381,0.000276069510498,2.48462559448e-05,0.000276069510498,0.269515494124,0.508473667539,0.214830124535
303,0.0171560102388,0.291236714862,0.16585108352,0.025257867326,0.0363992385012,0.0470340601185,0.0379508280998,0.0439473919999,0.141084430465,0.104173043418,0.0610782647809,0.02883106667,17,5,2,20,0.000273146526285,2.45831873656e-05,0.000273146526285,0.00224486907371,0.00243754424389,0.00144069421449,0.000273146526285,2.45831873656e-05,0.000273146526285,0.269397368141,0.508497554902,0.214840216946
304,0.0863733811951,0.132993640995,0.0619299923013,0.136969817786,0.0169174138727,0.0424496395122,0.168993981823,0.118299883962,0.00842007336155,0.139092495595,0.0347833229667,0.0527763566295,17,5,2,20,0.000149141139319,1.34227025387e-05,0.000149141139319,0.000991749457667,0.00337034111649,0.000173513531755,0.000149141139319,1.34227025387e-05,0.000149141139319,0.269742724353,0.509735157525,0.215363104054
305,0.0990111295728,0.0745575439093,0.0031128454196,0.0808539358863,0.118609202569,0.00838215008307,0.0264997381661,0.217677211845,0.0385365580563,0.117634079329,0.0575138642794,0.157611740884,17,5,2,20,6.26102310407e-06,5.63492079366e-07,6.26102310407e-06,0.000122952939191,4.21442474313e-05,4.01456526243e-05,6.26102310407e-06,5.63492079366e-07,6.26102310407e-06,0.27037315425,0.512756015349,0.216639416485
306,0.0261861885546,0.173320950814,0.105839868109,0.0145230627033,0.0866320091211,0.0777821178587,0.00176607793203,0.0383312216616,0.157569950218,0.114843850467,0.132901134855,0.0703035677069,17,5,2,20,0.000183476638078,1.6512897427e-05,0.000183476638078,0.00378536284066,0.0014556569554,0.000800540983621,0.000183476638078,1.6512897427e-05,0.000183476638078,0.269609193679,0.50866946446,0.214912848734
307,0.0677993701171,0.0240177121356,0.237358943672,0.00910051712996,0.000281081691033,0.207274552458,0.147089187188,0.169113673548,0.00511214721883,0.0110049331217,0.0825907581573,0.0392571235621,17,5,2,20,1.27344497559e-05,1.14610047803e-06,1.27344497559e-05,0.000122627098552,0.000186610070752,5.21207610018e-05,1.27344497559e-05,1.14610047803e-06,1.27344497559e-05,0.270724199669,0.51238046566,0.216480746741
308,0.00756504313423,0.0579337705725,0.0767697097835,0.0542370127595,0.0274610613497,0.0363341020313,0.0559065213466,0.263749258056,0.113073568561,0.0178708010782,0.239167246789,0.0499319045381,17,5,2,20,0.000140099920879,1.26089928791e-05,0.000140099920879,0.000871077160112,0.000772469533394,0.000345760551987,0.000140099920879,1.26089928791e-05,0.000140099920879,0.270668132372,0.510901189956,0.215855752757
309,0.0214533498572,0.12628010382,0.258957144696,0.0103934431258,0.0345305035139,0.0319934739528,0.234888339159,0.0131091251099,0.102070830626,0.0588791241773,0.0192699858081,0.0881745761538,17,5,2,20,0.00048567924922,4.37111324298e-05,0.00048567924922,0.00181175549848,0.00209811095459,0.00079969839856,0.00048567924922,4.37111324298e-05,0.00048567924922,0.269409404603,0.508858271553,0.214992619731
310,0.0728393629043,0.0785847561621,0.0337401928843,0.206458577535,0.112078458315,0.038819709429,0.0134998157781,0.059159670324,0.137124632955,0.0139306388418,0.233688779184,7.54056869912e-05,17,5,2,20,0.000373395464221,3.36055917799e-05,0.000373395464221,0.00616261164739,0.00251417597516,0.00105578867061,0.000373395464221,3.36055917799e-05,0.000373395464221,0.268383875053,0.506378035581,0.213944720033
311,0.015146471317,0.00576891737209,0.0454068001553,0.0303414731789,0.237488414158,0.0309372002352,0.273794377403,0.0121361649849,0.111566228521,0.132535429814,0.0386095329531,0.0662689899069,17,5,2,20,7.7174686258e-06,6.94572176322e-07,7.7174686258e-06,1.68167978987e-05,6.63043375309e-05,2.14914123765e-06,7.7174686258e-06,6.94572176322e-07,7.7174686258e-06,0.271428125476,0.512094443043,0.216359902186
312,0.121443122012,0.0774748015844,0.0561606311731,0.036256815313,0.0976441424104,0.133117218861,0.153483766333,0.0704415903488,0.109404838214,0.0819744723765,0.000127885291459,0.0624707160833,17,5,2,20,2.42451886602e-05,2.18206697942e-06,2.42451886602e-05,8.04285672145e-05,0.000272581026966,5.78188085628e-05,2.42451886602e-05,2.18206697942e-06,2.42451886602e-05,0.270984186868,0.512129096549,0.216374543292
313,0.0849856197591,0.0651694881819,0.0984208906115,0.0276152947092,0.0114008687696,0.047272186483,0.0356952599767,0.0335801852209,0.0843752147379,0.0539843599176,0.38633781639,0.0711628152428,17,5,2,20,2.83475425871e-05,2.55127883284e-06,2.83475425871e-05,0.000207887451896,0.000319680735635,3.90886576315e-05,2.83475425871e-05,2.55127883284e-06,2.83475425871e-05,0.271052579169,0.511959417405,0.216302853853
314,3.39697054254e-06,0.136678903873,0.0770739865446,0.112105302606,0.30237840534,0.0157042848513,0.0254208423087,0.101044318155,0.064885312532,0.0486088877415,0.0184092838667,0.0976870752108,17,5,2,20,0.000283377898757,2.55040108881e-05,0.000283377898757,0.00051029883087,0.0021224252768,0.000650028729419,0.000283377898757,2.55040108881e-05,0.000283377898757,0.270252098426,0.509863359662,0.215417269457
315,0.0375011733248,0.274169513801,0.0187116896287,0.112917961514,0.0206666515547,0.175919069122,0.0579625887726,0.040382637047,0.0997907507675,0.0465139249335,0.0846229350549,0.0308411044796,17,5,2,20,0.00051041198328,4.59370784952e-05,0.00051041198328,0.0135198020739,0.00641770086913,0.00303507649802,0.00051041198328,4.59370784952e-05,0.00051041198328,0.26461564307,0.4993168755,0.210961379899
316,0.242129649745,0.0915641720326,0.224829237909,0.0298875202997,0.068884084153,0.054850302714,0.0503384047692,0.0144542594475,0.0152280460129,0.0328089627956,0.170967250598,0.00405810952327,17,5,2,20,0.000526271920652,4.73644728587e-05,0.000526271920652,0.0107090247375,0.00350501133131,0.00100788258776,0.000526271920652,4.73644728587e-05,0.000526271920652,0.266019648879,0.503731891625,0.212826724212
317,0.132200840077,0.115602744825,0.065889914267,0.0534923326265,0.020584442366,0.286809104896,0.00565627394224,0.136036997796,0.0470850977079,0.118112914323,0.0112720247774,0.00725731239509,17,5,2,20,5.60046604969e-07,5.04041944472e-08,5.60046604969e-07,9.66198892319e-06,2.22807762956e-06,6.27739573547e-07,5.60046604969e-07,5.04041944472e-08,5.60046604969e-07,0.271458768819,0.512145077244,0.216381295136
318,0.0982757919424,0.00545484940729,0.145228025293,0.0271572733851,0.148254479977,0.101494478646,0.00552984011561,0.164395690843,0.0596585000423,0.239598453276,0.00264361726598,0.00230899980504,17,5,2,20,5.21628607266e-06,4.6946574654e-07,5.21628607266e-06,1.50371183131e-05,1.73749810328e-05,4.8530705545e-06,5.21628607266e-06,4.6946574654e-07,5.21628607266e-06,0.271445562307,0.512123281861,0.216372086586
319,0.00702590204591,0.0877398147003,0.0295445311998,0.0792352984153,0.106907139676,0.143585893488,0.109242738948,0.301474690845,0.0173579984511,0.00870581858143,0.0806862614214,0.0284939122276,17,5,2,20,0.00100737871318,9.06640841864e-05,0.00100737871318,0.0219229190729,0.00529546450399,0.0041235607676,0.00100737871318,9.06640841864e-05,0.00100737871318,0.261748863112,0.493988294919,0.208710054603
320,0.0484519138009,0.0996151180531,0.348422251633,0.0483598993634,0.104169232007,0.00932988115541,0.209116457523,0.0257823814271,0.0414959555465,0.00754171006836,0.0542371048326,0.00347809458971,17,5,2,20,0.00233929343583,0.000210536409225,0.00233929343583,0.0133366816662,0.0374211830158,0.00377336983762,0.00233929343583,0.000210536409225,0.00233929343583,0.253794313209,0.479364643732,0.202531561977
321,0.254141904095,0.0540491365911,0.00750371726976,0.0250230168152,0.0129260477334,0.0286569374056,0.0678327067625,0.156808056262,0.138759064579,0.176732135766,0.0374213044149,0.0401459723059,17,5,2,20,2.32317467932e-06,2.09085721139e-07,2.32317467932e-06,4.38659526542e-05,0.000153950584682,2.87669805628e-06,2.32317467932e-06,2.09085721139e-07,2.32317467932e-06,0.271303244805,0.51211694277,0.21636940832
322,0.00634806594544,0.0348050684098,0.117692353823,0.183136079561,0.0448621436956,0.0424787945671,0.139829634673,0.0393707612842,0.0691678496734,0.104744123343,0.0388506948248,0.178714430199,17,5,2,20,0.000181492360952,1.63343124856e-05,0.000181492360952,0.00136998059946,0.00126836737202,0.000291223329002,0.000181492360952,1.63343124856e-05,0.000181492360952,0.270463585439,0.510262358658,0.215585846533
323,0.0831382091583,0.0432022794079,0.0460407113307,0.077996324804,0.178670824986,0.0461304444887,0.0685116451757,0.178953769292,0.11018225499,0.0510194929164,0.111578804775,0.004575238675,17,5,2,20,0.000332061178155,2.9885506034e-05,0.000332061178155,0.000797387976989,0.00208627202916,0.000172829888546,0.000332061178155,2.9885506034e-05,0.000332061178155,0.270258278862,0.509875019697,0.215422195822
324,0.102024490494,0.152612755419,0.118561679008,0.100653670346,0.151017746174,0.0349517562034,0.159844809856,0.0603914074296,0.0536599089471,0.00632087421031,0.0540854129702,0.00587548894191,17,5,2,20,0.00213092882945,0.00019178359465,0.00213092882945,0.031245489812,0.03873807632,0.0044077505726,0.00213092882945,0.00019178359465,0.00213092882945,0.248852138878,0.469489815051,0.198359446859
325,0.0509973966259,0.0580813762698,0.0500729015228,0.348879990579,0.0270067116811,0.109506464704,0.0861861833441,0.0500742514564,0.192350097114,0.00882656256108,0.00581364457874,0.0122044195621,17,5,2,20,0.0180788611962,0.00162709750766,0.0180788611962,0.0193943929936,0.0831695939512,0.011981057509,0.0180788611962,0.00162709750766,0.0180788611962,0.219648611509,0.414929141819,0.175307562418
326,0.0979277145201,0.13670054606,0.0449660637232,0.197465314814,0.0312234197844,0.0208112708352,0.0260688453751,0.0606552442256,0.0396567776804,0.0633291684815,0.108668575396,0.172527059104,17,5,2,20,0.000201355904789,1.8122031431e-05,0.000201355904789,0.0046140428669,0.00264896597737,0.000341580955765,0.000201355904789,1.8122031431e-05,0.000201355904789,0.268934848157,0.507992192872,0.214626701489
327,0.0625797929585,0.0262777758,0.061494678942,0.150762800514,0.149376561248,0.110013529399,0.173167062864,0.0245585843481,0.0361212603092,0.00257438229888,0.13330075342,0.0697728178984,17,5,2,20,4.63820377816e-06,4.17438340035e-07,4.63820377816e-06,1.36505945171e-05,5.54608199189e-06,3.87153666195e-05,4.63820377816e-06,4.17438340035e-07,4.63820377816e-06,0.271440647347,0.512113921208,0.21636813171
328,0.0223102881954,0.121873410129,0.119353254934,0.014259033624,0.0123393532671,0.0645215733544,0.0220247148985,0.170580520606,0.250924784146,0.00283994120933,0.104339407809,0.0946337178279,17,5,2,20,0.000311491257476,2.80342131729e-05,0.000311491257476,0.00615956710477,0.00191146921524,0.00491511527426,0.000311491257476,2.80342131729e-05,0.000311491257476,0.267362010373,0.504991075274,0.213358729303
329,0.0957148380887,0.13815984112,0.052456406255,0.0431201211775,0.193702720915,0.0236002500609,0.153078358247,0.0118310246865,0.0142267964893,0.147232113759,0.12072845081,0.00614907838993,17,5,2,20,0.000105907522831,9.53167705479e-06,0.000105907522831,0.000648194254793,0.00170344256709,0.000105703642966,0.000105907522831,9.53167705479e-06,0.000105907522831,0.270580232036,0.510734435187,0.215785298866
330,0.0954374923103,0.30575656517,0.112203795669,0.0387910685137,0.0151534908594,0.0841942477041,0.00468116119451,0.0335179184796,0.0823313078566,0.129644524628,0.0733878464091,0.0249005812053,17,5,2,20,0.000164801737511,1.4832156376e-05,0.000164801737511,0.000419119411933,0.00031855288164,0.000850595669689,0.000164801737511,1.4832156376e-05,0.000164801737511,0.270846642559,0.510985039167,0.215891179048
331,0.0246537677427,0.0951346517315,0.0218123211547,0.0280178096458,0.0912147213544,0.10006563972,0.199028266521,0.0581689493081,0.0948362454467,0.005558723911,0.226714475484,0.0547944279804,17,5,2,20,0.000149282033081,1.34353829773e-05,0.000149282033081,0.000540280540484,0.000577178778264,0.000134074283857,0.000149282033081,1.34353829773e-05,0.000149282033081,0.270955664649,0.511190722566,0.215978080284
332,0.0956095067542,0.0508381407994,0.104683584716,0.0327898391979,0.260458275889,0.0204599906276,0.0815544952963,0.052941536395,0.0664869967536,0.119786413795,0.0258478303713,0.0885433894061,17,5,2,20,0.000437158151378,3.9344233624e-05,0.000437158151378,0.0330707619308,0.00392582085904,0.000923711410837,0.000437158151378,3.9344233624e-05,0.000437158151378,0.26037576592,0.492004652939,0.207871965867
333,0.0409463522775,0.0192206592387,0.0606245828876,0.497012344056,0.0452532163066,0.109646088805,0.0459898777416,0.00428246451108,0.0512513724355,0.108014316596,0.0118980639097,0.00586066123434,17,5,2,20,0.000556646319651,5.00981687685e-05,0.000556646319651,0.00382547379489,0.0110125458112,0.000755694267903,0.000556646319651,5.00981687685e-05,0.000556646319651,0.26612402241,0.503307896028,0.212647586072
334,0.0591508242939,0.0581135926532,0.12161129907,0.0870763576982,0.0349845502973,0.0950293851382,0.109252989879,0.154531394186,0.0841418634023,0.0901862661402,0.0144055833883,0.0915158938536,17,5,2,20,0.000362997954984,3.26698159486e-05,0.000362997954984,0.00241724291044,0.00198621681338,0.00130505153734,0.000362997954984,3.26698159486e-05,0.000362997954984,0.269407891434,0.508517585837,0.214848680016
335,0.077963720878,0.106709748131,0.0976538650763,0.208847936951,0.0557842554393,0.0509301191774,0.0838174857595,0.0485490307794,0.0382543395862,0.055539515835,0.0681970555893,0.107752926798,17,5,2,20,9.33489907903e-05,8.40140917113e-06,9.33489907903e-05,0.000173920636854,0.00155486679241,8.31983112492e-05,9.33489907903e-05,8.40140917113e-06,9.33489907903e-05,0.270640538497,0.511182620022,0.215974656959
336,0.115349953216,0.0120655076779,0.0181907822266,0.244691070035,0.0250236756737,0.0820067803364,0.111114931957,0.0132715569539,0.131690517444,0.0325792282671,0.0019142585084,0.212101737704,17,5,2,20,0.000243770030118,2.19393027106e-05,0.000243770030118,0.00314928440185,0.00342053685467,0.000117511394225,0.000243770030118,2.19393027106e-05,0.000243770030118,0.268762834246,0.508633303604,0.214897570773
337,0.0063010999503,0.0583210509013,0.0375920895343,0.155172753645,0.0461220093669,0.0592228516711,0.366699549003,0.00905455127626,0.0285204962679,0.0236381968509,0.111538339067,0.0978170124656,17,5,2,20,0.000323261849316,2.90935664385e-05,0.000323261849316,0.00189058712662,0.00144053313824,0.00038822349358,0.000323261849316,2.90935664385e-05,0.000323261849316,0.270088320557,0.50955437691,0.215286724244
338,0.0919706030665,0.16417285782,0.00887967652515,0.0625457345992,0.121520559633,0.00334867724103,0.157618581871,0.0177897782102,0.104921919537,0.121701211457,0.100138348269,0.0453920517705,17,5,2,20,0.000222439068505,2.00195161654e-05,0.000222439068505,0.00711401378439,0.00224121521031,0.00178518288467,0.000222439068505,2.00195161654e-05,0.000222439068505,0.267917539906,0.506159755999,0.213852496909
339,0.019016042362,0.0841859818797,0.0800167503158,0.0558036881622,0.266352341589,0.0721875439057,0.288836159834,0.00720214339787,0.0167810766369,0.0124192597537,0.0134857159138,0.0837132962499,17,5,2,20,3.89672606787e-07,3.50705346108e-08,3.89672606787e-07,1.77856315413e-05,5.59984661879e-07,5.08312724779e-06,3.89672606787e-07,3.50705346108e-08,3.89672606787e-07,0.271361724469,0.512206128616,0.21640708934
340,0.17755109031,0.13390787979,0.0153794533282,0.00648728810745,0.116069788177,0.0126072877886,0.0288083189235,0.0425681089578,0.295000053706,0.0230753830743,0.126377819148,0.02216752869,17,5,2,20,0.000743315660986,6.68984094888e-05,0.000743315660986,0.0117638444581,0.00775547711806,0.00150422087466,0.000743315660986,6.68984094888e-05,0.000743315660986,0.26469235904,0.499948709347,0.211228329699
341,0.0517179591249,0.012576558928,0.0875858962725,0.207862698899,0.0295759183819,0.0767004068933,0.201599855192,0.0274889614979,0.0418461530598,0.189157725659,0.0448525591681,0.0290353069229,17,5,2,20,0.000244179446034,2.19761501431e-05,0.000244179446034,0.0318470299045,0.00427819676867,0.00130572204344,0.000244179446034,2.19761501431e-05,0.000244179446034,0.260247752235,0.493005714561,0.208294914402
342,0.0128375091288,0.13612492967,0.0391414962497,0.0648075681017,0.0159501479049,0.0161657782648,0.0294606382006,0.0704781295281,0.070032270731,0.0839585040274,0.413888030326,0.0471549978665,17,5,2,20,6.48313496175e-05,5.83482146558e-06,6.48313496175e-05,0.00182209231167,0.000480027833364,0.000325404093229,6.48313496175e-05,5.83482146558e-06,6.48313496175e-05,0.270579266442,0.510736178754,0.215786035524
343,0.0272268958181,0.0704408410198,0.142568575336,0.0792167184129,0.0635207293592,0.0675025409575,0.0813051634688,0.0302092381362,0.131313441192,0.232034686681,0.0294796972554,0.045181472364,17,5,2,20,5.43767494857e-05,4.89390745371e-06,5.43767494857e-05,0.000347168096417,0.000801525252556,0.000911144610669,5.43767494857e-05,4.89390745371e-06,5.43767494857e-05,0.270843461877,0.510980249807,0.215889155543
344,0.0899990084434,0.13740305751,0.0195822480314,0.033938220993,0.037549343859,0.00730742870393,0.187696243164,0.0939060892384,0.0307219828635,0.0322910699737,0.283743510181,0.0458617970385,17,5,2,20,0.000133448028699,1.20103225829e-05,0.000133448028699,0.00149966826532,0.00119710145143,0.000161886904642,0.000133448028699,1.20103225829e-05,0.000133448028699,0.27053735284,0.510401530952,0.215644646827
345,0.165871720636,0.096298805603,0.0374694626027,0.157006169381,0.0427980554736,0.122903732165,0.210770493813,0.00348826933902,0.0430382447662,0.0727015505825,0.0337437450207,0.0139097506179,17,5,2,20,0.000653914988555,5.885234897e-05,0.000653914988555,0.00647736858462,0.0129763094589,0.00106932576732,0.000653914988555,5.885234897e-05,0.000653914988555,0.264902117945,0.500415826778,0.211425686814
346,0.012206266375,0.0384409621931,0.00554390170936,0.0300928431643,0.0287019078183,0.422157539815,0.0337503731258,0.0218851328902,0.012950961776,0.130576569591,0.221560762671,0.0421327788707,17,5,2,20,0.000198471218965,1.78624097069e-05,0.000198471218965,0.00636284197606,0.00104622155699,0.000430384013567,0.000198471218965,1.78624097069e-05,0.000198471218965,0.267660850472,0.508731172082,0.214938920205
347,0.0624474319466,0.15589108809,0.146877931139,0.067360192512,0.0522255453631,0.0440194044433,0.0995888688725,0.095014710754,0.00839889519701,0.216590592868,0.00272017004203,0.0488651687725,17,5,2,20,0.00012165866741,1.09492800669e-05,0.00012165866741,0.000371378505216,0.000521958248041,0.000136969719455,0.00012165866741,1.09492800669e-05,0.00012165866741,0.270819697701,0.511522996553,0.216118466044
348,0.153858819866,0.0743910950285,0.00961856822321,0.0637363438662,0.0420241479772,0.0794242419456,0.0139199396869,0.0916676489454,0.156083536,0.141230758448,0.153573171752,0.0204717282606,17,5,2,20,0.000234780167978,2.1130215118e-05,0.000234780167978,0.015558891297,0.0016556182949,0.00219616779652,0.000234780167978,2.1130215118e-05,0.000234780167978,0.265303909148,0.502146947178,0.212157085183
349,0.191929161929,0.238082146523,0.00382223114571,0.0802779467608,0.00859349638393,0.0115154616181,0.0473531383747,0.0809044723286,0.10067605743,0.0033634279879,0.0724868246935,0.160995634824,17,5,2,20,0.000268066921533,2.4126022938e-05,0.000268066921533,0.00165738350029,0.000629085214105,0.000333501326143,0.000268066921533,2.4126022938e-05,0.000268066921533,0.270449392774,0.510235583447,0.215574534006
350,0.107565451684,0.0908443030029,0.0114654658407,0.0163390265628,0.0394113367845,0.0754650446198,0.0564230056453,0.0508166335963,0.225450324318,0.0173479505365,0.133773523937,0.175097933472,17,5,2,20,0.000185555570109,1.67000013098e-05,0.000185555570109,0.00572174894829,0.00123550969941,0.000844481117863,0.000185555570109,1.67000013098e-05,0.000185555570109,0.267686409413,0.508777665054,0.214958563485
351,0.000927355966178,0.0378389815897,0.0785806019772,0.109529938897,0.0193454604778,0.0441512929806,0.27831499752,0.173511315608,0.129877200776,0.0107560851803,0.0802186582132,0.0369481108138,17,5,2,20,0.00113954328261,0.000102558895435,0.00113954328261,0.0382999244459,0.00641459739035,0.0108207357827,0.00113954328261,0.000102558895435,0.00113954328261,0.254995583071,0.481339802031,0.203366066358
352,0.0660628320809,0.0800512664341,0.0705757614588,0.0873444162513,0.0210413222023,0.0487329668956,0.142818088197,0.0826540469746,0.0612104744818,0.0793130641262,0.0613899347897,0.198805826108,17,5,2,20,4.24651239969e-06,3.82186115972e-07,4.24651239969e-06,1.95590782511e-05,3.11319317951e-05,2.22763098073e-06,4.24651239969e-06,3.82186115972e-07,4.24651239969e-06,0.271345467256,0.512185492922,0.21639837076
353,0.0169631760633,0.0361380163273,0.238951701403,0.0621090769761,0.000269249616058,0.0483049350121,0.13189591281,0.219116066667,0.160845325886,0.0102276502033,0.0155143115479,0.0596645774874,17,5,2,20,0.00176096698721,0.000158487028849,0.00176096698721,0.0618428439306,0.00304149832576,0.0106914912436,0.00176096698721,0.000158487028849,0.00176096698721,0.248747308766,0.469817937242,0.198498078485
354,0.0868994820134,0.00345763426784,0.0472474535643,0.165844184356,0.0257173247576,0.0827211333262,0.0934984642985,0.259645632892,0.131268998824,0.0935122203108,0.00597460565199,0.00421286573786,17,5,2,20,0.000701524693328,6.31372223995e-05,0.000701524693328,0.00119868196578,0.00861484058472,0.000352494435195,0.000701524693328,6.31372223995e-05,0.000701524693328,0.265840482379,0.506897101875,0.214164025542
355,0.0466733563097,0.0706476173032,0.105968713993,0.0634364265387,0.105364329879,0.0632142577534,0.0612118860007,0.149598911072,0.0151159219171,0.00381629053855,0.0445541266724,0.270398162022,17,5,2,20,7.32671224418e-05,6.59404101976e-06,7.32671224418e-05,0.000659333811373,0.00157783560137,0.000118937823959,7.32671224418e-05,6.59404101976e-06,7.32671224418e-05,0.270513778382,0.510948230446,0.215875627363
356,0.184253024559,0.044685703404,0.0213878844068,0.0515437180485,0.143331482071,0.011924100488,0.12673352749,0.0405502165925,0.106713622273,0.157809692442,0.0529192141945,0.0581478140308,17,5,2,20,0.000179255340056,1.6132980605e-05,0.000179255340056,0.00645941028735,0.00418225478647,0.000971494317744,0.000179255340056,1.6132980605e-05,0.000179255340056,0.268094579087,0.50582985884,0.21371311536
357,0.0451427034694,0.0152253870963,0.0700709544754,0.090096318397,0.197227660013,0.00554526610777,0.147973014002,0.049406071063,0.078917437159,0.0498943155988,0.174595463436,0.0759054091826,17,5,2,20,0.000110915280484,9.98237524355e-06,0.000110915280484,0.00633321513723,0.00490951214252,0.000663164324858,0.000110915280484,9.98237524355e-06,0.000110915280484,0.267405561942,0.506309258756,0.213915661825
358,0.0186475238471,0.143036360479,0.0456215469118,0.072296021251,0.00857819495814,0.229988727553,0.0123860394706,0.0519023142436,0.0955707239504,0.240000882311,0.0362772414419,0.0456944235814,17,5,2,20,0.000240627741229,2.16564967106e-05,0.000240627741229,0.00446199521619,0.00242388354935,0.000227473776264,0.000240627741229,2.16564967106e-05,0.000240627741229,0.268927221517,0.508227488213,0.21472611377
359,0.0692043032986,0.0117620987794,0.0745198704285,0.0636923457216,0.134269680225,0.0971676665956,0.125895998253,0.0101970900656,0.00385819044022,0.0163297921738,0.369038844828,0.0240641191904,17,5,2,20,0.000167623782423,1.50861404181e-05,0.000167623782423,0.00353249112762,0.000476558091472,0.00113953248876,0.000167623782423,1.50861404181e-05,0.000167623782423,0.269547050734,0.509387486923,0.215216213225
360,0.0382376328905,0.0242176399549,0.0760357242568,0.0210953351512,0.0861257375326,0.195152591375,0.207088259813,0.0953647976975,0.0414895277821,0.0529160903266,0.0162042299917,0.146072433228,17,5,2,20,0.000120296669336,1.08267002402e-05,0.000120296669336,0.000168709524253,0.00120406358287,0.000169604083802,0.000120296669336,1.08267002402e-05,0.000120296669336,0.270909161064,0.51110412771,0.215941493957
361,0.325608830711,0.0965816942273,0.021344880875,0.0294534916788,0.148219786949,0.0161398547473,0.0348098802756,0.00128021073143,0.120343311541,0.113162871271,0.0301627261381,0.0628924608553,17,5,2,20,4.8622570851e-06,4.37603137659e-07,4.8622570851e-06,2.06518664207e-05,4.49390608841e-05,5.23454224352e-06,4.8622570851e-06,4.37603137659e-07,4.8622570851e-06,0.27143519915,0.512108014865,0.21636563628
362,0.0730210785383,0.0249503352469,0.00537338297431,0.00189129179749,0.0513530013829,0.158837908462,0.0326104169211,0.32194376459,0.0359253187014,0.117446551559,0.0206277044119,0.156019245414,17,5,2,20,2.62458830619e-06,2.36212947557e-07,2.62458830619e-06,0.000106008649078,1.48034712231e-05,2.49818308097e-05,2.62458830619e-06,2.36212947557e-07,2.62458830619e-06,0.270562228587,0.512675575875,0.216605430807
363,0.037309100071,0.278205169448,0.0677878195591,0.17068896505,0.000590333094897,0.166621641012,0.114247926424,0.0372100506934,0.0200118114685,0.020669504756,0.0311205335278,0.0555371448945,17,5,2,20,0.00187871523609,0.000169084371248,0.00187871523609,0.0298774909838,0.0131658204717,0.00192128030641,0.00187871523609,0.000169084371248,0.00187871523609,0.257035685422,0.485164634889,0.204982058241
364,0.0674721516518,0.0514536401466,0.0522159546482,0.0563040604314,0.130473310614,0.0699966562074,0.0153059163283,0.0290480957762,0.0127620946098,0.119603370397,0.375448701649,0.0199160475403,17,5,2,20,3.48837116889e-05,3.139534052e-06,3.48837116889e-05,0.000146362465113,8.90252880327e-05,0.000131819570271,3.48837116889e-05,3.139534052e-06,3.48837116889e-05,0.271002228911,0.512115817118,0.216368932732
365,0.156300696439,0.0218730197415,0.094693208061,0.0888058783424,0.0432329424674,0.0225915844525,0.0856876158917,0.278813348913,0.0842685680926,0.0570963946709,0.00572699360447,0.060909749323,17,5,2,20,0.00110138455595,9.91246100357e-05,0.00110138455595,0.00910380303703,0.00562159169221,0.00502328043993,0.00110138455595,9.91246100357e-05,0.00110138455595,0.264853966473,0.499679135968,0.211114434946
366,0.021916324397,0.0200583362961,0.0397346898908,0.0219104558203,0.237511319898,0.0443601392085,0.0399408543811,0.0102326049542,0.082679639561,0.0348667896092,0.20958775142,0.237201094564,17,5,2,20,3.07548870059e-05,2.76793983053e-06,3.07548870059e-05,0.000202232333088,6.79140720689e-05,0.000312215065072,3.07548870059e-05,2.76793983053e-06,3.07548870059e-05,0.270948575882,0.512014416323,0.216326090897
367,0.0474548870871,0.0533324385677,0.204657569592,0.142525824738,0.00326680489727,0.00535990105876,0.0898458484375,0.117269339419,0.077347216335,0.174364864816,0.0532852447192,0.031290060332,17,5,2,20,0.000280251169374,2.52226052436e-05,0.000280251169374,0.00256353440762,0.00171472439777,0.000391358037774,0.000280251169374,2.52226052436e-05,0.000280251169374,0.26987915941,0.509159770727,0.215120003132
368,0.0519761703792,0.0232985592566,0.0352004535571,0.149748089632,0.088163821817,0.0671157675439,0.0211682879503,0.0386156617684,0.0346534697872,0.123263189407,0.249704606902,0.117091922,17,5,2,20,5.78404625655e-05,5.2056416309e-06,5.78404625655e-05,0.000282939994157,0.000290263960994,9.72067954244e-05,5.78404625655e-05,5.2056416309e-06,5.78404625655e-05,0.271217157594,0.511684118469,0.216186540053
369,0.0527503117582,0.0636511436717,0.0707215869781,0.132893610318,0.186425757213,0.000988261340548,0.0267166063904,0.121933981402,0.018163165226,0.0754136265977,0.0292567069808,0.221085242123,17,5,2,20,0.000181347521975,1.63212769778e-05,0.000181347521975,0.001604331127,0.000689773258547,0.000378261697743,0.000181347521975,1.63212769778e-05,0.000181347521975,0.270529834524,0.510397024078,0.215642742673
370,0.00887015472443,0.000125811058962,0.022726423375,0.0110960337117,0.0714896992441,0.0343948748131,0.128745869293,0.0171036586155,0.163549294797,0.00567423942064,0.467754413823,0.0684695271232,17,5,2,20,1.35221538331e-05,1.21699384498e-06,1.35221538331e-05,2.81890215298e-05,8.9459963253e-05,1.50919387411e-05,1.35221538331e-05,1.21699384498e-06,1.35221538331e-05,0.271413427331,0.512054347376,0.216342961767
371,0.0541412132676,0.0594067330666,0.0271309067181,0.0301210817753,0.0707736744225,0.159334292612,0.214839521561,0.00018228920708,0.0426480488313,0.046278891073,0.0346242910507,0.260519056414,17,5,2,20,0.000152047834763,1.36843051286e-05,0.000152047834763,0.00179662306005,0.000922461308722,0.000356283769422,0.000152047834763,1.36843051286e-05,0.000152047834763,0.270361727399,0.510317992628,0.215609351885
372,0.230763822461,0.0321861700875,0.0654827191973,0.18895398389,0.100347040354,0.0997666645105,0.102622115563,0.0110859521101,0.0247066450636,0.000748707851764,0.111548951124,0.031787227788,17,5,2,20,0.00039755464154,3.57799177386e-05,0.00039755464154,0.000709029361083,0.00144750572275,0.000974138859173,0.00039755464154,3.57799177386e-05,0.00039755464154,0.269937548564,0.509855886883,0.215414112208
373,0.0407131298814,0.0285103953759,0.129409499673,0.0466593847555,0.106127444848,0.0122203308919,0.0970205057649,0.144557349165,0.0081562653833,0.215772451947,0.0109576688086,0.159895573505,17,5,2,20,8.67223702424e-05,7.80501332181e-06,8.67223702424e-05,0.000561926754202,0.000149392201696,0.000570050685393,8.67223702424e-05,7.80501332181e-06,8.67223702424e-05,0.270922663932,0.511376778151,0.216056688769
374,0.344037714893,0.000135711022063,0.0826215684712,0.00219110303269,0.0249759578477,0.126079431098,0.011453958107,0.0264653850657,0.119431830348,0.0156673937613,0.216039035136,0.0309009112191,17,5,2,20,0.000281155000761,2.53039500685e-05,0.000281155000761,0.00897950941652,0.00202850963283,0.00122001398247,0.000281155000761,2.53039500685e-05,0.000281155000761,0.267802000201,0.505303858604,0.21349088026
375,0.0307045783858,0.181896070784,0.0812021134465,0.0220598164966,0.0761365688867,0.295989613387,0.0642974679595,0.0348108034573,0.0909833576301,0.101362903321,0.00570032402322,0.0148563822217,17,5,2,20,0.000876159729911,7.8854375692e-05,0.000876159729911,0.0264666929263,0.0100396691348,0.0031969105288,0.000876159729911,7.8854375692e-05,0.000876159729911,0.259300107394,0.490217414654,0.207116857691
376,0.142605390666,0.0408047851804,0.0341225048374,0.0816100339964,0.125229822307,0.00201936506376,0.0242485221496,0.100025200206,0.282877175887,0.0315732208294,0.040892862705,0.0939911161717,17,5,2,20,0.000883734633883,7.95361170494e-05,0.000883734633883,0.01373498398,0.00192899467671,0.00411741706321,0.000883734633883,7.95361170494e-05,0.000883734633883,0.264832234771,0.500310972752,0.211381385988
377,0.0204117813152,0.148024059344,0.0924868382359,0.0991301654906,0.00152097881275,0.0052808766304,0.0658651816528,0.0369753088757,0.0151817560544,0.176930103946,0.218462308615,0.119730641027,17,5,2,20,3.77346689653e-08,3.39612020687e-09,3.77346689653e-08,7.02028034842e-06,2.06781621743e-07,2.8144327363e-07,3.77346689653e-08,3.39612020687e-09,3.77346689653e-08,0.271461238366,0.512148397468,0.21638269793
378,0.0619186393632,0.0263616142983,0.04269452122,0.21203685611,0.0159499480363,0.0315826410456,0.0155154616447,0.0228884357557,0.17210751748,0.111180812252,0.246554065738,0.0412094870565,17,5,2,20,3.24850612304e-05,2.92365551074e-06,3.24850612304e-05,7.87017788878e-05,0.000592703348973,1.94408232212e-05,3.24850612304e-05,2.92365551074e-06,3.24850612304e-05,0.271013293376,0.511887573369,0.216272499748
379,0.16629388656,0.0784862327094,0.0348684307426,0.0287927661073,0.0178288038097,0.00993361725455,0.0380335946124,0.104890158394,0.242009532404,0.107944225381,0.0582251232225,0.112693628803,17,5,2,20,0.000171338725588,1.54204853029e-05,0.000171338725588,0.00120571179967,0.000582005855237,0.00167141753694,0.000171338725588,1.54204853029e-05,0.000171338725588,0.270104923629,0.510172052939,0.215547692367
380,0.00817348452665,0.266109253064,0.00328710041429,0.303336544757,0.0145539470166,0.122618549283,0.0500640116089,0.0131485382635,0.170640083338,0.0176701776184,0.0297292087541,0.000669101355423,17,5,2,20,0.00488711673502,0.000439840506152,0.00488711673502,0.0134606759368,0.0124196232771,0.0192602487114,0.00488711673502,0.000439840506152,0.00488711673502,0.253575454456,0.478633286233,0.202222563433
381,0.0172618138441,0.0378080736276,0.00175385470187,0.19369088546,0.0390827056145,0.0426161282092,0.0989860500859,0.043113783611,0.132189546669,0.260541207996,0.00961741307567,0.123338537105,17,5,2,20,0.00011446281445,1.03016533005e-05,0.00011446281445,0.00126921482062,0.00131024690572,0.00031205649076,0.00011446281445,1.03016533005e-05,0.00011446281445,0.27054997576,0.510425343732,0.215654707727
382,0.147629811603,0.0365281727178,0.0125605943012,0.0648240051192,0.100233890983,0.0672562711203,0.108647277481,0.0356829068911,0.171048917307,0.0878244829591,0.0391062092882,0.128657460228,17,5,2,20,9.45833941752e-05,8.51250547577e-06,9.45833941752e-05,0.000170282333952,0.000258681221342,0.000104427226495,9.45833941752e-05,8.51250547577e-06,9.45833941752e-05,0.270985554607,0.511835287187,0.216250408836
383,0.172128884782,0.061499612785,0.11509998272,0.0683841282732,0.0893137491663,0.0602399384536,0.0247103409929,0.0857484146877,0.101962591548,0.180307088515,0.0256587257818,0.0149465422944,17,5,2,20,0.000334651719905,3.01186547914e-05,0.000334651719905,0.00312949479199,0.00236988041719,0.000354040942659,0.000334651719905,3.01186547914e-05,0.000334651719905,0.269496069731,0.508437026311,0.214814643617
384,0.0438863178069,0.20573189373,0.0281488579609,0.124176049641,0.157797105967,0.0685763425648,0.113552993162,0.0200244935406,0.0640288277569,0.011565272841,0.0510696408943,0.111442204135,17,5,2,20,0.00082358985761,7.41230871849e-05,0.00082358985761,0.0300844098666,0.00211470795219,0.00482553051411,0.00082358985761,7.41230871849e-05,0.00082358985761,0.260407569588,0.491476398225,0.20764877825
385,0.105906000456,0.200390031552,0.241661499595,0.108182385906,0.0212147767499,0.0239340225874,0.0287919528126,0.0380606851752,0.0748678377723,0.0722902392004,0.0584101710619,0.0262903971313,17,5,2,20,0.000297546902296,2.67792212066e-05,0.000297546902296,0.000351645659799,0.00197711938577,0.000323739250991,0.000297546902296,2.67792212066e-05,0.000297546902296,0.270407110873,0.510155809335,0.215540829444
386,0.153021882523,0.0303093337633,0.0765368458739,0.168930785876,0.022540942714,0.120887180552,0.0878018157737,0.0141791084435,0.0450157533428,0.107652332727,0.0383843028387,0.134739715572,17,5,2,20,0.000371547015854,3.34392314269e-05,0.000371547015854,0.0118376059494,0.00213626596276,0.00124840041727,0.000371547015854,3.34392314269e-05,0.000371547015854,0.266570780932,0.503798861309,0.212855018903
387,0.00677165613652,0.323555560128,0.184796001242,0.0676834506354,0.0542874393655,0.0133637250712,0.060347221151,0.00299184914612,0.135825295938,0.0255735149854,0.110117317195,0.0146869690053,17,5,2,20,0.000777926539427,7.00133885485e-05,0.000777926539427,0.0167254808525,0.00492492202834,0.00250808387952,0.000777926539427,7.00133885485e-05,0.000777926539427,0.263767356723,0.498293443643,0.210528979939
388,0.0822680032329,0.0520818057955,0.0560222729728,0.127472285288,0.0952725166158,0.112337978783,0.145418327302,0.0961581398521,0.0304031967449,0.0147689837215,0.0484365793131,0.139359910378,17,5,2,20,0.000652568247872,5.87311423084e-05,0.000652568247872,0.00982636245045,0.00257132827041,0.00229952211315,0.000652568247872,5.87311423084e-05,0.000652568247872,0.266730169408,0.503230145857,0.212614736625
389,0.145911755442,0.198217404081,0.0435448403005,0.083040451195,0.245300240497,0.0321541165221,0.00832220094302,0.0347075999344,0.0536112543087,0.0674286436695,0.077173907441,0.0105875856655,17,5,2,20,0.000606245556462,5.45621000816e-05,0.000606245556462,0.0101493268718,0.0074469149429,0.00264199161856,0.000606245556462,5.45621000816e-05,0.000606245556462,0.265184112526,0.500557854211,0.211485693404
390,0.00968798527184,0.17789249843,0.00632956631042,0.203334315736,0.0831256368138,0.0893828664118,0.146365653284,0.0410212494603,0.0682245996415,0.0275047666007,0.123074422904,0.0240564391359,17,5,2,20,0.000585369722329,5.26832750096e-05,0.000585369722329,0.00707940213239,0.00147295291355,0.00475388662971,0.000585369722329,5.26832750096e-05,0.000585369722329,0.267188389332,0.5040833206,0.212975202953
391,0.0934151886151,0.0394939987308,0.21550926956,0.097953101645,0.0317058466691,0.079244087978,0.102759416659,0.174757762797,0.0349272661585,0.0293009509216,0.0339544846998,0.0669786255661,17,5,2,20,0.000614183034459,5.52764731013e-05,0.000614183034459,0.00884217413866,0.00291351910423,0.0105288393325,0.000614183034459,5.52764731013e-05,0.000614183034459,0.264479617903,0.499591257953,0.211077306485
392,0.0314531790948,0.0199315125479,0.0274328386744,0.0387265862648,0.270796698853,0.0763949411789,0.10370085717,0.0133434379253,0.181183344164,0.137639311508,0.0158359924008,0.0835613002177,17,5,2,20,0.000317186242637,2.85467618373e-05,0.000317186242637,0.00651273496386,0.00232621837768,0.00273416258093,0.000317186242637,2.85467618373e-05,0.000317186242637,0.267725315915,0.505712287992,0.213663441676
393,0.131149328033,0.120670170792,0.0685560661175,0.0806178036237,0.0401265335799,0.00956970136387,0.117253117013,0.188348290666,0.0716957327219,0.108886325798,0.0426909737257,0.0204359565644,17,5,2,20,0.000396778146229,3.57100331606e-05,0.000396778146229,0.00978643422968,0.00553349373479,0.00311692832079,0.000396778146229,3.57100331606e-05,0.000396778146229,0.265298872459,0.502359042956,0.212246695649
394,0.0101661083661,0.0307822513227,0.154592576665,0.0280716886732,0.111895135445,0.0369214650053,0.180222951691,0.0977743882982,0.127887917851,0.110452993301,0.0397903039812,0.071442219402,17,5,2,20,1.08711299245e-05,9.78401693201e-07,1.08711299245e-05,7.74341313268e-05,0.000360151216233,1.17622795517e-05,1.08711299245e-05,9.78401693201e-07,1.08711299245e-05,0.271088737255,0.512067819891,0.216348653904
395,0.123332460528,0.0683386128869,0.195421521983,0.0558815227915,0.0233893880546,0.0946520356947,0.0194240202936,0.0195350742274,0.0673034323846,0.216678805053,0.115719826736,0.000323299366844,17,5,2,20,1.79144073179e-06,1.61229665861e-07,1.79144073179e-06,1.10680639354e-05,1.87606000117e-05,2.65506315349e-06,1.79144073179e-06,1.61229665861e-07,1.79144073179e-06,0.271451075347,0.512132831426,0.216376121278
396,0.0187417772039,0.0136324168266,0.0567660637101,0.0776565485553,0.0602832796607,0.10431117057,0.129199101216,0.345633400226,0.152880832371,0.00200808182302,0.037767585457,0.00111974238129,17,5,2,20,0.00625456130599,0.000562910517539,0.00625456130599,0.146267077035,0.0324540327662,0.0286490786471,0.00625456130599,0.000562910517539,0.00625456130599,0.207899475643,0.392679275676,0.165906993973
397,0.154992854928,0.00772164057737,0.0584154846484,0.0181382636712,0.13507518599,4.38492918719e-05,0.183179653631,0.0147990198269,0.0426715242039,0.303455625474,0.0298647264213,0.051642171335,17,5,2,20,0.000124368743171,1.11931868854e-05,0.000124368743171,0.00211713738006,0.000584215450389,0.000852436422813,0.000124368743171,1.11931868854e-05,0.000124368743171,0.270358937058,0.51006496474,0.215502447603
398,0.000604289202877,0.0605702277445,0.0183994127628,0.0652509342204,0.166270961968,0.0656998230744,0.158550175814,0.156445473351,0.0285899506451,0.206954847829,0.0275205158843,0.0451433875032,17,5,2,20,5.60759361757e-05,5.04683425582e-06,5.60759361757e-05,0.000440855340969,0.000145217780974,0.00224260552646,5.60759361757e-05,5.04683425582e-06,5.60759361757e-05,0.270406644924,0.510741848165,0.21578843085
399,0.0534764567147,0.00906721951505,0.0112936584817,0.0192806388185,0.00302915623812,0.121099137579,0.0174696877297,0.44957009555,0.117818932532,0.00848734527006,0.106443408226,0.0829642633456,17,5,2,20,0.000335158625298,3.01642762768e-05,0.000335158625298,0.00134781148516,0.00120255806903,0.000548592118745,0.000335158625298,3.01642762768e-05,0.000335158625298,0.269545868608,0.51033687639,0.215617330275
400,0.0499662776644,0.133791918158,0.130252001482,0.0462598568641,0.232089575346,0.0486552382872,0.0500774811256,0.155215014793,0.00674543364626,0.0280599376059,0.0746100095075,0.044277255519,17,5,2,20,0.000722230876417,6.50007788775e-05,0.000722230876417,0.0178449741791,0.00393895245859,0.00550557403301,0.000722230876417,6.50007788775e-05,0.000722230876417,0.262557404818,0.497106621756,0.210027547692
401,0.000467279571567,0.0700923711669,0.030816046339,0.0304803608333,0.0385243757089,0.111531311584,0.239178402961,0.0374136382674,0.0118428460536,0.166893334303,0.0667940770543,0.195965956157,17,5,2,20,3.99377876993e-05,3.59440089294e-06,3.99377876993e-05,0.000230513355415,0.000120698586281,0.000187293203673,3.99377876993e-05,3.59440089294e-06,3.99377876993e-05,0.270670079654,0.512214042353,0.216410432894
402,0.115321485687,0.0706475060033,0.00915972945473,0.0417291655106,0.138771331191,0.0284197143394,0.00016397999838,0.185927428716,0.00800885545226,0.104719999436,0.115574527819,0.181556276393,17,5,2,20,0.000152864616112,1.37578154501e-05,0.000152864616112,0.00154478787831,0.00066727822188,0.000337197997748,0.000152864616112,1.37578154501e-05,0.000152864616112,0.27059930999,0.510518419555,0.215694032262
403,0.0444062944646,0.135991118902,0.073449722412,0.0404485742786,0.0241683559862,0.167672724637,0.144371109536,0.0795929464272,0.0635660966324,0.105791691738,0.0601406051019,0.0604007598835,17,5,2,20,0.000273643132728,2.46278819455e-05,0.000273643132728,0.00405681217814,0.00312745069548,0.000737945258293,0.000273643132728,2.46278819455e-05,0.000273643132728,0.269000999261,0.507509992487,0.214422971826
404,0.148702407838,0.105410814614,0.00636347846211,0.0445937836764,0.00735593834132,0.111892532445,0.00211135111062,0.164723355627,0.0454535735855,0.0887931818004,0.0159529679285,0.258646614571,17,5,2,20,0.000102106444268,9.18957998416e-06,0.000102106444268,0.00134095150083,0.00106029667308,0.000173498020002,0.000102106444268,9.18957998416e-06,0.000102106444268,0.270164818916,0.510955100143,0.21587852981
405,0.15936320102,0.219067003913,0.0288430169121,0.0169420729566,0.0576499188325,0.144572753914,0.0428024811179,0.00677671302274,0.0981210085044,0.0464029302576,0.0114685380241,0.167990361526,17,5,2,20,0.000282159211308,2.53943290177e-05,0.000282159211308,0.0207156401755,0.00399118458538,0.00140421303031,0.000282159211308,2.53943290177e-05,0.000282159211308,0.263996517503,0.49821653371,0.210496485492
406,0.0212552044161,0.0176947707546,0.236920230207,0.00317836216739,0.0346171848553,0.044562911203,0.05172229452,0.0111826232928,0.15277087771,0.238889417482,0.0961115997407,0.0910945236517,17,5,2,20,5.57855799046e-05,5.02070219141e-06,5.57855799046e-05,0.000750824350406,0.000130964085015,0.000669941136756,5.57855799046e-05,5.02070219141e-06,5.57855799046e-05,0.270676193425,0.511450891584,0.216088001694
407,0.165872954858,0.0442198669844,0.154893066928,0.0617224805964,0.218758197832,0.00368429142029,0.0207567729348,0.0616462283524,0.0917383013034,0.00468099741102,0.0604106534637,0.111616187916,17,5,2,20,0.000520578134714,4.68520321242e-05,0.000520578134714,0.00439398390537,0.00392220177408,0.000665378484763,0.000520578134714,4.68520321242e-05,0.000520578134714,0.268435912173,0.506436911817,0.213969595243
408,0.117787279842,0.076615853347,0.0947708493448,0.0270175122469,0.184890093774,0.00293092022513,0.0984667598285,0.107814954327,0.104955451712,0.0494628738308,0.104936387785,0.0303510637362,17,5,2,20,0.000480679446574,4.32611501917e-05,0.000480679446574,0.00440586116928,0.00387685237407,0.00138283032048,0.000480679446574,4.32611501917e-05,0.000480679446574,0.268295512759,0.506172023403,0.213857679888
409,0.140630119304,0.0846802267498,0.0166828203617,0.0936037756498,0.113175522569,0.0418596251811,0.177580945937,0.00726965747897,0.0311001698072,0.110662610942,0.0620080772865,0.120746448733,17,5,2,20,0.000245492965326,2.20943668793e-05,0.000245492965326,0.00612181486576,0.00129319440009,0.00165419816986,0.000245492965326,2.20943668793e-05,0.000245492965326,0.268390274756,0.507215716846,0.214298640367
410,0.175681096742,0.0942539749388,0.108979799359,0.035874281942,0.101483396879,0.0156729612345,0.00990524844812,0.259669612023,0.0462368610084,0.0220682576711,0.00437001482138,0.125804494933,17,5,2,20,0.000533146248486,4.79831623638e-05,0.000533146248486,0.003080193506,0.00331666096792,0.00262663273305,0.000533146248486,4.79831623638e-05,0.000533146248486,0.268157672311,0.506566108375,0.214024180788
411,0.115916161791,0.137624342314,0.0404810941468,0.233717304348,0.00853313364586,0.116922486601,0.0797210940507,0.0729266266038,0.0258668117219,0.0772771236886,0.0894458678457,0.00156795324244,17,5,2,20,0.000230480913526,2.07432822173e-05,0.000230480913526,0.000522760919041,0.00301478184307,0.000870584559101,0.000230480913526,2.07432822173e-05,0.000230480913526,0.270006622322,0.509400239113,0.215221601025
412,0.114640909686,0.109648539096,0.165057658815,0.161690597571,0.0346643393703,0.031508720816,0.085919610091,0.0054252660375,0.0118770091603,0.0779457343347,0.0813898545062,0.120231760516,17,5,2,20,6.62976964454e-06,5.96679268009e-07,6.62976964454e-06,1.29397133224e-05,6.73985300145e-05,1.35338969574e-05,6.62976964454e-06,5.96679268009e-07,6.62976964454e-06,0.27142893503,0.512091023123,0.21635845727
413,0.0231413438425,0.128520392758,0.028138270301,0.0822174893141,0.0622796798799,0.000922747693419,0.174362772713,0.179095906083,0.00770449908745,0.092591419943,0.111300551637,0.109724926748,17,5,2,20,1.7142444038e-07,1.54281996342e-08,1.7142444038e-07,1.81080880376e-05,2.21451848421e-06,7.87926279803e-07,1.7142444038e-07,1.54281996342e-08,1.7142444038e-07,0.271359162816,0.51221020042,0.216408809677
414,0.014335987384,0.0880955261771,0.148795717426,0.18965122523,0.0204414917158,0.0252847487004,0.0850411761931,0.0110978650407,0.179636467716,0.105907207882,0.000604969398433,0.131107617137,17,5,2,20,2.30831365301e-05,2.07748228771e-06,2.30831365301e-05,0.00228442815861,0.000154339281312,0.000442178205007,2.30831365301e-05,2.07748228771e-06,2.30831365301e-05,0.270555636202,0.510697315038,0.215769615604
415,0.00227951836627,0.0122686289108,0.16189566142,0.013520951243,0.375407216943,0.0279213199824,0.146443815879,0.101005826971,0.0451284095567,0.0113959752126,0.0665258304655,0.036206845049,17,5,2,20,0.00101563833725,9.14074503527e-05,0.00101563833725,0.00308050940095,0.00180589373781,0.0017965406375,0.00101563833725,9.14074503527e-05,0.00101563833725,0.268403169938,0.50662110231,0.214047415726
416,0.0127829154369,0.0304861261421,0.358186339993,0.00970748749851,0.0694038673102,0.0413322528461,0.165817614402,0.0184698164601,0.0915357709391,0.0789569773614,0.000798974799622,0.122521856811,17,5,2,20,0.000274100822646,2.46690740381e-05,0.000274100822646,0.00197284942719,0.00337279767793,0.00031738499173,0.000274100822646,2.46690740381e-05,0.000274100822646,0.269616461473,0.508664158167,0.214910606825
417,0.077437831618,0.0787708727816,0.127483268931,0.121633150263,0.0578581922205,0.0601631345249,0.153480217716,0.00613821195186,0.0143124323859,0.0632563542867,0.0435806696216,0.1958856637,17,5,2,20,0.000157069575696,1.41362618126e-05,0.000157069575696,0.000861796396202,0.000936184075527,0.000117827545199,0.000157069575696,1.41362618126e-05,0.000157069575696,0.270539786223,0.510993219637,0.215894635297
418,0.0375411301054,0.109012398304,0.0481657418127,0.161452464921,0.140659383423,0.0688383329063,0.103201053551,0.0218171405697,0.0302309516293,0.147803887409,0.045334551752,0.0859429636161,17,5,2,20,0.000108983848591,9.80854637318e-06,0.000108983848591,0.000256827788304,0.000145935363415,0.000142438204815,0.000108983848591,9.80854637318e-06,0.000108983848591,0.270966872883,0.51179780195,0.216234571324
419,0.0539460606343,0.0405697679639,0.225074337956,0.0735753143456,0.037221314687,0.205333516857,0.0451147697093,0.065600077853,0.000391157539152,0.110820917684,0.117049517025,0.0253032477457,17,5,2,20,0.00034637959846,3.11741638614e-05,0.00034637959846,0.0196721510755,0.00502420088257,0.00116420751243,0.00034637959846,3.11741638614e-05,0.00034637959846,0.263311970492,0.498685134141,0.210694469175
420,0.0375610162395,0.0694605067287,0.0540809836162,0.229694160335,0.105547312692,0.0702685983888,0.0869599794715,0.0152167842614,0.0123882036276,0.0325208826542,0.261193488817,0.0251080831671,17,5,2,20,9.50112842637e-05,8.55101558373e-06,9.50112842637e-05,0.000240951536663,0.000225389338667,0.00013950323754,9.50112842637e-05,8.55101558373e-06,9.50112842637e-05,0.27109657782,0.511705048084,0.216195382815
421,0.0351024870998,0.181255651819,0.0954453449055,0.0633206613399,0.0451142029832,0.0235102602573,0.15166521223,0.00438526998804,0.161819735056,0.173654818593,0.0240358195097,0.0406905362176,17,5,2,20,1.60872637705e-05,1.44785373935e-06,1.60872637705e-05,3.64721784824e-05,0.000121491056059,3.18223408455e-05,1.60872637705e-05,1.44785373935e-06,1.60872637705e-05,0.271158356262,0.512186019965,0.216398593435
422,0.119850509817,0.0951789564739,0.00111246129134,0.0949350232522,0.00460123317293,0.158782654851,0.0577653125281,0.213054487738,0.0850161237418,0.0121127024021,0.0606263752578,0.0969641594744,17,5,2,20,0.000319110732371,2.87199659134e-05,0.000319110732371,0.000910448484526,0.00149743409797,0.000925668979525,0.000319110732371,2.87199659134e-05,0.000319110732371,0.269971448168,0.509919941939,0.215441175469
423,0.0163727005211,0.0302149612518,0.0660480989889,0.0640649221223,0.0283349610622,0.136158422966,0.139898775879,0.131191875451,0.00287533002858,0.257774863169,0.0382565599309,0.0888085286285,17,5,2,20,0.000196971515244,1.7727436372e-05,0.000196971515244,0.0112590242988,0.00182672752608,0.000649817456315,0.000196971515244,1.7727436372e-05,0.000196971515244,0.267485840392,0.504713707833,0.21324154156
424,0.115523196059,0.125426186833,0.0234636688409,0.0143380967425,0.136609497976,0.0344617833659,0.0377100269035,0.0471747147252,0.00357894680759,0.15284459616,0.133126365636,0.17574291995,17,5,2,20,6.89653364133e-07,6.20688027719e-08,6.89653364133e-07,2.92529684017e-05,7.24358607888e-06,5.96012148626e-07,6.89653364133e-07,6.20688027719e-08,6.89653364133e-07,0.271324140389,0.512222062772,0.216413821521
425,0.042731436677,0.105833998586,0.0753903917228,0.272077262433,0.18899549216,0.033695437672,0.0746384233877,0.0256098396707,0.114357041045,0.00786195851361,0.0214938249753,0.0373148931567,17,5,2,20,0.00339766518181,0.000305789866363,0.00339766518181,0.0376904174132,0.0108950167479,0.0157236212018,0.00339766518181,0.000305789866363,0.00339766518181,0.250151720604,0.471941640473,0.1993953431
426,0.028286260069,0.0864127772582,0.0275660002735,0.273259133136,0.0577171269803,0.0462370625701,0.157376578098,0.0605582335515,0.119314676255,0.00754347541021,0.0326480898802,0.103080586518,17,5,2,20,0.000884103914804,7.95693523324e-05,0.000884103914804,0.0584113306284,0.00152020319475,0.00824715573462,0.000884103914804,7.95693523324e-05,0.000884103914804,0.251763556324,0.475474305627,0.200887894127
427,0.160531792237,0.00798345819274,0.165788972627,0.0882294113652,0.00730788052902,0.0051628684672,0.0378560979445,0.121342711454,0.201733678065,0.0113112615946,0.0438038111799,0.148948056344,17,5,2,20,0.000339355764021,3.05420187619e-05,0.000339355764021,0.00518059867375,0.00343968522791,0.00305193258826,0.000339355764021,3.05420187619e-05,0.000339355764021,0.267911132112,0.505446850126,0.213551294178
428,0.0744979241328,0.0106236058295,0.0809500773609,0.0244233601629,0.0958988776784,0.383287187594,0.0410109365932,0.0220216557837,0.0158846417013,0.0520592440544,0.0472033567149,0.152139132393,17,5,2,20,2.57991944911e-06,2.3219275042e-07,2.57991944911e-06,3.73296019898e-05,3.05623863812e-05,2.82435143281e-06,2.57991944911e-06,2.3219275042e-07,2.57991944911e-06,0.271178487124,0.512295263601,0.216444748871
429,0.00601304600361,0.114916786892,0.0642391356796,0.155237418903,0.0505327315878,0.127918870011,0.12059447715,0.0260847353534,0.0010333503059,0.12451885308,0.053289368899,0.155621226135,17,5,2,20,0.000232580666683,2.09322600014e-05,0.000232580666683,0.00555415872999,0.00155091356994,0.000842142143142,0.000232580666683,2.09322600014e-05,0.000232580666683,0.268934922767,0.507659525907,0.214486149696
430,0.136056108593,0.0305130245464,0.135623251073,0.103339136887,0.00164487266298,0.10214184012,0.0101430503908,0.114463037591,0.0928761512606,0.0535655384278,0.174374887525,0.0452591009232,17,5,2,20,0.000397533271602,3.57779944442e-05,0.000397533271602,0.0167799160706,0.00211882809159,0.00208406605068,0.000397533271602,3.57779944442e-05,0.000397533271602,0.265049482417,0.50074236787,0.211563650425
431,0.154131500013,0.149055363969,0.162243851229,0.0317051960574,0.10733282751,0.0468182181162,0.0417101238343,0.00847211556805,0.00749902711858,0.113642559298,0.0267420007251,0.150647216562,17,5,2,20,0.000128576654779,1.15718989301e-05,0.000128576654779,0.000845824928911,0.00135546359418,0.000348131941883,0.000128576654779,1.15718989301e-05,0.000128576654779,0.269768886143,0.511173457276,0.215970785699
432,0.192749013973,0.0262148061705,0.15147673622,0.0698319407066,0.18933271652,0.0303499160786,0.00332963265548,0.119710219508,0.0043667020151,0.042309731705,0.165598852313,0.00472973213374,17,5,2,20,3.61629395472e-06,3.25466455925e-07,3.61629395472e-06,5.16339701542e-05,1.14241872794e-05,7.92598809823e-06,3.61629395472e-06,3.25466455925e-07,3.61629395472e-06,0.271206863312,0.512272081851,0.216434954582
433,0.282831035618,0.056267980047,0.0736925882607,0.0289258764565,0.0308955074484,0.1920021353,0.00792813857114,0.168300697436,0.0172481700516,0.11623403068,0.00495783042723,0.0207160097034,17,5,2,20,9.01768583637e-07,8.11591725273e-08,9.01768583637e-07,4.3765803871e-05,4.17752337971e-06,1.46495871825e-06,9.01768583637e-07,8.11591725273e-08,9.01768583637e-07,0.271188388041,0.512308213905,0.216450220375
434,0.0426470516105,0.0250521019382,0.0416517923717,0.105997607228,0.154051776103,0.0229067384869,0.129699143007,0.182655975066,0.0156955356903,0.0129304794417,0.26610593874,0.000605860317619,17,5,2,20,8.50031917454e-05,7.65028725709e-06,8.50031917454e-05,0.000194768539946,0.00070272822191,8.12278705195e-05,8.50031917454e-05,7.65028725709e-06,8.50031917454e-05,0.270779887585,0.511694955671,0.216191118771
435,0.00373898454712,0.0710083838283,0.232447185022,0.00368473174957,0.0669982452088,0.114626992426,0.0405511939645,0.0577729736065,0.078796669139,0.155554868911,0.133732980874,0.0410867907241,17,5,2,20,4.9892301283e-05,4.49030711547e-06,4.9892301283e-05,0.000293077317085,0.000608359066954,0.000171693671452,4.9892301283e-05,4.49030711547e-06,4.9892301283e-05,0.271020142805,0.511562866306,0.216135311014
436,0.0592795616061,0.0913421811026,0.0475719871218,0.0751627574014,0.100343050196,0.00990550070793,0.0523350776061,0.0142260223993,0.0854721197448,0.333095453183,0.0698872801553,0.0613790087756,17,5,2,20,7.52645710948e-05,6.77381139853e-06,7.52645710948e-05,0.000688304988325,0.000172645501142,0.000149192294264,7.52645710948e-05,6.77381139853e-06,7.52645710948e-05,0.271103131781,0.511474249229,0.216097870299
437,0.05002103275,0.0215419446263,0.141411047589,0.121404426728,0.466763672498,0.0239758424528,0.0455719957019,0.0132254215459,0.0247798305768,0.0257330111408,0.0198025160784,0.0457692583118,17,5,2,20,0.000890279187033,8.0125126833e-05,0.000890279187033,0.0112826277834,0.0212638503979,0.00113986665292,0.000890279187033,8.0125126833e-05,0.000890279187033,0.261059357888,0.493169019526,0.20836391075
438,0.168657667617,0.0754594353222,0.101987111533,0.0674449118975,0.0750518656919,0.00103935722555,0.131794138164,0.000462783520821,0.167318421062,0.122565640264,0.037247745928,0.0509709217745,17,5,2,20,0.000437210420353,3.93489378318e-05,0.000437210420353,0.012713381051,0.00459162214723,0.00092250643244,0.000437210420353,3.93489378318e-05,0.000437210420353,0.265762238367,0.50206166077,0.212121051675
439,0.213624420397,0.00189827036524,0.0109498678943,0.00931349095832,0.0167648357393,0.0626240999097,0.165032712764,0.140483502753,0.010205238565,0.214253452675,0.00126819988675,0.153581908092,17,5,2,20,8.56246299142e-05,7.70621669228e-06,8.56246299142e-05,0.00299240876129,0.000281140718045,0.00144143407585,8.56246299142e-05,7.70621669228e-06,8.56246299142e-05,0.269681466093,0.509838762319,0.21540687708
440,0.28494605745,6.21550112866e-05,0.0249934296925,0.0169176738418,0.0973555814071,0.0409122566261,0.109218884195,0.0490742726067,0.0499234391213,0.265935235579,0.0506448774857,0.010016136984,17,5,2,20,8.1043923562e-05,7.29395312058e-06,8.1043923562e-05,0.000445003331629,0.00088160022759,0.000461252615925,8.1043923562e-05,7.29395312058e-06,8.1043923562e-05,0.270887503293,0.511062127896,0.215923749036
441,0.473721747287,0.00513218988874,0.0267139499305,0.0565151457772,0.0088463117837,0.0741879808761,0.160690118335,0.0121251395785,0.00123321133536,0.0674215770609,0.0523330897114,0.0610795384359,17,5,2,20,6.54884809149e-06,5.89396328234e-07,6.54884809149e-06,3.14471602229e-05,0.000147856483317,1.03873419292e-05,6.54884809149e-06,5.89396328234e-07,6.54884809149e-06,0.271396319183,0.51204682998,0.216339785666
442,0.257367142337,0.0978674900204,0.0311564792229,0.0833819157182,0.252140216884,0.0754204672442,0.0187300926929,0.0930295519945,0.06798445633,0.00764099385789,0.00122793511374,0.0140532585838,17,5,2,20,0.00223945283659,0.000201550755294,0.00223945283659,0.207311309111,0.0479987051999,0.0080169650645,0.00223945283659,0.000201550755294,0.00223945283659,0.196725575219,0.372995804956,0.157590727594
443,0.0291930284929,0.0193755892716,0.0249058040142,0.183022324015,0.0822105703511,0.186878545716,0.0798018397794,0.0236776882609,0.033728678624,0.115202728045,0.144176647066,0.0778265563636,17,5,2,20,0.000335832411345,3.02249170211e-05,0.000335832411345,0.00464281103626,0.000848513314324,0.00117008236626,0.000335832411345,3.02249170211e-05,0.000335832411345,0.268796876529,0.508357073655,0.214780863619
444,0.00343511008516,0.0871437361905,0.0361302994477,0.0654924119807,0.143823220785,0.0059733276468,0.104606718772,0.349744061765,0.0433379064697,0.0587204301908,0.061196308747,0.04039646792,17,5,2,20,0.000819787248393,7.37808523554e-05,0.000819787248393,0.0359585567916,0.00629924681933,0.00348096964529,0.000819787248393,7.37808523554e-05,0.000819787248393,0.257958475911,0.487083332256,0.205792707878
445,0.125538070735,0.0517508803943,0.0762591485373,0.0472843036895,0.190823874111,0.0764005099685,0.0204930282467,0.0288175130417,0.019736201433,0.181422949826,0.12911146059,0.0523620594277,17,5,2,20,9.57059248466e-07,8.61353323619e-08,9.57059248466e-07,9.64186674739e-05,1.82688917389e-05,6.82789235257e-06,9.57059248466e-07,8.61353323619e-08,9.57059248466e-07,0.270810193019,0.512523227432,0.21654106359
446,0.0829287050716,0.174771044364,0.0270751553317,0.00181046545084,0.0456650686818,0.0854305599457,0.144479364068,0.0905010121121,0.0938020906416,0.150417588509,0.101124253667,0.00199469215664,17,5,2,20,0.000183554333918,1.65198900526e-05,0.000183554333918,0.00111832664688,0.0014947196899,0.000277119845542,0.000183554333918,1.65198900526e-05,0.000183554333918,0.270245444629,0.510437351194,0.215659780879
447,0.0481216449,0.0705992143918,0.0951486313199,0.0405826575239,0.0233217318545,0.252367132088,0.0350055023372,0.0116933487458,0.0695902188549,0.24183267497,0.0259568041442,0.0857804388699,17,5,2,20,0.000101433924174,9.12905317564e-06,0.000101433924174,0.000631047640594,0.0007796472551,0.000460608579224,0.000101433924174,9.12905317564e-06,0.000101433924174,0.270841712736,0.510975739884,0.215887250101
448,0.075528671263,0.116095127321,0.112485527891,0.0839859157188,0.133134653351,0.183460928334,0.0243404968123,0.0380193900911,0.0534194628217,0.00362220915968,0.0226290131145,0.153278604123,17,5,2,20,0.00107669764698,9.69027882285e-05,0.00107669764698,0.0379603972199,0.00528724797636,0.0048782334002,0.00107669764698,9.69027882285e-05,0.00107669764698,0.25707882019,0.485268685448,0.205026019602
449,0.0545287920002,0.118584668655,0.18228590932,0.028038071985,0.0165822940767,0.296492847439,0.0351870226045,0.0986975134893,0.0665538212156,0.00304919248755,0.0280972762797,0.0719025904477,17,5,2,20,0.00109688055774,9.87192501968e-05,0.00109688055774,0.0497769945313,0.0165147633343,0.00252667084592,0.00109688055774,9.87192501968e-05,0.00109688055774,0.250840010181,0.475048576715,0.200708023662
450,0.0828964936273,0.190054806134,0.0845604661236,0.00688445654012,0.0635074247348,0.00784106568928,0.0290856524965,0.218404664058,0.0494942177837,0.00671762651264,0.192968051297,0.0675850750022,17,5,2,20,0.000272461488367,2.4521533953e-05,0.000272461488367,0.00586249013643,0.00326174475962,0.000259488081978,0.000272461488367,2.4521533953e-05,0.000272461488367,0.268369834755,0.506929738661,0.214177814584
451,0.0280572310842,0.0808387055828,0.058607397011,0.059839928506,0.131526385434,0.0545150636021,0.0486496823227,0.0646538533691,0.387822336076,0.0625705374853,0.0101470791564,0.0127718003708,17,5,2,20,0.00209549630577,0.00018859466752,0.00209549630577,0.0109762781652,0.00880791539178,0.00471290455082,0.00209549630577,0.00018859466752,0.00209549630577,0.262435923955,0.49511972118,0.209188082199
452,0.0488549225787,0.119419059872,0.0195603947796,0.143333902834,0.0061320370489,0.00889459808857,0.248047593722,0.132886313387,0.104437220571,0.0227311582545,0.0961932885182,0.0495095103454,17,5,2,20,0.000243775045598,2.19397541038e-05,0.000243775045598,0.000504862032799,0.00263740156246,0.000158168394181,0.000243775045598,2.19397541038e-05,0.000243775045598,0.27003787589,0.510117899775,0.215524812655
453,0.0271621501554,0.048486764029,0.0570270059484,0.274122094203,0.0363194990916,0.00309136852879,0.0157587775596,0.0608806176048,0.216806875257,0.0418094972959,0.0973536529653,0.121181697361,17,5,2,20,1.66791761858e-06,1.50112585672e-07,1.66791761858e-06,1.05072576787e-05,6.77411060792e-06,5.2313992523e-06,1.66791761858e-06,1.50112585672e-07,1.66791761858e-06,0.271454703943,0.512137653001,0.216378158393
454,0.0207529332333,0.105980127257,0.0326198088959,0.34539578022,0.0445163585381,0.0496449440328,0.0626969878935,0.0510990933857,0.0423136923154,0.0810240008079,0.127931661184,0.0360246122363,17,5,2,20,2.399928922e-06,2.1599360298e-07,2.399928922e-06,1.98202301293e-05,5.62340443823e-06,2.07651438255e-06,2.399928922e-06,2.1599360298e-07,2.399928922e-06,0.271355302229,0.512201860049,0.216405285871
455,0.0403448480678,0.00253578506978,0.0673184286901,0.209833063972,0.0566380263947,0.129092973113,0.0987102105247,0.0571579610505,0.0880575188372,0.0466039557095,0.155393380991,0.0483138475798,17,5,2,20,9.987070264e-05,8.9883632376e-06,9.987070264e-05,0.000150659931181,0.000344025490525,0.000551239826396,9.987070264e-05,8.9883632376e-06,9.987070264e-05,0.271067548251,0.511401804544,0.21606726242
456,0.290578113025,0.0693274931481,0.11025973044,0.0414033937114,0.0207605672265,0.0593537982313,0.0630734734441,0.111258813637,0.0490890867926,0.00766843337831,0.167686057595,0.00954103936964,17,5,2,20,0.000340967148866,3.06870433979e-05,0.000340967148866,0.00343778057159,0.00451639007175,0.00146229040571,0.000340967148866,3.06870433979e-05,0.000340967148866,0.268296749965,0.506756798807,0.214104747496
457,0.0181297158369,0.192777392411,0.139436968744,0.168757585639,0.0591300499612,0.00890142589052,0.00527530371884,0.0744073037794,0.0136120475927,0.0528427811528,0.0765217499799,0.190207675295,17,5,2,20,1.36264124537e-06,1.22637712083e-07,1.36264124537e-06,1.45720719821e-05,6.01502898044e-06,1.44977080196e-06,1.36264124537e-06,1.22637712083e-07,1.36264124537e-06,0.271456086254,0.512137912853,0.21637826818
458,0.0366367638142,0.228247433926,0.0456538385479,0.303320250196,0.027981777648,0.00252703468278,0.0172239704782,0.183132103504,0.0406213680187,0.0484112745396,0.050378402738,0.0158657819058,17,5,2,20,0.000927136517452,8.34422865706e-05,0.000927136517452,0.00722727769719,0.00158272237608,0.00822312861951,0.000927136517452,8.34422865706e-05,0.000927136517452,0.265788863811,0.501442936277,0.211859640577
459,0.00180138351398,0.0617567192945,0.0513538408682,0.0365458849935,0.174819272909,0.00405572402223,0.12524046653,0.049368085794,0.13061869881,0.0615368155713,0.206650091111,0.0962530165831,17,5,2,20,0.000256398349873,2.30758514885e-05,0.000256398349873,0.0046426642373,0.000938968976134,0.00132573937525,0.000256398349873,2.30758514885e-05,0.000256398349873,0.268977872179,0.50829034104,0.214752669089
460,0.0289232184679,0.100605940029,0.0343846273634,0.0956850534797,0.136858379813,0.0250294182963,0.0666784155299,0.187688796923,0.203627274311,0.0608378566643,0.047506552286,0.0121744668373,17,5,2,20,5.85704804215e-05,5.27134323794e-06,5.85704804215e-05,0.00176700820662,0.000111574225941,0.00133615856823,5.85704804215e-05,5.27134323794e-06,5.85704804215e-05,0.269896501274,0.510821745601,0.215822187516
461,0.287210683139,0.00523997553057,0.058327825599,0.0227993790993,0.0489151015619,0.0761898485655,0.149697301607,0.000993198434637,0.204813218225,0.036605291516,0.031492299424,0.0777158772982,17,5,2,20,0.000505294851228,4.54765366105e-05,0.000505294851228,0.0262744551728,0.0136019326005,0.00169263387591,0.000505294851228,4.54765366105e-05,0.000505294851228,0.259545692204,0.489822955128,0.206950198541
462,0.0252446283373,0.00949826658634,0.0299343804617,0.172296878931,0.194607021748,0.124943851839,0.0211677635161,0.0508396809021,0.00567445709363,0.217351609185,0.0595220193975,0.0889194420015,17,5,2,20,0.000268704793749,2.41834314375e-05,0.000268704793749,0.00776107429959,0.00165027744996,0.000459748446345,0.000268704793749,2.41834314375e-05,0.000268704793749,0.268230308629,0.506696242627,0.21407916251
463,0.0199770179656,0.0399057537433,0.0164596509938,0.0417736915394,0.078404669715,0.0288013305239,0.0553666287924,0.369318128702,0.195009698726,0.0577593495797,0.0439067846963,0.053317295022,17,5,2,20,0.000532265692692,4.79039123423e-05,0.000532265692692,0.00187539038551,0.00149296680037,0.00245104957887,0.000532265692692,4.79039123423e-05,0.000532265692692,0.269055564563,0.508189917804,0.214710240272
464,0.140899772885,0.0218249338289,0.0198669984253,0.0194191046915,0.137175002376,0.0372857593809,0.0654809213851,0.00679049711027,0.238098195079,0.11778463318,0.134589019663,0.0607851619957,17,5,2,20,0.000110798937874,9.97190440863e-06,0.000110798937874,0.000885597771282,0.000258008112318,0.000767864114997,0.000110798937874,9.97190440863e-06,0.000110798937874,0.270818073857,0.510936602168,0.215870714416
465,0.00498965803538,0.0523252378508,0.00273606874414,0.210335423418,0.104148566015,0.00316186998853,0.0369705664883,0.0954694939366,0.215081939865,0.0568397208269,0.0861346555124,0.131806799319,17,5,2,20,0.000197184258136,1.77465832322e-05,0.000197184258136,0.000935712676011,0.000811197049171,0.00023161966888,0.000197184258136,1.77465832322e-05,0.000197184258136,0.270703954145,0.510715842715,0.215777443547
466,0.0566820142845,0.0559880838171,0.252998109824,0.103413717233,0.211057018042,0.0982505117921,0.0479608169645,0.00677953975501,0.0671817123185,0.0267253964191,0.0436773719282,0.0292857076214,17,5,2,20,0.000584041378794,5.25637240915e-05,0.000584041378794,0.014994939502,0.0208754292278,0.000920361650522,0.000584041378794,5.25637240915e-05,0.000584041378794,0.260680699097,0.492152743451,0.207934534108
467,0.117856030864,0.12227416934,0.191077794571,0.0409425485435,0.00931644761079,0.048832897007,0.066682544915,0.0306624143229,0.0730542982823,0.190869883294,0.0128336870008,0.0955972842477,17,5,2,20,0.000130020891477,1.17018802329e-05,0.000130020891477,0.000527558813713,0.000382141140233,0.000169204708987,0.000130020891477,1.17018802329e-05,0.000130020891477,0.271024382886,0.511320369156,0.216032855968
468,0.109943759798,0.0945654225097,0.0120273595823,0.143723044848,0.111223643295,0.147712594779,0.0181713743012,0.215550845143,0.00823580107647,0.0457303686556,0.0717637128142,0.021352073197,17,5,2,20,0.00119819525633,0.00010783757307,0.00119819525633,0.0139794543952,0.00405462224612,0.0028828620037,0.00119819525633,0.00010783757307,0.00119819525633,0.264426963287,0.498873561966,0.210774079931
469,0.0917819434801,0.0511102464931,0.0372925618412,0.195584326389,0.0592265144894,0.0383451120088,0.233361833422,0.0206302621681,0.05715524357,0.186942183947,0.0273520017765,0.00121777041354,17,5,2,20,0.000192088152713,1.72879337442e-05,0.000192088152713,0.000975206650066,0.00274938106465,0.000152490628952,0.000192088152713,1.72879337442e-05,0.000192088152713,0.270098765448,0.509821601216,0.215399626514
470,0.0164733877098,0.126420450723,0.134212988322,0.0462514206655,0.137452887669,0.0592798343967,0.00886628540287,0.113050911467,0.046198620106,0.28384054452,0.0179308342211,0.0100218347974,17,5,2,20,0.000164913859539,1.48422473585e-05,0.000164913859539,0.00180092985891,0.00120384696374,0.000372115042189,0.000164913859539,1.48422473585e-05,0.000164913859539,0.270134549854,0.51022792151,0.215571296838
471,0.0461564166453,0.00704819950261,0.00239050615848,0.0669413208467,0.210433445414,0.0137701614232,0.00722191455899,0.146669336056,0.0733343609316,0.317719937282,0.107304449843,0.00100995133734,17,5,2,20,0.000190422831438,1.71380548294e-05,0.000190422831438,0.00571354331008,0.00145542470377,0.000353704453091,0.000190422831438,1.71380548294e-05,0.000190422831438,0.268497477778,0.508389372457,0.214794509863
472,0.205094187014,0.00716565708286,0.00188587280702,0.0427619202555,0.116935684234,0.00178272258702,0.0357212599239,0.309620222719,0.0745727894724,0.0926775020055,0.00915875589241,0.102623426007,17,5,2,20,1.35939977093e-05,1.22345979384e-06,1.35939977093e-05,6.88604243079e-05,0.00019927984478,2.76498127032e-05,1.35939977093e-05,1.22345979384e-06,1.35939977093e-05,0.27112762719,0.512140428694,0.216379331123
473,0.308563808378,0.052973920073,0.0271477468812,0.139408596344,0.0260590070686,0.0185767461463,0.00601301541665,0.130030591977,0.104622662683,0.0142960059425,0.167515440285,0.00479245880516,17,5,2,20,0.0002486457306,2.2378115754e-05,0.0002486457306,0.000475384663858,0.00139423481266,8.70052463008e-05,0.0002486457306,2.2378115754e-05,0.0002486457306,0.270651506729,0.510616892368,0.215735637026
474,0.112537256663,0.0134131460532,0.0694362067123,0.00106112319366,0.0549873295286,0.317654761791,0.0436332702792,0.0191440103169,0.00409438213274,0.00726876517237,0.0302283191301,0.326541429027,17,5,2,20,5.9892988757e-05,5.39036898813e-06,5.9892988757e-05,0.000202302465336,0.000171778420792,7.99016332481e-05,5.9892988757e-05,5.39036898813e-06,5.9892988757e-05,0.271177624594,0.511858024741,0.216260015453
475,0.0507057037778,0.0771790831351,0.00761307069372,0.0884378919147,0.133411231427,0.229775479538,0.0341607268171,0.124522151619,0.0575898201447,0.0468812573467,0.0145419234497,0.135181660136,17,5,2,20,0.000627320694744,5.6458862527e-05,0.000627320694744,0.0161025608747,0.003453035319,0.000896523494886,0.000627320694744,5.6458862527e-05,0.000627320694744,0.265147547488,0.500371270524,0.211406861796
476,0.103872658974,0.0357143590258,0.0151931763153,0.0225362068775,0.166496267627,0.0427388857149,0.0249368871257,0.00702267653851,0.0440372869589,0.253447510099,0.0779321838174,0.206071900927,17,5,2,20,4.99430396836e-05,4.49487357152e-06,4.99430396836e-05,0.000322831786206,0.000140080423569,0.000160217022733,4.99430396836e-05,4.49487357152e-06,4.99430396836e-05,0.271238976551,0.511725224823,0.216203907488
477,0.0489187139358,0.0060345563936,0.196081353616,0.100643653152,0.0170810113765,0.0612208308314,0.075562104062,0.200364915777,0.049533836765,0.0757509779775,0.148624110855,0.020183935259,17,5,2,20,0.000193123391893,1.73811052704e-05,0.000193123391893,0.00177655926684,0.00299347577298,0.000202637683908,0.000193123391893,1.73811052704e-05,0.000193123391893,0.269800268891,0.509258209214,0.215161593393
478,0.201792977527,0.0342831606957,0.0642270321648,0.0142401266541,0.0401870017096,0.0811349751237,0.0964527476277,0.200773021544,0.149940915509,0.00800075314451,0.0204207475251,0.0885465407745,17,5,2,20,0.001192274794,0.00010730473146,0.001192274794,0.00513422724752,0.00455080618002,0.00233038829923,0.001192274794,0.00010730473146,0.001192274794,0.266375917351,0.503778525331,0.212846426952
479,0.0245163204383,0.3356578806,0.0443739768364,0.038786643011,0.220712299931,0.0715575019306,0.000501324247037,0.0404839961918,0.0317587352493,0.0732238146461,0.00741083779588,0.111016669122,17,5,2,20,0.000583664178055,5.2529776025e-05,0.000583664178055,0.00970732648894,0.00569024061581,0.00161663973992,0.000583664178055,5.2529776025e-05,0.000583664178055,0.265710703077,0.502520473683,0.212314900131
480,0.00410340845665,0.00657454885414,0.25756578415,0.0606913631485,0.0553991195929,0.0580555383037,0.0506536149177,0.0558133617163,0.0152847956243,0.239894859164,0.0183546073012,0.177608998771,17,5,2,20,8.61663974601e-05,7.75497577141e-06,8.61663974601e-05,0.00135927694275,0.000586607215504,0.000118036093787,8.61663974601e-05,7.75497577141e-06,8.61663974601e-05,0.270707123339,0.510979810803,0.215888970064
481,0.320959794729,0.00145159722214,0.0553572427944,0.329829624637,0.00564663149718,0.0177262301226,0.00367064040034,0.10253290019,0.050383519435,0.0352785516874,0.0701794801496,0.00698378713524,17,5,2,20,0.000523436608333,4.71092947499e-05,0.000523436608333,0.000288639243498,0.00097806500385,0.000747616005083,0.000523436608333,4.71092947499e-05,0.000523436608333,0.270002346788,0.510225214718,0.215570153219
482,0.0554959898576,0.101686289303,0.0546052115964,0.0156648854447,0.0774854429661,0.0782830616201,0.295715720663,0.0176317458936,0.0593523321126,0.0750526741377,0.120359452262,0.0486671941434,17,5,2,20,3.65718258615e-07,3.29146432753e-08,3.65718258615e-07,2.96663843923e-05,1.1522880884e-06,7.8922372768e-07,3.65718258615e-07,3.29146432753e-08,3.65718258615e-07,0.271228446188,0.512294142154,0.21644427506
483,0.2147349964,0.00364587070262,0.0911188288956,0.0323668284319,0.162826268588,0.0309625888068,0.0223356277899,0.0820941548364,0.027734873171,0.119096946985,0.00930708726602,0.203775928127,17,5,2,20,0.000147789397503,1.33010457753e-05,0.000147789397503,0.000757909661094,0.000186107342122,0.000423003155148,0.000147789397503,1.33010457753e-05,0.000147789397503,0.270445627439,0.511472472914,0.216097119806
484,0.0176943535357,0.0335059573966,0.0301902496302,0.29192471995,0.0160145958332,0.0586020218857,0.00164504193387,0.0604066968292,0.0268584085777,0.0981297042922,0.223210623723,0.141817626413,17,5,2,20,0.00010386038175,9.34743435754e-06,0.00010386038175,0.000703154552132,0.000346561439284,0.000364814493076,0.00010386038175,9.34743435754e-06,0.00010386038175,0.27096295758,0.511204481926,0.215983893614
485,0.236687897326,0.0622349062916,0.0872731685721,0.0720844936958,0.219526344115,0.0408203656831,0.0202992328916,0.0140781374482,0.0493761798883,0.119559862457,0.0594498468661,0.0186095647646,17,5,2,20,0.000364123371133,3.2771103402e-05,0.000364123371133,0.0182776411898,0.00449644875526,0.00462697150418,0.000364123371133,3.2771103402e-05,0.000364123371133,0.263357088573,0.497518322873,0.210201491414
486,0.0148723317687,0.011108796598,0.0401756228897,0.162641962593,0.102176981853,0.177382286317,0.0376383267579,0.0394749914021,0.126975340615,0.0381971881116,0.224957551891,0.0243986192028,17,5,2,20,0.000281449909162,2.53304918246e-05,0.000281449909162,0.00624751666972,0.000692279319665,0.00352487580365,0.000281449909162,2.53304918246e-05,0.000281449909162,0.26820973002,0.50625598423,0.213893153337
487,0.00664039465974,0.0279923620515,0.0452075090977,0.0223819328648,0.0185741525307,0.00379116606334,0.333795676353,0.0308463021763,0.0232455395959,0.206429251822,0.128855248478,0.152240464307,17,5,2,20,3.84619938283e-06,3.46157944455e-07,3.84619938283e-06,7.5222096539e-05,4.6753871617e-05,2.81149334007e-05,3.84619938283e-06,3.46157944455e-07,3.84619938283e-06,0.270799036996,0.512502492084,0.216532302905
488,0.0570507162897,0.102526415041,0.302350367312,0.132617068216,0.112386347297,0.0197655629324,0.00232579815392,0.109484080677,0.0101570956847,0.00510340556993,0.117336417312,0.0288967255135,17,5,2,20,0.000628379374052,5.65541436647e-05,0.000628379374052,0.00485822378329,0.00595757546431,0.000753415742615,0.000628379374052,5.65541436647e-05,0.000628379374052,0.267611131396,0.50488086315,0.213312164681
489,0.0622607649779,0.273536575961,0.00932818423087,0.0561806230222,0.00329656461037,0.047592209804,0.121992700386,0.23210352851,0.0504335929564,0.0729817187616,0.0166875112548,0.0536060255246,17,5,2,20,1.61596429168e-05,1.45436786251e-06,1.61596429168e-05,8.21289832334e-05,0.000144926065645,4.21505235436e-05,1.61596429168e-05,1.45436786251e-06,1.61596429168e-05,0.27095350628,0.512273983016,0.216435757824
490,0.209960721916,0.00746889229466,0.0765292334117,0.0325901943184,0.0196138591052,0.116474394974,0.016947565759,0.263637463662,0.128682472887,0.024536481905,0.0317083434157,0.0718503763519,17,5,2,20,0.000733316298057,6.59984668251e-05,0.000733316298057,0.0031211287664,0.00663251160448,0.00107378492901,0.000733316298057,6.59984668251e-05,0.000733316298057,0.267470084165,0.505193130692,0.213444097717
491,0.0767389649885,0.0235171736893,0.0509671068893,0.166134228697,0.0339316191164,0.0219915886135,0.0631380573314,0.182898086859,0.117563537617,0.0578517929387,0.196586367263,0.00868147599704,17,5,2,20,0.000436754878292,3.93079390463e-05,0.000436754878292,0.0189169626802,0.00145893236197,0.0015672269739,0.000436754878292,3.93079390463e-05,0.000436754878292,0.264732670217,0.500174743322,0.211323829054
492,0.156277823973,0.0378764331773,0.0893854822403,0.0393552848022,0.0515746944453,0.2628192759,0.0745762922332,0.000601897287512,0.0310295012807,0.104170429871,0.0181867038355,0.134146180954,17,5,2,20,0.000205359741915,1.84823767723e-05,0.000205359741915,0.000791687891276,0.000513930895999,0.000456210452326,0.000205359741915,1.84823767723e-05,0.000205359741915,0.27075350444,0.510809323444,0.215816939155
493,0.0185744475196,0.00446447486738,0.0607714780371,0.0135552723837,0.00563322978289,0.311549944952,0.0292060143375,0.170982427267,0.0228295572933,0.146842558751,0.148404627172,0.0671859676363,17,5,2,20,9.28266561354e-05,8.35439905218e-06,9.28266561354e-05,0.00076092809425,0.0011079857947,0.00028800072535,9.28266561354e-05,8.35439905218e-06,9.28266561354e-05,0.27045151254,0.511074557064,0.215929000359
494,0.104468535098,0.0355215314355,0.0573458025376,0.175320155686,0.0323125721115,0.0161468526785,0.00899853793737,0.0288059949928,0.370728144811,0.047234100601,0.0156005902252,0.107517181887,17,5,2,20,0.000569657922208,5.12692129987e-05,0.000569657922208,0.00611493935096,0.00140491025185,0.0058695356131,0.000569657922208,5.12692129987e-05,0.000569657922208,0.266932206619,0.504251133954,0.213046104096
495,0.040593732725,0.0605275563116,0.00749038669828,0.0967181247526,0.267522943675,0.0728920741198,0.00633047401385,0.0638984304502,0.143513754219,0.0412566377749,0.158939311561,0.0403165736986,17,5,2,20,0.000295198880013,2.65678992012e-05,0.000295198880013,0.0157859312527,0.00363555292083,0.000382602645887,0.000295198880013,2.65678992012e-05,0.000295198880013,0.265606168484,0.501480360898,0.211875452479
496,0.0144118339711,0.0609083082755,0.00700715008086,0.04631032716,0.0419011420318,0.0823643881,0.281506856928,0.177893302387,0.0920982704557,0.0181908846152,0.125745951801,0.051661584194,17,5,2,20,0.000341152779621,3.07037501659e-05,0.000341152779621,0.00278732564135,0.00235173292917,0.00129780685778,0.000341152779621,3.07037501659e-05,0.000341152779621,0.269325069088,0.508127976706,0.214684070158
497,0.124478244733,0.112826813001,0.00710281631555,0.0677701178317,0.183573310979,0.129689858207,0.00387099298381,0.0345238006123,0.0624734696547,0.103585040153,0.169003624814,0.00110191071602,17,5,2,20,0.000181685555551,1.63516999996e-05,0.000181685555551,0.00212982332247,0.00179287807001,0.00116414225485,0.000181685555551,1.63516999996e-05,0.000181685555551,0.269877741628,0.50915709603,0.215118873073
498,0.118350549605,0.0037079992414,0.0664776002369,0.0975052218055,0.106036878157,0.103835811536,0.0273052957417,0.194662803662,0.00790318392873,0.0250956223793,0.0409689468863,0.20815008682,17,5,2,20,0.000304617033053,2.74155329748e-05,0.000304617033053,0.00827848674383,0.00194069520794,0.0011875454901,0.000304617033053,2.74155329748e-05,0.000304617033053,0.267781914846,0.505826403173,0.213711655341
499,0.295815832266,0.0635602882542,0.0023795109045,0.0130454621581,0.00866183779658,0.0583379781978,0.190769021856,0.104156017342,0.170116927104,0.0135062555316,0.0206402743541,0.0590105942341,17,5,2,20,0.00196632561464,0.000176969305318,0.00196632561464,0.0205234474031,0.0094975653624,0.0101786432102,0.00196632561464,0.000176969305318,0.00196632561464,0.257653816029,0.487822345818,0.206104941108
500,0.0959056457268,0.0171123114494,0.0610744553526,0.0523153314552,0.20854004009,0.0451932050872,0.0283788407411,0.178130539347,0.0674826646724,0.119618570879,0.116607118436,0.00964127676365,17,5,2,20,0.000124481921418,1.12033729276e-05,0.000124481921418,0.00101801494589,0.00274787564214,0.000106044908189,0.000124481921418,1.12033729276e-05,0.000124481921418,0.270176851443,0.509968983219,0.21546189541
501,0.00820659181277,0.0384428744279,0.107164896128,0.0903031295991,0.162179060035,0.0065817106419,0.0216368286995,0.0441077619716,0.0567313632859,0.219973187453,0.0219855182412,0.222687077704,17,5,2,20,8.46128945513e-05,7.61516050962e-06,8.46128945513e-05,0.00324730930196,0.000495334022221,0.000876908075591,8.46128945513e-05,7.61516050962e-06,8.46128945513e-05,0.270009567872,0.509678171408,0.21533902742
502,0.0905500932458,0.2246289196,0.0385069174484,0.00312247600888,0.0465932942492,0.13833618625,0.0536122528714,0.0670909306921,0.0542346650051,0.222746451175,0.0563202166365,0.00425759681762,17,5,2,20,0.000128433701561,1.15590331405e-05,0.000128433701561,0.00456236961286,0.00502858967367,0.000371983626973,0.000128433701561,1.15590331405e-05,0.000128433701561,0.268614476227,0.506773798234,0.214111929754
503,0.019239993075,0.0471395054862,0.0288416401555,0.0730734224866,0.240254625613,0.0723329523686,0.264012520423,0.01915694208,0.1674623528,0.0206942107265,0.0321091194462,0.0156827153398,17,5,2,20,0.00252643590495,0.000227379231446,0.00252643590495,0.0039182022111,0.010218586958,0.00272113129341,0.00252643590495,0.000227379231446,0.00252643590495,0.263928464362,0.498174420452,0.210478692641
504,0.00497981220577,0.154948138155,0.00738920829963,0.0809956623534,0.0932233270956,0.0649421527865,0.0874797694357,0.199388248313,0.09324777536,0.0015234802602,0.0853926144352,0.1264898113,17,5,2,20,0.000429155521237,3.86239969113e-05,0.000429155521237,0.0150092459939,0.00406864258316,0.00298125628647,0.000429155521237,3.86239969113e-05,0.000429155521237,0.264989536664,0.499934937359,0.211222511034
505,0.0134485678391,0.0261934441148,0.0166193831481,0.17714369325,0.140341900489,0.0668818017026,0.0327047843176,0.0182526718578,0.0889185721169,0.264178142356,0.0340331941775,0.121283844631,17,5,2,20,0.000229793040854,2.06813736768e-05,0.000229793040854,0.00755681953083,0.0010553639629,0.000851777888451,0.000229793040854,2.06813736768e-05,0.000229793040854,0.268611630835,0.506828733126,0.214135139746
506,0.191232426881,0.144896355607,0.0377151477069,0.058421206624,0.180807540299,0.145604503907,0.080777335595,0.0203276488253,0.0508609395149,0.0286750509481,0.0210067778639,0.0396750662277,17,5,2,20,0.00135683846334,0.0001221154617,0.00135683846334,0.00182342342219,0.00347552618534,0.00172589615003,0.00135683846334,0.0001221154617,0.00135683846334,0.267699035264,0.505873134764,0.213731399438
507,0.100100811726,0.0323062464283,0.0860942986125,0.0210059862047,0.0551425501178,0.02646362215,0.13259574019,0.0641409527523,0.243084883003,0.229001800581,0.00816550953234,0.0018975987024,17,5,2,20,0.000217677012868,1.95909311581e-05,0.000217677012868,0.00243689766259,0.00128790162075,0.000147594245062,0.000217677012868,1.95909311581e-05,0.000217677012868,0.270162072687,0.5097051978,0.215350446071
508,0.140947394422,0.182547419191,0.229138139534,0.00524616752105,0.229534867825,0.0626175916838,0.00905048338438,0.00363110773569,0.0571275680687,0.00714121443492,0.0134149596261,0.0596030865731,17,5,2,20,0.00154871426853,0.000139384284168,0.00154871426853,0.016247108063,0.0133615647531,0.0116414581401,0.00154871426853,0.000139384284168,0.00154871426853,0.257934693956,0.488113567272,0.206227982173
509,0.114021987331,0.114064089705,0.0110070957991,0.0706523450407,0.00679681090597,0.0366720577721,0.044861182242,0.303961566672,0.0944285920275,0.0256537142774,0.0107934381022,0.167087120125,17,5,2,20,0.000223416416806,2.01074775126e-05,0.000223416416806,0.00131674749918,0.00146527103229,0.00174946806936,0.000223416416806,2.01074775126e-05,0.000223416416806,0.269659148107,0.509578548099,0.215296936572
510,0.0164025895939,0.0652349637337,0.010174545377,0.0599221761486,0.304401054756,0.00395116307992,0.115932143407,0.0251385459849,0.0261816582537,0.0499973019035,0.31392655068,0.00873730708091,17,5,2,20,7.39784609132e-05,6.65806148219e-06,7.39784609132e-05,0.000349572279742,0.000544531540547,0.000210632692319,7.39784609132e-05,6.65806148219e-06,7.39784609132e-05,0.271080209231,0.511427644492,0.216078179798
511,0.0924098255706,0.0225153126715,0.0304059906436,0.136309535211,0.0911232190144,0.0430973612571,0.021573670464,0.212165165801,0.12108285978,0.0116525408909,0.200733404933,0.0169311137638,17,5,2,20,6.03411847285e-06,5.43070662556e-07,6.03411847285e-06,1.52533668436e-05,4.34809786124e-05,3.35672990373e-05,6.03411847285e-06,5.43070662556e-07,6.03411847285e-06,0.271428568663,0.512094135028,0.216359772049
512,0.0491328249005,0.0566632211479,0.0313300302247,0.047509145349,0.0792987788743,0.0777471524046,0.134531142248,0.191197803537,0.0138136092655,0.0745877945379,0.226175286417,0.0180132110942,17,5,2,20,0.000304106934144,2.7369624073e-05,0.000304106934144,0.00542899142351,0.00164888376736,0.000596500126916,0.000304106934144,2.7369624073e-05,0.000304106934144,0.269036400059,0.507569812048,0.21444824559
513,0.0590486519585,0.0271111860082,0.0404311992922,0.0243366822644,0.150297627653,0.0853887117446,0.102237473071,0.0356397007042,0.115037653787,0.129229667781,0.0789776298026,0.152263815933,17,5,2,20,7.86532250458e-05,7.07879025412e-06,7.86532250458e-05,0.000298577691394,0.000291589054384,0.000135796757827,7.86532250458e-05,7.07879025412e-06,7.86532250458e-05,0.271082782737,0.511678371373,0.216184111905
514,0.12560851201,0.012111572734,0.233106036661,0.0714204911812,0.0478263427195,0.118703096357,0.0266178126498,0.0235645642091,0.166051975303,0.0837043324568,0.00692506358905,0.0843602001293,17,5,2,20,0.000412736376188,3.71462738569e-05,0.000412736376188,0.00237615569953,0.00214438290419,0.00113464090355,0.000412736376188,3.71462738569e-05,0.000412736376188,0.26946127977,0.508371390278,0.214786912392
515,0.0383315511163,0.0538403413003,0.0509655727586,0.0791295480862,0.0234583851373,0.455320776795,0.0697857588603,0.109186258316,0.0510933158777,0.0335049076966,0.00886451824974,0.0265190658061,17,5,2,20,0.00174036024465,0.000156632422018,0.00174036024465,0.0703668638425,0.0172230057793,0.00605753026376,0.00174036024465,0.000156632422018,0.00174036024465,0.243652795616,0.460755781143,0.194669317533
516,0.00604219409849,0.0500813980755,0.0975253659973,0.0685096733196,0.0360113488238,0.07347294165,0.106647179857,0.124883622274,0.271645394614,0.14425483444,0.0198256871284,0.00110035972209,17,5,2,20,0.000783942924564,7.05548632108e-05,0.000783942924564,0.0291795843872,0.00592493576175,0.00327908657064,0.000783942924564,7.05548632108e-05,0.000783942924564,0.259979476365,0.490938513526,0.207421521965
517,0.241233534348,0.130477707829,0.00561602337236,0.0543931191872,0.120175861637,0.0218197942542,0.00609249125811,0.0677592699147,0.0782096750491,0.103724240569,0.0416488016632,0.128849480918,17,5,2,20,0.000207238565965,1.86514709368e-05,0.000207238565965,0.00155357262892,0.000255660120721,0.00187761889297,0.000207238565965,1.86514709368e-05,0.000207238565965,0.270228795559,0.509819399362,0.21539869623
518,0.148462475329,0.0149102909905,0.0999193108075,0.211285464299,0.137126152943,0.140945163324,0.104315464558,0.0142772359634,0.00466960456018,0.0494848171095,0.0345337541594,0.0400702659565,17,5,2,20,0.000442133941333,3.979205472e-05,0.000442133941333,0.00354745904331,0.00982394197636,0.0021974442021,0.000442133941333,3.979205472e-05,0.000442133941333,0.266642402561,0.503297456831,0.212643175511
519,0.0558996790148,0.0124921709445,0.00760175330712,0.0659080094282,0.0703936257796,0.0439616757113,0.149568750602,0.0964299545653,0.0925407152685,0.0794453173072,0.169253429935,0.156504918137,17,5,2,20,0.000104141458789,9.37273129097e-06,0.000104141458789,0.00176480437893,0.000315588482217,0.000536434474471,0.000104141458789,9.37273129097e-06,0.000104141458789,0.270535739128,0.510658785405,0.215753336834
520,0.0132551879744,0.121263666127,0.188366238099,0.0466892529662,0.160230203369,0.013140396504,0.0624712921092,0.0268821996138,0.00818949049637,0.107960102054,0.150397097474,0.101154873212,17,5,2,20,5.02905192042e-05,4.52614672838e-06,5.02905192042e-05,0.000183647874424,0.000775054280673,4.94531580319e-05,5.02905192042e-05,4.52614672838e-06,5.02905192042e-05,0.271038131527,0.511594726741,0.216148772048
521,0.0114922427458,0.0266478741719,0.0127198063904,0.0609383946589,0.047381043913,0.104794301324,0.283298487052,0.106064673811,0.121623450439,0.0627617757283,0.0580383664658,0.1042395833,17,5,2,20,0.000411166510696,3.70049859627e-05,0.000411166510696,0.00721797351665,0.00251685383655,0.000519334015151,0.000411166510696,3.70049859627e-05,0.000411166510696,0.267968562443,0.506192337556,0.213866262618
522,0.0173812640812,0.00283164483652,0.0582011167189,0.264284569967,0.0276283805995,0.0231537696438,0.409082940387,0.0493698571804,0.043871716397,0.00345333996173,0.0938731189133,0.00686828131409,17,5,2,20,0.000900774357962,8.10696922165e-05,0.000900774357962,0.00212939084666,0.00530832392625,0.000538418450317,0.000900774357962,8.10696922165e-05,0.000900774357962,0.26818258404,0.506204601701,0.213871444219
523,0.120905161418,0.0638786959485,0.0952111658688,0.00266217834826,0.149999110538,0.205153587849,0.00978058674947,0.0386613448218,0.0604482277021,0.142177242737,0.051293514079,0.0598291839415,17,5,2,20,0.000299577821903,2.69620039712e-05,0.000299577821903,0.0339597983776,0.00170799180133,0.00139620936691,0.000299577821903,2.69620039712e-05,0.000299577821903,0.26073085405,0.492761273187,0.208191637922
524,0.177400171009,0.0761621777802,0.102271521668,0.0471836100074,0.0594032516743,0.120950435124,0.0934108782872,0.0318897238307,0.094771745886,0.0362847740098,0.0480477282801,0.112223982444,17,5,2,20,0.000813760192504,7.32384173253e-05,0.000813760192504,0.0168115645765,0.00330963684362,0.00407115734377,0.000813760192504,7.32384173253e-05,0.000813760192504,0.263974025246,0.498019049831,0.210413048554
525,0.0395148041619,0.164210885628,0.0483046445565,0.0751320897754,0.031545331952,0.00629910307043,0.0586045598646,0.0172496860748,0.00538549546137,0.162028826413,0.308595856715,0.083128716327,17,5,2,20,7.37614929718e-05,6.63853436746e-06,7.37614929718e-05,0.000817203393596,0.000344794624395,0.000130921081875,7.37614929718e-05,6.63853436746e-06,7.37614929718e-05,0.271030124204,0.511331201164,0.216037432492
526,0.365778660056,0.0160869043856,0.037644711771,0.0914291642875,0.0501044114598,0.107876608696,0.138062811687,0.00487644023969,0.132829042969,0.038157416494,0.0155239804128,0.0016298475408,17,5,2,20,0.0041414902146,0.000372734119314,0.0041414902146,0.00386501946436,0.0214717857871,0.00506219614591,0.0041414902146,0.000372734119314,0.0041414902146,0.258421637497,0.487780620041,0.206087311967
527,0.00752996522411,0.0412426622623,0.0599885973472,0.0386545184352,0.261050529129,0.0182103901897,0.233525179968,0.00343995924483,0.101624773771,0.0630406776751,0.0521825504542,0.119510196299,17,5,2,20,0.000497358678118,4.47622810306e-05,0.000497358678118,0.0209165912539,0.0022865422743,0.00286371780479,0.000497358678118,4.47622810306e-05,0.000497358678118,0.263678208069,0.497839002688,0.210336978636
528,0.0451065672465,0.091479822229,0.0668755407285,0.0427311787774,0.149583244935,0.0265549905223,0.0269715429246,0.0423009226574,0.285790451576,0.131283960506,0.028060716908,0.0632610609891,17,5,2,20,0.000307478762879,2.76730886591e-05,0.000307478762879,0.001486489135,0.000936405733888,0.000697722207736,0.000307478762879,2.76730886591e-05,0.000307478762879,0.269666514139,0.510318177544,0.215609430012
529,0.0408958797344,0.0179937158679,0.0320879969668,0.0493770659378,0.245970913344,0.129926613267,0.00100688915252,0.0675156861319,0.109247407175,0.0651092884056,0.0366016042126,0.204266939805,17,5,2,20,0.000145479666911,1.3093170022e-05,0.000145479666911,0.000907957713037,0.000351075128412,0.000120585298874,0.000145479666911,1.3093170022e-05,0.000145479666911,0.270925208236,0.511133264405,0.215953804211
530,0.0307673084716,0.0103647401577,0.25401720888,0.0463453889229,0.101593509597,0.102806620476,0.0228650734442,0.0338137053123,0.0869757430953,0.115422919038,0.153950318181,0.0410774644228,17,5,2,20,6.66271716719e-06,5.99644545047e-07,6.66271716719e-06,7.31998608588e-05,6.15925181553e-05,1.35510074361e-05,6.66271716719e-06,5.99644545047e-07,6.66271716719e-06,0.271083637459,0.512295373636,0.216444795361
531,0.0510467031281,0.0131325217842,0.171494411344,0.0505478111889,0.211655385234,0.0129541293711,0.217485107855,0.0141335759137,0.0948900785038,0.0199158621615,0.0442127289625,0.098531684553,17,5,2,20,5.37261187811e-06,4.8353506903e-07,5.37261187811e-06,3.77563774883e-05,5.99839526625e-06,7.86911301822e-06,5.37261187811e-06,4.8353506903e-07,5.37261187811e-06,0.271209645186,0.512278575333,0.216437698078
532,0.0370877480038,0.00484789361914,0.0829491443428,0.147431130776,0.177538875133,0.134974334871,0.0319495933008,0.0143354242574,0.0500114686813,0.0540846763915,0.251527570032,0.0132621405912,17,5,2,20,0.00013202665551,1.18823989959e-05,0.00013202665551,0.00106025828939,0.00167837234753,0.000174170721172,0.00013202665551,1.18823989959e-05,0.00013202665551,0.270524262856,0.510376846655,0.215634217712
533,0.0841053415501,0.166852695551,0.0522338736906,0.0122604321742,0.0331369959966,0.0800921015295,0.0148220452528,0.135717568219,0.0948128870081,0.0280369347081,0.275089303904,0.0228398204167,17,5,2,20,0.00014703034277,1.32327308493e-05,0.00014703034277,0.00273652157408,0.000431081409352,0.00188200035001,0.00014703034277,1.32327308493e-05,0.00014703034277,0.269605534223,0.509476467916,0.215253807695
534,0.0959240049873,0.106257156988,0.024621224869,0.201987579093,0.0326339450309,0.0999267064757,0.00681210733432,0.00181910416371,0.0972910811722,0.0208615547119,0.199790949403,0.112074585771,17,5,2,20,0.000165806669556,1.49226002601e-05,0.000165806669556,0.00123403256585,0.000644315878312,0.000590072098225,0.000165806669556,1.49226002601e-05,0.000165806669556,0.270606570522,0.510532117439,0.215699819618
535,0.00795366573173,0.103672614749,0.0113988991916,0.00172978779505,0.0932557061949,0.15516840436,0.0406813900471,0.176991775918,0.1006641194,0.0180308444235,0.084389152821,0.206063639368,17,5,2,20,4.04747257434e-06,3.64272531691e-07,4.04747257434e-06,2.55821045405e-05,4.27809428992e-05,1.47203069878e-05,4.04747257434e-06,3.64272531691e-07,4.04747257434e-06,0.271335595744,0.512171811927,0.216392590539
536,0.0158413660054,0.109588861889,0.155637219556,0.168434929497,0.0723923926393,0.0416870270142,0.0784758817929,0.07529801283,0.012069149243,0.17258376973,0.00366917018801,0.0943222196147,17,5,2,20,0.000111911862666,1.00720676399e-05,0.000111911862666,0.000292732652005,0.000169885115835,0.00036010693161,0.000111911862666,1.00720676399e-05,0.000111911862666,0.271114475964,0.511490339368,0.216104668383
537,0.0931437208815,0.079497659278,0.0937942605644,0.0328281163152,0.0980686799915,0.021570468211,0.00455358072081,0.208170789895,0.0582061516354,0.0852416245664,0.151055354774,0.0738695931665,17,5,2,20,0.000129830911363,1.16847820227e-05,0.000129830911363,0.000702697607132,0.000627869976379,0.000484840588431,0.000129830911363,1.16847820227e-05,0.000129830911363,0.270824663569,0.510943574727,0.215873660322
538,0.0987277016877,0.0638708186631,0.0747283837976,0.0388793186193,0.150077235,0.210284643746,0.0433799447055,0.0046921191933,0.11517535357,0.0707175262847,0.0360049137337,0.0934620409998,17,5,2,20,0.000234911197831,2.11420078048e-05,0.000234911197831,0.000632752963098,0.000402240247336,0.000840867467629,0.000234911197831,2.11420078048e-05,0.000234911197831,0.270366089317,0.510914672195,0.215861449003
539,0.14716654017,0.0552053963314,0.0574029098026,0.123511380274,0.0442218869677,0.0667581917773,0.0636076720054,0.147305639679,0.00286847604982,0.0253550292296,0.113407603265,0.153189274448,17,5,2,20,0.000357371039389,3.2163393545e-05,0.000357371039389,0.00767123818079,0.00138012497942,0.00265299125349,0.000357371039389,3.2163393545e-05,0.000357371039389,0.267562847788,0.505616159475,0.213622827378
540,0.0111660891335,0.0187319179393,0.112418866561,0.196225688694,0.0678626598882,0.0470063044721,0.115508826156,0.0691888334913,0.150374557609,0.0288307515713,0.145795024805,0.036890479679,17,5,2,20,0.000128309178325,1.15478260493e-05,0.000128309178325,0.000161028180008,0.000930420658159,9.62396878469e-05,0.000128309178325,1.15478260493e-05,0.000128309178325,0.270996794701,0.511268319443,0.216010864965
541,0.0204317517021,0.0105718059722,0.0949580968065,0.0195646929002,0.239224740855,0.0386375856214,0.157954102639,0.183718909896,0.0106715762449,0.024339958625,0.0430887822133,0.156837996525,17,5,2,20,3.6164055145e-05,3.25476496305e-06,3.6164055145e-05,3.9127023837e-05,0.000750095930339,1.991824457e-05,3.6164055145e-05,3.25476496305e-06,3.6164055145e-05,0.27097703153,0.511819094215,0.216243567306
542,0.00831658195598,0.192815601878,0.0880992820243,0.0528094601224,0.00964945799213,0.0208384713047,0.0351674519498,0.0154016472035,0.140989876962,0.242411916226,0.075545079215,0.117955173166,17,5,2,20,0.000105459114397,9.49132029575e-06,0.000105459114397,0.00184771532065,0.000680929803874,0.000490669886766,0.000105459114397,9.49132029575e-06,0.000105459114397,0.270425188119,0.510449685604,0.215664992168
543,0.067137561153,0.188632419539,0.0205769630418,0.0355570878815,0.116175402406,0.229551639404,0.197142153376,0.0771422866836,0.00527193116772,0.000839393143085,0.0407016751166,0.0212714870877,17,5,2,20,0.00323937181191,0.000291543463072,0.00323937181191,0.00126137754783,0.0112710219634,0.0015464447733,0.00323937181191,0.000291543463072,0.00323937181191,0.263873708059,0.498071615805,0.210435257678
544,0.0568186035922,0.00406615885322,0.0947458167974,0.154465340805,0.0171481178518,0.00833397844762,0.0879371637701,0.111233087057,0.0389250510072,0.0160021688705,0.235864903937,0.174459609011,17,5,2,20,3.94935696272e-05,3.55442126645e-06,3.94935696272e-05,0.000116657871469,0.000240460649868,3.23141568286e-05,3.94935696272e-05,3.55442126645e-06,3.94935696272e-05,0.271218280856,0.511934765093,0.216292438252
545,0.139752180316,0.105971991815,0.0804195153214,0.055646197386,0.0839909699514,0.0289453956125,0.332313041361,0.0641036456389,0.0296598837498,0.0180674044668,0.0500078487251,0.0111219256554,17,5,2,20,0.00159315794956,0.000143384215461,0.00159315794956,0.0142580386664,0.0299728496774,0.00149056652021,0.00159315794956,0.000143384215461,0.00159315794956,0.256938711625,0.48553984765,0.205140585632
546,0.00194619371768,0.257844279849,0.000723266490444,0.135494976475,0.0953490386057,0.0557492670101,0.0300246446045,0.0676826997873,8.21121790877e-05,0.118701078384,0.149007087868,0.0873953550295,17,5,2,20,5.65684421549e-05,5.09115979394e-06,5.65684421549e-05,0.000366218940321,0.00121370596829,5.31126246661e-05,5.65684421549e-05,5.09115979394e-06,5.65684421549e-05,0.270957303739,0.511193815564,0.215979387076
547,0.138017154335,0.347747727023,0.0792078596573,0.0814924698917,0.0313728858746,0.00121863267335,0.125643811576,0.0357889236094,0.0320266607321,0.100231249946,0.0231702473417,0.00408237733962,17,5,2,20,0.00120201702427,0.000108181532185,0.00120201702427,0.0207521803875,0.0054062049878,0.00908494473512,0.00120201702427,0.000108181532185,0.00120201702427,0.260223346023,0.491746146014,0.207762746691
548,0.0728787331186,0.016797135485,0.028677796051,0.161178555819,0.0119518550984,0.0277778549013,0.0475884208115,0.0539373853043,0.385777299593,0.0551284631696,0.0622470096126,0.0760594910354,17,5,2,20,0.000536170704425,4.82553633983e-05,0.000536170704425,0.0230072866169,0.00157215932122,0.00696255598996,0.000536170704425,4.82553633983e-05,0.000536170704425,0.262016122688,0.495044416056,0.209156265784
549,0.136208554352,0.0345206262656,0.133342976819,0.0408696687345,0.0295332690249,0.100511641804,0.0915317943408,0.0270971058805,0.0249817378373,0.0314023098866,0.0364345207136,0.313565794341,17,5,2,20,3.47636695333e-05,3.128730258e-06,3.47636695333e-05,0.000317397165448,0.000980871834829,4.69157526513e-05,3.47636695333e-05,3.128730258e-06,3.47636695333e-05,0.271060188004,0.51138791923,0.216061395875
550,0.116561370571,0.0337535015911,0.131184671427,0.186693083526,0.176621450287,0.183913162105,0.101499372354,0.0161050045227,0.0178121255018,0.0234494078929,0.00820306843558,0.00420378178572,17,5,2,20,0.00250243563834,0.00022521920745,0.00250243563834,0.106992767356,0.0390752278138,0.00715549357585,0.00250243563834,0.00022521920745,0.00250243563834,0.22646815555,0.428715764314,0.181132410423
551,0.12387043654,0.0980904794121,0.020060197371,0.124852720832,0.0693307447254,0.0120083919121,0.0223383375408,0.0446490579645,0.114916621552,0.000137355717135,0.0415909843875,0.328154672046,17,5,2,20,0.000231396824918,2.08257142426e-05,0.000231396824918,0.0172792197756,0.00171827915665,0.000948887099048,0.000231396824918,2.08257142426e-05,0.000231396824918,0.265740096559,0.501473658124,0.211872620557
552,0.271307563201,0.0865066601571,0.000927094113337,0.0462983774036,0.0433924809878,0.0644152156307,0.103659389803,0.0478561689207,0.00239479682032,0.107298470797,0.203410386967,0.0225333951993,17,5,2,20,2.01261444801e-06,1.81135300321e-07,2.01261444801e-06,4.19213884615e-05,2.64770391246e-05,1.19246572985e-06,2.01261444801e-06,1.81135300321e-07,2.01261444801e-06,0.271179981635,0.512296671173,0.216445343571
553,0.139994286458,0.103923942076,0.159897684064,0.0359204713042,0.0475146531122,0.0190277012693,0.013455462459,0.0128780936353,0.110971883887,0.010541062512,0.344450809336,0.00142394988779,17,5,2,20,0.000142272238076,1.28045014268e-05,0.000142272238076,0.00331752917683,0.00216281178011,0.000626336580411,0.000142272238076,1.28045014268e-05,0.000142272238076,0.269645568793,0.508719195582,0.214933860133
554,0.0567172687242,0.060289088345,0.0687860243311,0.17325124989,0.00427297472213,0.0777856306884,0.0400773625985,0.245667024585,0.0271869872979,0.116849342768,0.00556705079402,0.123549995256,17,5,2,20,0.000440779153278,3.9670123795e-05,0.000440779153278,0.0206294729613,0.00365193338773,0.00188871700878,0.000440779153278,3.9670123795e-05,0.000440779153278,0.263722350496,0.497901630429,0.210363438856
555,0.0778141726891,0.0819228804774,0.0750726540775,0.0153817242235,0.0209395491405,0.238993671943,0.0719567814302,0.0136456309894,0.199588960048,0.112703042171,0.0306479770719,0.0613329557382,17,5,2,20,0.000262819195586,2.36537276028e-05,0.000262819195586,0.00546496201654,0.00630729414778,0.000450945242166,0.000262819195586,2.36537276028e-05,0.000262819195586,0.267848406242,0.505328511855,0.213501296259
556,0.0286137167395,0.0601352626626,0.02510259878,0.136096548314,0.0700355578513,0.0555946783008,0.147557229121,0.0253179219207,0.203242128662,0.0669727482042,0.17905488574,0.002276723703,17,5,2,20,9.27512906678e-07,8.3476161601e-08,9.27512906678e-07,2.00619123546e-05,7.95619674841e-06,2.91736810556e-07,9.27512906678e-07,8.3476161601e-08,9.27512906678e-07,0.271355961927,0.51220516782,0.216406683404
557,0.0427924231144,0.00289930677977,0.114847225201,0.161512823533,0.0754342877161,0.200378717991,0.00571041218424,0.184990998443,0.0232018568461,0.0669161328414,0.0997238804621,0.0215919348878,17,5,2,20,0.000193745829839,1.74371246855e-05,0.000193745829839,0.000320779601978,0.0018919891986,0.000388332200395,0.000193745829839,1.74371246855e-05,0.000193745829839,0.270538850353,0.510404352251,0.215645838826
558,0.109803682238,0.0680569487464,0.0285213112534,0.0532053107101,0.0395234131043,0.49002249956,0.00252268131758,0.13036081955,0.0144660126244,0.0142084523886,0.0400113799913,0.00929748851545,17,5,2,20,0.000882270913944,7.9404382255e-05,0.000882270913944,0.0194443527761,0.0485174207426,0.00315773105148,0.000882270913944,7.9404382255e-05,0.000882270913944,0.251157219965,0.473838582105,0.200196800939
559,0.117122690546,0.244414971578,0.0619109706298,0.0448318059165,0.0241098930905,0.0995564542315,0.0199721435493,0.146608504898,0.0957578588944,0.00104216283447,0.0519440533837,0.0927284904475,17,5,2,20,0.000736055919158,6.62450327242e-05,0.000736055919158,0.0543500852884,0.0092997253376,0.00559053213423,0.000736055919158,6.62450327242e-05,0.000736055919158,0.251625592127,0.475260000964,0.200797350407
560,0.0544809818967,0.0338775255761,0.0748693287956,0.0434370301179,0.209289818381,0.0721139572823,0.102862399875,0.151206320292,0.0478610122064,0.00973358260369,0.114248861513,0.0860191814604,17,5,2,20,0.000371283738579,3.34155364721e-05,0.000371283738579,0.0100920678098,0.00540608347158,0.000373104873279,0.000371283738579,3.34155364721e-05,0.000371283738579,0.266109646254,0.503667579307,0.212799552257
561,0.0574301025717,0.0885490783016,0.431913797818,0.0318043590847,0.0896774972236,0.0294956065694,0.0412397218524,0.0446456326156,0.0767906122879,0.0724220571548,0.019466270049,0.016565264471,17,5,2,20,0.00144069758581,0.000129662782723,0.00144069758581,0.0378903809586,0.0156941674985,0.00458670047644,0.00144069758581,0.000129662782723,0.00144069758581,0.253970408404,0.479322479265,0.202513747489
562,0.0254496246627,0.00867506333665,0.141379532577,0.239669004149,0.0120841962445,0.00170987510433,0.291378187438,0.0208983675276,0.0759368718343,0.0523402975858,0.0158850489426,0.114593930597,17,5,2,20,0.000152602132899,1.37341919609e-05,0.000152602132899,0.000890932243559,0.00584735294715,0.000304799305547,0.000152602132899,1.37341919609e-05,0.000152602132899,0.268901543766,0.508553599172,0.21486389565
563,0.201888717412,0.077500427653,0.074546341694,0.0912925142466,0.022377802798,0.222944834604,0.0156825015426,0.0187234410411,0.0573117132343,0.122222553112,0.0491901368907,0.0463190157714,17,5,2,20,0.000287858738009,2.59072864208e-05,0.000287858738009,0.00161241933617,0.00137048392518,0.00100862509693,0.000287858738009,2.59072864208e-05,0.000287858738009,0.269732959497,0.509716880576,0.215355382044
564,0.0464120771114,0.160100653753,0.00153770366002,0.0628695237077,0.0297064826447,0.0676106854912,0.0553268374955,0.204728919744,0.211420416316,0.0917343262007,0.0570893560987,0.0114630177768,17,5,2,20,0.000579472004099,5.21524803689e-05,0.000579472004099,0.00964925250114,0.00552246291759,0.000823477023499,0.000579472004099,5.21524803689e-05,0.000579472004099,0.266210342929,0.502897906258,0.212474365394
565,0.00751107162142,0.103235484705,0.113523211562,0.0641442348365,0.0797799864751,0.00585070858236,0.168938611823,0.0407957518975,0.00664729737009,0.154892606786,0.187588440417,0.0670925939248,17,5,2,20,0.000113058152536,1.01752337283e-05,0.000113058152536,0.00407142610947,0.00142102340022,0.000742382390621,0.000113058152536,1.01752337283e-05,0.000113058152536,0.269537767581,0.508790732823,0.214964084618
566,0.0712011978328,0.0407881707117,0.0521533401533,0.0194051239842,0.0089056526277,0.597635886317,0.0154602883387,0.0116050394373,0.0288785901209,0.0731875499018,0.0259034226872,0.0548757378877,17,5,2,20,0.000443631169501,3.99268052551e-05,0.000443631169501,0.00144285344076,0.00313063574417,0.000390856373721,0.000443631169501,3.99268052551e-05,0.000443631169501,0.269518586818,0.508725967898,0.214936721437
567,0.0684512467827,0.0881458412587,0.0933460811454,0.0159361010329,0.120368677604,0.193068876663,0.0237952613083,0.107574673635,0.175572403554,0.0937637438515,0.0177274754408,0.0022496177228,17,5,2,20,2.10507609119e-06,1.89456848207e-07,2.10507609119e-06,2.45095605396e-05,1.17160920056e-05,1.1881921938e-05,2.10507609119e-06,1.89456848207e-07,2.10507609119e-06,0.271443856893,0.512126000924,0.21637323539
568,0.0517757675233,0.0601554693472,0.165336327137,0.0061053747853,0.110783651184,0.0790114892892,0.0389570935336,0.131893567572,0.216161142631,0.0243011493803,0.0422923524917,0.0732266151256,17,5,2,20,2.24747325014e-06,2.02272592513e-07,2.24747325014e-06,1.16055622881e-05,1.29429451503e-05,5.08850399886e-06,2.24747325014e-06,2.02272592513e-07,2.24747325014e-06,0.271453308881,0.512131922439,0.21637573723
569,0.076418460172,0.0180807038697,0.00524142365345,0.0486275746323,0.0417939825963,0.0499073109832,0.138219999846,0.0361724972761,0.118164452449,0.0370029908411,0.380525386971,0.0498452167094,17,5,2,20,1.95427308006e-05,1.75884577205e-06,1.95427308006e-05,3.8858888915e-05,0.000223700781774,1.40983098198e-05,1.95427308006e-05,1.75884577205e-06,1.95427308006e-05,0.271366709232,0.511968326308,0.216306617865
570,0.0370516347579,0.0625048691105,0.0727488922341,0.0144876846477,0.0210903329149,0.132935004587,0.172784205251,0.134887140302,0.105783721839,0.0984119808548,0.131886751121,0.015427782381,17,5,2,20,0.000121238065698,1.09114259128e-05,0.000121238065698,0.000219369928801,0.000562341514087,0.000183233308696,0.000121238065698,1.09114259128e-05,0.000121238065698,0.271065266504,0.511397549125,0.216065464505
571,0.0408276593332,0.031806204906,0.079820193543,0.251726174004,7.68376101678e-05,0.0228603197755,0.0423784074461,0.0460628170372,0.0751160306592,0.0980327594406,0.0514689210883,0.259823675156,17,5,2,20,0.00011710357467,1.05393217203e-05,0.00011710357467,0.00255784939004,0.0016209817762,0.000739931796459,0.00011710357467,1.05393217203e-05,0.00011710357467,0.269996652437,0.50938143526,0.215213656398
572,0.0609062399518,0.150247799537,0.0199068668537,0.0181359140846,0.0125605746845,0.0677534809813,0.119570817393,0.0518849933567,0.126854244844,0.118140473018,0.0158347127595,0.238203882536,17,5,2,20,0.000120637253353,1.08573528018e-05,0.000120637253353,0.00132372140542,0.000361968177492,0.000705651513138,0.000120637253353,1.08573528018e-05,0.000120637253353,0.270678749744,0.51066829205,0.215757353391
573,0.279199392421,0.102667930532,0.000222848758164,0.0923620828668,0.0193639368023,0.00469428213567,0.0474186874808,0.0451137097742,0.238516525789,0.0500725201146,0.0791539183298,0.0412141649954,17,5,2,20,0.000104784990748,9.43064916736e-06,0.000104784990748,0.00050492698894,0.0015417148436,8.8669020017e-05,0.000104784990748,9.43064916736e-06,0.000104784990748,0.270746277344,0.510847388782,0.21583302176
574,0.0655851744108,0.0536600713366,0.0453487135972,0.277904399036,0.0173099776331,0.00376674333528,0.000984661960907,0.080648989877,0.193570277042,0.077096981105,0.0397183099657,0.1444057007,17,5,2,20,0.00019095405518,1.71858649662e-05,0.00019095405518,0.00209549470993,0.0025667055944,0.000957754343431,0.00019095405518,1.71858649662e-05,0.00019095405518,0.269722504406,0.508864220032,0.214995132964
575,0.0171339836268,0.0351067604697,0.0630497884801,0.0841995645713,0.136093019815,0.149144220629,0.0860896501917,0.107388841282,0.1384174851,0.015042866761,0.132997482124,0.0353363369493,17,5,2,20,0.00046180472053,4.15624248477e-05,0.00046180472053,0.00254605379072,0.00143535688564,0.00173312684577,0.00046180472053,4.15624248477e-05,0.00046180472053,0.269163852303,0.508394563405,0.214796703039
576,0.0436555604681,0.103533512126,0.0369557039834,0.0221040647927,0.0624977347282,0.0433039854182,0.163400746669,0.00837139581201,0.0123404051784,0.10572988693,0.377201585492,0.0209054184021,17,5,2,20,9.76477713937e-05,8.78829942543e-06,9.76477713937e-05,0.0074696826987,0.00116581588493,7.7503570421e-05,9.76477713937e-05,8.78829942543e-06,9.76477713937e-05,0.268964347462,0.50749700014,0.214417482559
577,0.013954313521,0.0667516365435,0.260508662772,0.0455202842255,0.0755291499638,0.0427691717887,0.0702480242007,0.0290384789961,0.13552346631,0.0322154341341,0.0589834591312,0.168957918413,17,5,2,20,5.55752831446e-07,5.00177548302e-08,5.55752831446e-07,2.00977042134e-05,9.80897135891e-07,2.81508454181e-06,5.55752831446e-07,5.00177548302e-08,5.55752831446e-07,0.271357923693,0.512207985641,0.216407873933
578,0.184279260075,0.0527574361834,0.116538235537,0.299847393394,0.0538081289417,0.00376803539664,0.212753589646,0.0075499899316,0.0462507173246,0.0140174326366,0.000100686975192,0.00832909395768,17,5,2,20,3.57823149046e-06,3.22040834142e-07,3.57823149046e-06,3.30530393233e-05,4.55366518806e-05,3.81337802956e-06,3.57823149046e-06,3.22040834142e-07,3.57823149046e-06,0.271335851632,0.512173489133,0.216393299159
579,0.0935211983132,0.0580837553126,0.26119004704,0.0713529636869,0.0398752969617,0.00265588955266,0.0374556364231,0.293200838631,0.0030031956342,0.0756406076464,0.0555874720663,0.00843309873185,17,5,2,20,0.000612269848763,5.51042863887e-05,0.000612269848763,0.00176259929594,0.00235338454556,0.000759301958612,0.000612269848763,5.51042863887e-05,0.000612269848763,0.269349937682,0.508411591248,0.214803897302
580,0.0302052618012,0.35714538296,0.0344063117464,0.00380143399229,0.0168594623921,0.162789801915,0.0443004386676,0.00241572532731,0.099588499615,0.010561852337,0.117742998098,0.120182831148,17,5,2,20,0.000151156613094,1.36040951785e-05,0.000151156613094,0.000562786640931,0.000317947661513,0.00129786476298,0.000151156613094,1.36040951785e-05,0.000151156613094,0.270701864418,0.510711916959,0.215775784915
581,0.0771482992528,0.0652522273038,0.0212984716774,0.308469290911,0.125978634764,0.0828894364382,0.0571007159829,0.0309093502788,0.0726039832987,0.0925018925558,0.0250942688561,0.0407534286811,17,5,2,20,0.000877010004424,7.89309003982e-05,0.000877010004424,0.0228053575915,0.00597545863244,0.00332619926607,0.000877010004424,7.89309003982e-05,0.000877010004424,0.261603468786,0.4939357567,0.208687857206
582,0.00165171378691,0.0399764934938,0.0311476604849,0.0441400900774,0.0393928456515,0.339496065331,0.0352246866706,0.283244273174,0.0346994224333,0.0851659173405,0.0394920595518,0.0263687720045,17,5,2,20,0.00104410770211,9.39696931902e-05,0.00104410770211,0.0157954272075,0.00352544248163,0.00472757136066,0.00104410770211,9.39696931902e-05,0.00104410770211,0.263658390305,0.497665236169,0.210263562281
583,0.0821743090561,0.124215152128,0.0363435129963,0.0141465178583,0.017324877181,0.121312198125,0.0338688706568,0.0436018365673,0.0418192223456,0.00360019037456,0.181505336204,0.300087976507,17,5,2,20,0.000120191084931,1.08171976437e-05,0.000120191084931,0.00631249254936,0.00123352998274,0.000193739634599,0.000120191084931,1.08171976437e-05,0.000120191084931,0.268983965904,0.508101141086,0.214672732109
584,0.0609288696669,0.058484818042,0.195322524851,0.0434414426205,0.0870602373543,0.058927978721,0.133564409146,0.0120108844182,0.178656612488,0.0254514939013,0.00947661305247,0.136674115738,17,5,2,20,0.000305617920291,2.75056128262e-05,0.000305617920291,0.00126990973357,0.00280704943028,0.000149915062787,0.000305617920291,2.75056128262e-05,0.000305617920291,0.269744440957,0.509491178847,0.215260023063
585,0.0491675632087,0.100822167642,0.0797460728988,0.285458100791,0.0657423615179,0.0600943317325,0.00889047199727,0.176646946651,0.0627324492018,0.0447935337524,0.0556725260987,0.0102334745069,17,5,2,20,5.77562892364e-06,5.19806603127e-07,5.77562892364e-06,1.59888896025e-05,0.0001916690838,2.50798830951e-06,5.77562892364e-06,5.19806603127e-07,5.77562892364e-06,0.271397391377,0.51203395468,0.216334345852
586,0.0784667359779,0.0517642182949,0.0653600780508,0.0321917606072,0.0385818305185,0.34472265645,0.082540883513,0.0311209752562,0.100377803538,0.110445315069,0.0534563392752,0.0109714034484,17,5,2,20,1.59284804249e-05,1.43356323824e-06,1.59284804249e-05,4.02769752856e-05,0.000297664638832,0.000100312446584,1.59284804249e-05,1.43356323824e-06,1.59284804249e-05,0.271317869151,0.511899680661,0.216277615079
587,0.0458453266064,0.0128383272386,0.294799116798,0.0425036092599,0.031929938769,0.0730401893926,0.01615555704,0.255791802673,0.0865153512789,0.066164003424,0.0212073402277,0.0532094372921,17,5,2,20,8.11965000218e-06,7.30768500196e-07,8.11965000218e-06,4.86818340025e-05,6.62156532604e-05,5.94120135821e-05,8.11965000218e-06,7.30768500196e-07,8.11965000218e-06,0.271396857177,0.512052648988,0.216342244197
588,0.0891759954391,0.0340419201009,0.033860357038,0.0205275442734,0.0406405540788,0.304601464943,0.00716475089359,0.117000939625,0.0631906970735,0.152435912043,0.0641098680596,0.073249996432,17,5,2,20,6.8429068065e-05,6.15861612585e-06,6.8429068065e-05,0.000324742213083,0.00203280441407,0.000175153619041,6.8429068065e-05,6.15861612585e-06,6.8429068065e-05,0.270699618668,0.510707660865,0.215773986716
589,0.14319140161,0.028593457752,0.0334513239765,0.0529903207358,0.027887103256,0.138043441986,0.141442568728,0.194901899188,0.0887209851566,0.0221540037568,0.0485119390421,0.0801115548114,17,5,2,20,0.000613718507394,5.52346656654e-05,0.000613718507394,0.016974781595,0.00249316594536,0.00225909945484,0.000613718507394,5.52346656654e-05,0.000613718507394,0.264841740706,0.499729960589,0.211135908349
590,0.0155100318639,0.104644042221,0.102255416736,0.0304977836172,0.209272003358,0.0270352275684,0.0951046024966,0.00777621693596,0.217660955015,0.00582165205624,0.158992523336,0.0254295447944,17,5,2,20,0.000209932446589,1.8893920193e-05,0.000209932446589,0.00125806046331,0.00326056095484,0.00115463284908,0.000209932446589,1.8893920193e-05,0.000209932446589,0.269206974273,0.509133394611,0.215108859223
591,0.0977288479104,0.0196041759352,0.0416029538625,0.0250477901064,0.102394094024,0.134239966234,0.191355142135,0.0652624047502,0.0879263918873,0.000977816692504,0.108445004975,0.125415411489,17,5,2,20,0.000189952807182,1.70957526464e-05,0.000189952807182,0.00140610514178,0.00287818455199,0.000333130782787,0.000189952807182,1.70957526464e-05,0.000189952807182,0.269995793508,0.5093798125,0.215212970781
592,0.155524316957,0.0196764259364,0.0763848472768,0.0722779463757,0.00492560623216,0.153401677058,0.050579121769,0.136115271977,0.172534290868,0.0222091283029,0.018797009479,0.117574357769,17,5,2,20,0.00055062522723,4.95562704507e-05,0.00055062522723,0.0120745041314,0.00793812251011,0.000807007320504,0.00055062522723,4.95562704507e-05,0.00055062522723,0.265188188038,0.500309711459,0.211380853091
593,0.0622383912309,0.135615776985,0.178030460971,0.0256308473097,0.0537287746467,0.0413643512831,0.0343410942076,0.237855709816,0.107625268684,0.0572645253189,0.0600960539169,0.00620874562937,17,5,2,20,0.00145586073491,0.000131027466142,0.00145586073491,0.01141632021,0.0023055745775,0.00407049252523,0.00145586073491,0.000131027466142,0.00145586073491,0.264982787827,0.499922198234,0.211217128754
594,0.0118028330798,0.120640574229,0.000839169366389,0.0725474426513,0.0129315202853,0.000162175361554,0.01621494496,0.102209975249,0.148736076876,0.0346855167076,0.392934393818,0.0862953774157,17,5,2,20,7.5138323255e-05,6.76244909295e-06,7.5138323255e-05,0.00210544135933,0.000898950143463,0.00021139669025,7.5138323255e-05,6.76244909295e-06,7.5138323255e-05,0.27050248323,0.510346327161,0.215621323225
595,0.342524607974,0.0719485221207,0.140968905237,0.00116910266516,0.0689889168289,0.0885625716077,0.0197118516401,0.0442913267519,0.0632920394986,0.0432588784512,0.01800468291,0.0972785943145,17,5,2,20,0.00039279254589,3.53513291301e-05,0.00039279254589,0.00148253967759,0.00190978934912,0.000149924878078,0.00039279254589,3.53513291301e-05,0.00039279254589,0.269798913596,0.509678003274,0.215338956383
596,0.0192576455405,0.00767285860703,0.24893432083,0.0399415805368,0.0775847108289,0.0183697824772,0.34861524172,0.0259485819362,0.0366774250652,0.00831525071621,0.0575919706577,0.111090631085,17,5,2,20,5.17480237447e-06,4.65732213702e-07,5.17480237447e-06,4.11319459232e-05,5.18992134762e-05,8.08103145566e-06,5.17480237447e-06,4.65732213702e-07,5.17480237447e-06,0.271195402571,0.512254379307,0.216427475257
597,0.0456359862663,0.115717232436,0.0532000510987,0.190424756778,0.0843482769915,0.0655365817732,0.170274168535,0.00488539952113,0.152764602651,0.0212812361744,0.0812179580064,0.0147137497678,17,5,2,20,0.000820155223137,7.38139700823e-05,0.000820155223137,0.00205588489208,0.00103049038815,0.00256997580225,0.000820155223137,7.38139700823e-05,0.000820155223137,0.268998655178,0.507498590444,0.214418154463
598,0.0389662162446,0.0448436420498,0.0272809254518,0.00413251434808,0.0460323667685,0.0190260162499,0.0976398700056,0.0963420171177,0.0460727608637,0.0902323364372,0.275875153549,0.213556180914,17,5,2,20,4.14462639533e-05,3.7301637558e-06,4.14462639533e-05,0.00202866362007,0.000773534581665,0.000112162445232,4.14462639533e-05,3.7301637558e-06,4.14462639533e-05,0.270394101688,0.510733421639,0.215784870643
599,0.0816016985326,0.210971311935,0.0457060810279,0.0637683669679,0.00491222148924,0.169613548115,0.0383415894412,0.0275195639921,0.118763205475,0.00113147794479,0.10004622907,0.137624706009,17,5,2,20,0.00029420852209,2.64787669881e-05,0.00029420852209,0.00166237241401,0.000978275674067,0.000362627663756,0.00029420852209,2.64787669881e-05,0.00029420852209,0.27022004965,0.510050532847,0.215496350128
600,0.015184222702,0.190846971685,0.217547438414,0.143736954971,0.132401195387,0.0892755746113,0.0246775137084,0.000664593878639,0.00494691836905,0.0707374465072,0.0114945406711,0.0984866290948,17,5,2,20,0.000364448320421,3.28003488378e-05,0.000364448320421,0.00124972223635,0.00158917310734,0.000363091465689,0.000364448320421,3.28003488378e-05,0.000364448320421,0.269577548274,0.510156113137,0.2155409578
601,0.161092161405,0.0660392260258,0.0335890914618,0.0261824510105,0.0946073879617,0.0775698459465,0.0440922719198,0.0120257275655,0.032092883155,0.317187845563,0.0746068215318,0.0609142864534,17,5,2,20,2.49802869718e-05,2.24822582746e-06,2.49802869718e-05,7.07103083728e-05,0.000116296776082,7.1413282644e-05,2.49802869718e-05,2.24822582746e-06,2.49802869718e-05,0.271111518226,0.512144565066,0.216381078741
602,0.0224312121414,0.10578457138,0.0440055080363,0.0292575300088,0.0505963230869,0.0120483802115,0.115694042117,0.0477516576395,0.157485504162,0.176375944589,0.223277583616,0.0152917430117,17,5,2,20,0.000100912364107,9.08211276959e-06,0.000100912364107,0.00523262886322,0.000656605675247,0.000446866307975,0.000100912364107,9.08211276959e-06,0.000100912364107,0.269390797696,0.508858550282,0.214992737494
603,0.144527338066,0.0556836110267,0.350935699705,0.101865149545,0.0184157517736,0.121555241242,0.062558198357,0.0151109663227,0.0757514328123,0.0382157571544,0.00833495001803,0.00704590397678,17,5,2,20,5.39677126966e-05,4.85709414269e-06,5.39677126966e-05,8.33440842217e-05,0.000307662322617,0.000544487071992,5.39677126966e-05,4.85709414269e-06,5.39677126966e-05,0.271130226399,0.511570260164,0.216138434919
604,0.278058779194,0.00247817547959,0.190267671685,0.174538997413,0.0653101376543,0.0241356151271,0.0253245612957,0.123713292202,0.00626763311337,0.0629737894271,0.031687365905,0.015243981504,17,5,2,20,0.00101141297668,9.1027167901e-05,0.00101141297668,0.0804162113328,0.00564779691434,0.00570332956114,0.00101141297668,9.1027167901e-05,0.00101141297668,0.24518168013,0.463144657869,0.19567861795
605,0.0100411184381,0.0590182060678,0.00538357726459,0.0105977906766,0.091191527586,0.313834661261,0.0484031872178,0.0181984136952,0.0535038597581,0.288863773965,0.0834370359392,0.0175268481303,17,5,2,20,3.23253419451e-05,2.90928077506e-06,3.23253419451e-05,7.25364886546e-05,0.000413606823612,8.68639783537e-05,3.23253419451e-05,2.90928077506e-06,3.23253419451e-05,0.271045371395,0.511948331378,0.216298170007
606,0.00613697905626,0.0716827919736,0.278991004659,0.0458043257274,0.103235530557,0.0461613526288,0.0465570970901,0.0576057909781,0.142625913677,0.0994775812112,0.095417756682,0.00630387576016,17,5,2,20,0.000158291176749,1.42462059074e-05,0.000158291176749,0.00038860096675,0.00197684772131,7.09912576158e-05,0.000158291176749,1.42462059074e-05,0.000158291176749,0.270397307175,0.510723793153,0.215780802607
607,0.138370804247,0.436812081732,0.172739333044,0.0260356716353,0.0746778424138,0.0014537887586,0.0165713237193,0.0439396887063,0.0163889182682,0.0398375062685,0.0130754622548,0.0200975789525,17,5,2,20,0.00155029674639,0.000139526707175,0.00155029674639,0.0575711962597,0.0409835926581,0.0057746373136,0.00155029674639,0.000139526707175,0.00155029674639,0.241250646846,0.455493628487,0.192446058036
608,0.0486151964423,0.132381988384,0.0692758598117,0.00665573245853,0.0160778323716,0.031301772915,0.145058698134,0.00516673796318,0.0876653050548,0.278067022853,0.0748532548623,0.104880598749,17,5,2,20,0.000114007875316,1.02607087785e-05,0.000114007875316,0.00526467794688,0.000689260253463,0.000527738239053,0.000114007875316,1.02607087785e-05,0.000114007875316,0.269565721631,0.508594762046,0.214881286964
609,0.126633029613,0.131408797887,0.0662474934248,0.0347195145827,0.0214050766829,0.115447269291,0.00493157925296,0.226552951747,0.0101613018634,0.0960161608956,0.105996650829,0.0604801739312,17,5,2,20,0.00023001023951,2.07009215559e-05,0.00023001023951,0.00119003246648,0.000641850642716,0.000631858345764,0.00023001023951,2.07009215559e-05,0.00023001023951,0.270212685195,0.510623641862,0.215738488687
610,0.24628742845,0.0721221737819,0.00433518321622,0.0435414818484,0.025911718275,0.0941703113653,0.2918003822,0.0148777779409,0.0189011121575,0.102666003929,0.0176054608648,0.0677809659703,17,5,2,20,0.000616064637103,5.54458173393e-05,0.000616064637103,0.0138444382108,0.00294039550354,0.00149110126489,0.000616064637103,5.54458173393e-05,0.000616064637103,0.265547234786,0.501653202145,0.211948477906
611,0.0183138958701,0.0949564974559,0.414558228838,0.0119877802149,0.0190662824313,0.0477555195265,0.0527116943705,0.0889691126153,0.0425288491486,0.0905721160267,0.00178512618601,0.116794897317,17,5,2,20,0.000593463357315,5.34117021583e-05,0.000593463357315,0.012114960209,0.00123487188135,0.00572988629584,0.000593463357315,5.34117021583e-05,0.000593463357315,0.265518102801,0.501175045328,0.211746456651
612,0.00368525179621,0.103071751358,0.113667955389,0.0569911687506,0.0745629123137,0.112001651464,0.17327049893,0.131719283441,0.0299575560654,0.0722256182857,0.0699303931089,0.0589159590978,17,5,2,20,6.40577462931e-05,5.76519716638e-06,6.40577462931e-05,0.000573899891364,0.000451154965539,7.52198741848e-05,6.40577462931e-05,5.76519716638e-06,6.40577462931e-05,0.270979806696,0.511530514723,0.21612164247
613,0.131720207084,0.0526207990768,0.121815356112,0.164961210619,0.0379065208983,0.0427742465065,0.0517509347613,0.0306875123111,0.0174777142906,0.00651908017216,0.0831435909267,0.258622827241,17,5,2,20,8.39527863398e-05,7.55575077058e-06,8.39527863398e-05,0.00306592870829,0.00312624961933,0.000237121433394,8.39527863398e-05,7.55575077058e-06,8.39527863398e-05,0.269616235933,0.508684387809,0.214919153849
614,0.0195041215668,0.16092490829,0.0387769926147,0.0204829933562,0.225978814767,0.0463320701722,0.032367116147,0.0174523639006,0.0887708759533,0.157072721816,0.0864472839475,0.105889737469,17,5,2,20,0.000177211384341,1.59490245907e-05,0.000177211384341,0.00340681767001,0.00200564115887,0.000618243593346,0.000177211384341,1.59490245907e-05,0.000177211384341,0.269400757283,0.50884203635,0.214985760358
615,0.0637844385955,0.0256410170526,0.126397684324,0.0754673887577,0.0735597936925,0.0253079239052,0.19029155958,0.102941784358,0.111414391482,0.0509205902718,0.092810117684,0.0614633102956,17,5,2,20,0.000300475033227,2.70427529904e-05,0.000300475033227,0.00749436566229,0.00764263163523,0.00033641626144,0.000300475033227,2.70427529904e-05,0.000300475033227,0.266699783287,0.503740469255,0.21283034826
616,0.159418683016,0.0578490901136,0.0150247634295,0.166796729265,0.0626018635552,0.212290767824,0.0367869803455,0.0523564930557,0.0468513938575,0.0286135121702,0.0975942858098,0.0638154375585,17,5,2,20,0.000531049703224,4.77944732902e-05,0.000531049703224,0.00854546989116,0.00207521263051,0.00572322074467,0.000531049703224,4.77944732902e-05,0.000531049703224,0.266425409105,0.502643866341,0.212367033529
617,0.202584901433,0.126522329173,0.0226831801686,0.256157640301,0.108669664878,0.00235728269793,0.0282830150153,0.00794619359404,0.140492016926,0.0058609049972,0.0711076705189,0.0273352002974,17,5,2,20,0.00182962160912,0.000164665944821,0.00182962160912,0.0391945832757,0.00599572513383,0.00318339543527,0.00182962160912,0.000164665944821,0.00182962160912,0.256147250277,0.483536891074,0.204294336479
618,0.06281039856,0.136012318631,0.0613447622458,0.0486335938187,0.0911925476716,0.0717531350289,0.133750552074,0.0605320585956,0.158965661577,0.034177750305,0.107767385328,0.0330598361649,17,5,2,20,0.00049184073877,4.42656664893e-05,0.00049184073877,0.0246141354969,0.00866987218531,0.00274082023363,0.00049184073877,4.42656664893e-05,0.00049184073877,0.261071896004,0.492687087376,0.208160294416
619,0.00471695136205,0.0453098025181,0.324047531879,0.0439171915426,0.123164301783,0.00455932036867,0.0126478505705,0.0073025346857,0.149400337401,0.0684817351383,0.151765039874,0.0646874028771,17,5,2,20,9.42324052003e-07,8.48091646803e-08,9.42324052003e-07,1.50041348725e-05,1.80530886489e-05,5.74779300463e-07,9.42324052003e-07,8.48091646803e-08,9.42324052003e-07,0.271451361695,0.512134318023,0.216376749365
620,0.163995441937,0.0590908069856,0.0224484799785,0.0325361154496,0.299513689706,0.0450203986692,0.0851350485557,0.027894881879,0.0732841326483,0.0844782828236,0.0460661105509,0.0605366108158,17,5,2,20,0.000323049444952,2.90744500457e-05,0.000323049444952,0.00157293524223,0.00239639692777,0.000892469704913,0.000323049444952,2.90744500457e-05,0.000323049444952,0.269778426014,0.508969719108,0.215039706323
621,0.254358465647,0.00335960915215,0.0359464036282,0.0622945335988,0.226131155657,0.0510099680367,0.0257935302624,0.168182758834,0.0542301464539,0.017018080074,0.0703537333402,0.0313216153155,17,5,2,20,4.51135366144e-06,4.06021829529e-07,4.51135366144e-06,5.73680616674e-05,2.80054953152e-05,1.05347769584e-05,4.51135366144e-06,4.06021829529e-07,4.51135366144e-06,0.271098769287,0.512327919101,0.21645854582
622,0.118391124137,0.0263981847427,0.0593059875306,0.02358100979,0.23858136921,0.100292241794,0.0323202120785,0.00640061141404,0.158116972937,0.0162907754634,0.183302946154,0.0370185647488,17,5,2,20,0.000131801599318,1.18621439386e-05,0.000131801599318,0.000297023245699,0.00075818669247,0.000104371597386,0.000131801599318,1.18621439386e-05,0.000131801599318,0.270396626755,0.511699726555,0.216193134469
623,0.0180423357371,0.0480327884597,0.00429626018044,0.0222715341333,0.153973449999,0.0304412562996,0.174236760372,0.118255167816,0.261968668553,0.026364674576,0.110469765497,0.031647338378,17,5,2,20,0.000577797531563,5.20017778406e-05,0.000577797531563,0.0200816618283,0.00233506238068,0.0088110951986,0.000577797531563,5.20017778406e-05,0.000577797531563,0.262273678703,0.494961903837,0.209121404371
624,0.237873854565,0.0142651308067,0.0360365802259,0.00990933150167,0.248093267954,0.145429259023,0.0547033870544,0.00692988301703,0.0462093782324,0.0306152344596,0.0503136969779,0.119620996182,17,5,2,20,0.000958738793659,8.62864914293e-05,0.000958738793659,0.0306238102986,0.00374376756485,0.0027377003317,0.000958738793659,8.62864914293e-05,0.000958738793659,0.260086134352,0.491248547835,0.20755251146
625,0.0104021389044,0.152736667693,0.0869442408033,0.0657373400518,0.01589212353,0.178752845386,0.000944543885031,0.163363182905,0.111249701294,0.0509477541357,0.0496915081113,0.113337953301,17,5,2,20,0.000155659375994,1.40093438395e-05,0.000155659375994,0.0021795949958,0.000426437740099,0.00466616114317,0.000155659375994,1.40093438395e-05,0.000155659375994,0.268147317233,0.508913766394,0.215016066302
626,0.0878158169228,0.0249333974279,0.309068339809,0.0283092379781,0.0260121693634,0.0220459529681,0.0706094924833,0.0516698838092,0.104522404734,0.0688807650208,0.0992033046848,0.106929234798,17,5,2,20,0.000215569679203,1.94012711283e-05,0.000215569679203,0.00715228227873,0.000975595234243,0.000741019071401,0.000215569679203,1.94012711283e-05,0.000215569679203,0.268794659941,0.507160184335,0.214275177881
627,0.0410446334663,0.0698255462308,0.019879903643,0.104580034837,0.12720650617,0.0377848032896,0.449277891558,0.0196392478364,0.0384399572714,0.0399433918864,0.00051920474198,0.05185887907,17,5,2,20,1.17570923763e-06,1.05813831387e-07,1.17570923763e-06,1.93997644975e-05,1.22932094466e-05,9.34929646192e-07,1.17570923763e-06,1.05813831387e-07,1.17570923763e-06,0.271358603243,0.512199546144,0.216404308246
628,0.0245905606267,0.182577258083,0.0485935158624,0.0253284762105,0.326329234251,0.038421769851,0.0732656787605,0.00895960248751,0.155443864202,0.0673486696218,0.0259152585305,0.0232261115128,17,5,2,20,7.21470353152e-06,6.49323317837e-07,7.21470353152e-06,6.86645553037e-05,2.47514956284e-05,0.000123297181702,7.21470353152e-06,6.49323317837e-07,7.21470353152e-06,0.271158025849,0.512193394346,0.216401709111
629,0.265862634895,0.0267065656241,0.00677755297815,0.00679176154149,0.010177384188,0.200731189013,0.149929910733,0.00657487339,0.00289645370431,0.00152858673923,0.267379892059,0.0546431951342,17,5,2,20,8.52953554219e-05,7.67658198797e-06,8.52953554219e-05,0.00132279929885,0.00242827502133,0.000132598817797,8.52953554219e-05,7.67658198797e-06,8.52953554219e-05,0.270215018604,0.510049050033,0.215495723639
630,0.122155769539,0.0184306207768,0.058160599085,0.0335833531628,0.000823667410454,0.026763653026,0.0298078818513,0.288633289663,0.0425522427238,0.132454296341,0.0510815214059,0.195553105014,17,5,2,20,0.000142022763985,1.27820487586e-05,0.000142022763985,0.00264207745068,0.00122008540418,0.000424742405791,0.000142022763985,1.27820487586e-05,0.000142022763985,0.269437750125,0.510145300148,0.215536389313
631,0.0304587179413,0.0211287058824,0.00769404622377,0.0829212698573,0.018621754443,0.0609539413555,0.251192042526,0.0385145523601,0.0139224583064,0.11551461561,0.291011712418,0.0680661830773,17,5,2,20,2.41270188313e-07,2.17143169482e-08,2.41270188313e-07,1.85532993151e-05,2.05940283656e-06,3.34043646966e-07,2.41270188313e-07,2.17143169482e-08,2.41270188313e-07,0.27135909949,0.512210154837,0.216408790419
632,0.161742707983,0.0208667382475,0.0093175563291,0.0720204209533,0.167831870563,0.101958928835,0.140695374527,0.0468826736892,0.0211649804576,0.0200202609779,0.132227047332,0.105271440106,17,5,2,20,1.18999806437e-05,1.07099825793e-06,1.18999806437e-05,3.03491297901e-05,0.000278895167943,1.11504415789e-05,1.18999806437e-05,1.07099825793e-06,1.18999806437e-05,0.271261940286,0.512033689319,0.216334233737
633,0.0896912278917,0.0187538060295,0.229042336116,0.0214490593419,0.0730886604195,0.0417246158774,0.0655915246851,0.0812001184428,0.0183234179502,0.230661838757,0.0168002107094,0.113673183779,17,5,2,20,0.000102134825809,9.19213432277e-06,0.000102134825809,0.00179660869519,0.000762096799321,0.000354300982957,0.000102134825809,9.19213432277e-06,0.000102134825809,0.269950294442,0.510868031992,0.215841743517
634,0.198502629089,0.0972720791971,0.0381535609776,0.0414870172282,0.177823434588,0.0167365447972,0.197272440755,0.0621135920052,0.12878267693,0.0119348732673,0.00450420487971,0.0254169462862,17,5,2,20,0.00600392200015,0.000540352980013,0.00600392200015,0.0338040451543,0.0446227792644,0.0219045303617,0.00600392200015,0.000540352980013,0.00600392200015,0.236886493946,0.448285242399,0.189400514914
635,0.113582724994,0.0447555510383,0.313359193908,0.107826467591,0.160080674907,0.0864182697041,0.0276107556635,0.0998586086695,0.0066749443106,0.013260562127,0.011842513918,0.0147297331681,17,5,2,20,0.00249607783162,0.000224647004846,0.00249607783162,0.111112201234,0.0105761445213,0.0308561952014,0.00249607783162,0.000224647004846,0.00249607783162,0.226817958912,0.428965831139,0.181238063656
636,0.143242226924,0.0534744519527,0.0650719972347,0.176740160329,0.0514424634613,0.0471700610041,0.0060616011541,0.0437182673535,0.0597922587236,0.208992011244,0.0880330429792,0.0562614576399,17,5,2,20,4.36288941079e-07,3.92660046971e-08,4.36288941079e-07,3.92160863355e-05,2.2911166368e-06,6.85282895095e-07,4.36288941079e-07,3.92660046971e-08,4.36288941079e-07,0.271219114411,0.512293054071,0.216443815345
637,0.00977470312674,0.0547652372167,1.32107006618e-05,0.0491151537458,0.101021902977,0.065414789615,0.11912765478,0.00459556109861,0.270029514952,0.209212544731,0.0670536686265,0.0498760584314,17,5,2,20,0.000207385102983,1.86646592684e-05,0.000207385102983,0.00238475704784,0.000962666870842,0.000886921212499,0.000207385102983,1.86646592684e-05,0.000207385102983,0.269983627476,0.509606437724,0.215308719938
638,0.202049521548,0.101518334479,0.253164467701,0.0115521048624,0.155071237086,0.0134323040147,0.0461237732701,0.00303556816394,0.10595032202,0.00473862967961,0.00948283645901,0.0938809007172,17,5,2,20,0.00134071590363,0.000120664431327,0.00134071590363,0.0361115197596,0.0191057458686,0.00364260651041,0.00134071590363,0.000120664431327,0.00134071590363,0.25396504448,0.479135951427,0.202434939478
639,0.0376541016088,0.0204016771364,0.105112412154,0.111424104735,0.102908727326,0.0139930502206,0.0327934787795,0.0554377728853,0.0107360963517,0.131302308458,0.20795449993,0.170281770415,17,5,2,20,0.000135410049454,1.21869044509e-05,0.000135410049454,0.0047157461872,0.000339748466555,0.000665529763878,0.000135410049454,1.21869044509e-05,0.000135410049454,0.269648373856,0.509008497519,0.215056090202
640,0.0565272320048,0.0316202237883,0.100977917053,0.035521241241,0.0624110940526,0.257641421348,0.177654902808,0.0663731726582,0.188120688011,0.00781032600211,0.00346597294719,0.0118758080852,17,5,2,20,0.0127949914969,0.00115154923472,0.0127949914969,0.0640340742528,0.12211592121,0.0333963417114,0.0127949914969,0.00115154923472,0.0127949914969,0.197277090153,0.372368019836,0.157325488381
641,0.149273630338,0.00037729375112,0.0157325107954,0.00121626194419,0.241917994214,0.160219634039,0.0767845806406,0.0204830913812,0.10148069881,0.112610391225,0.0568189503166,0.0630849625448,17,5,2,20,0.000327176784416,2.94459105975e-05,0.000327176784416,0.00999592154498,0.00629395388828,0.000875326722388,0.000327176784416,2.94459105975e-05,0.000327176784416,0.265840841654,0.503076525294,0.212549831937
642,0.0131775333237,0.0191753693925,0.0207207056412,0.00893369914965,0.0619852362639,0.243602787191,0.150954417954,0.235741506567,0.0158234145376,0.0129872253336,0.0965727744229,0.120325330222,17,5,2,20,0.00042839292641,3.85553633769e-05,0.00042839292641,0.0129247836885,0.00554725162068,0.00102051907998,0.00042839292641,3.85553633769e-05,0.00042839292641,0.26534849257,0.501489118178,0.21187915243
643,0.139308295203,0.0282301128343,0.109046365538,0.00291870854945,0.159895190845,0.199205190795,0.0565008739516,0.0807010974896,0.0315214812873,0.0769911777648,0.0669613067902,0.0487201989509,17,5,2,20,1.97385540271e-05,1.77646986244e-06,1.97385540271e-05,2.8951168508e-05,0.000316907264984,1.47112241857e-05,1.97385540271e-05,1.77646986244e-06,1.97385540271e-05,0.271241041431,0.511997104925,0.216318776831
644,0.0182298723741,0.0407356587633,0.116768897959,0.0740758119786,0.0768580571677,0.050053829633,0.119315760356,0.270746139017,0.0627558324186,0.0963629662917,0.0402232159696,0.0338739580722,17,5,2,20,0.000421165724076,3.79049151668e-05,0.000421165724076,0.00135636442674,0.00179745961416,0.000409963749459,0.000421165724076,3.79049151668e-05,0.000421165724076,0.269540971133,0.509760821336,0.215373947014
645,0.0867626133145,0.338475632676,0.00276486517095,0.0953829527283,0.00673601273898,0.040092881437,0.0702634217516,0.0775472250901,0.0690712297532,0.161731958298,0.02851431127,0.0226568957714,17,5,2,20,0.000451927223102,4.06734500792e-05,0.000451927223102,0.0184288930305,0.00302456132099,0.00263941954255,0.000451927223102,4.06734500792e-05,0.000451927223102,0.264260004702,0.498951188479,0.210806877132
646,0.183320895012,0.00799373962255,0.049034165043,0.0271064340539,0.0807964328958,0.0739498421398,0.0315082723348,0.0540365126933,0.0116174726419,0.130806535275,0.19171368632,0.158116011968,17,5,2,20,6.97849976511e-05,6.2806497886e-06,6.97849976511e-05,0.00305649716002,0.000821682131478,0.00066424551849,6.97849976511e-05,6.2806497886e-06,6.97849976511e-05,0.270051019362,0.50974682217,0.215368032367
647,0.0170426385085,0.124642256964,0.0759560061376,0.121460237554,0.0831904542376,0.142819013899,0.0971070893913,0.0319685945867,0.0553614938598,0.0134239495826,0.0567241054044,0.180304159875,17,5,2,20,0.000352220716126,3.16998644514e-05,0.000352220716126,0.00317309887658,0.00170324598208,0.00115514946538,0.000352220716126,3.16998644514e-05,0.000352220716126,0.269332468227,0.508375223097,0.214788531758
648,0.0346181288901,0.122301621317,0.20537265417,0.10263669102,0.103702150201,0.0843259628296,0.0966169590307,0.0185978060756,0.0179400869342,0.0354223458271,0.0772552409065,0.101210352798,17,5,2,20,0.000238165917367,2.1434932563e-05,0.000238165917367,0.000717080532534,0.00052037226059,0.000652650897181,0.000238165917367,2.1434932563e-05,0.000238165917367,0.270454737327,0.510832777116,0.215826848332
649,0.1678629914,0.127998034799,0.084996246663,0.0192600109701,0.0528039220079,0.196029817666,0.131698403805,0.0168517347054,0.112124282043,0.00920380285525,0.049270518934,0.0319002341515,17,5,2,20,0.00178888936295,0.000161000042666,0.00178888936295,0.0267674694976,0.00318294631384,0.0108564983533,0.00178888936295,0.000161000042666,0.00178888936295,0.258287661389,0.48747125969,0.205956607219
650,0.038832481642,0.0370289960225,0.0538918454695,0.222395913025,0.0369375366783,0.0590119261039,0.0103026252385,0.154939951738,0.0466217325921,0.267728544952,0.0606734248371,0.0116350217002,17,5,2,20,0.000375395751063,3.37856175957e-05,0.000375395751063,0.00660948979576,0.000516346842605,0.00145944697232,0.000375395751063,3.37856175957e-05,0.000375395751063,0.268483194485,0.507108870063,0.214253497602
651,0.0364418517771,0.0269071667235,0.0410223620908,0.0321318686208,0.170023488805,0.00574850895361,0.00380369830842,0.0253130809573,0.0045366508063,0.201332412343,0.430938273166,0.0218006374482,17,5,2,20,2.28016812708e-05,2.05215131438e-06,2.28016812708e-05,0.000207566525156,0.00010540696143,5.70682181636e-05,2.28016812708e-05,2.05215131438e-06,2.28016812708e-05,0.271111286271,0.512072661509,0.216350699488
652,0.0329648628162,0.0132832731457,0.0587479943353,0.0116894247191,0.0264653130879,0.194383814069,0.0325120409267,0.143577092944,0.033724491303,0.308718537389,0.0744771324164,0.0694560228473,17,5,2,20,5.51105926499e-05,4.95995333849e-06,5.51105926499e-05,0.000288931269921,0.000239425854688,7.35747276887e-05,5.51105926499e-05,4.95995333849e-06,5.51105926499e-05,0.271238866957,0.511725018569,0.216203820345
653,0.135196599394,0.166885374913,0.0745600684223,0.117643500233,0.00453271163831,0.060270749764,0.0685011598181,0.123536851679,0.0380379649435,0.00774558437545,0.12408120127,0.0790082335491,17,5,2,20,0.000372645016425,3.35380514783e-05,0.000372645016425,0.00304138662987,0.00110109877588,0.0023039614439,0.000372645016425,3.35380514783e-05,0.000372645016425,0.269066427387,0.508210523441,0.214718946154
654,0.0963429073512,0.149875763986,0.020559759563,0.3295414469,0.0291536517112,0.0475386469614,0.0118929267159,0.00649752853211,0.0648736960641,0.0730639007747,0.0212501291799,0.149409642261,17,5,2,20,8.5092464963e-05,7.65832184667e-06,8.5092464963e-05,0.0023630225842,0.00107159600276,0.00059799447663,8.5092464963e-05,7.65832184667e-06,8.5092464963e-05,0.269983239838,0.51010788091,0.215520579685
655,0.00359648642126,0.114678070377,0.0117157788426,0.0418386696624,0.024230044699,0.00303197625768,0.509308776147,0.189261124346,0.0280509049366,0.068530824382,0.00479492892777,0.000962415001104,17,5,2,20,0.00372519065939,0.000335267159345,0.00372519065939,0.0300334687701,0.0165429305881,0.00908790468923,0.00372519065939,0.000335267159345,0.00372519065939,0.252126840961,0.475667879111,0.200969678924
656,0.156583131518,0.196629115733,0.110960368848,0.0489989971744,0.0243098392051,0.147528337735,0.00344338384189,0.0526640183276,0.00674044467671,0.0695618924001,0.0662860071306,0.116294463409,17,5,2,20,0.000254808350587,2.29327515528e-05,0.000254808350587,0.00446677087607,0.000772501581397,0.00287284043936,0.000254808350587,2.29327515528e-05,0.000254808350587,0.268748234442,0.507609528123,0.214465025632
657,0.116826014017,0.044580967166,0.0830797893094,0.193780363548,0.193950994517,0.0549366644604,0.0358961168272,0.0253310634995,0.0128336943586,0.100818982918,0.104172845139,0.0337925042396,17,5,2,20,0.00043379434668,3.90414912012e-05,0.00043379434668,0.0196777827521,0.00260065199927,0.00260579171966,0.00043379434668,3.90414912012e-05,0.00043379434668,0.264177724009,0.498506002918,0.210618786233
658,0.127438755343,0.208908505291,0.0128865204704,0.094708538136,0.0928992958395,0.0908921096099,0.157901039023,0.0463891103859,0.0416021595431,0.014834230512,0.0293266396245,0.0822130962209,17,5,2,20,0.00058601288563,5.27411597067e-05,0.00058601288563,0.00104540046856,0.00358491688958,0.000720955159581,0.00058601288563,5.27411597067e-05,0.00058601288563,0.269251930507,0.508223032065,0.214724231048
659,0.155470137472,0.189764555835,0.105150391701,0.0369652873781,0.0512174920154,0.134802078066,0.0362496186872,0.0517097431783,0.0223163985801,0.0889636204465,0.0793906388079,0.048000037832,17,5,2,20,0.000362760289061,3.26484260155e-05,0.000362760289061,0.0102571409567,0.00410978833398,0.00144915827465,0.000362760289061,3.26484260155e-05,0.000362760289061,0.266285513833,0.503607775461,0.212774285132
660,0.173449282082,0.041373984238,0.0824989873943,0.00848357892387,0.00220775712877,0.0563244795125,0.0300642227043,0.0555213379094,0.0278765506712,0.402926957548,0.0896627611638,0.0296101007242,17,5,2,20,5.24568336832e-05,4.72111503148e-06,5.24568336832e-05,0.000347145256147,0.000133669032628,5.69533782702e-05,5.24568336832e-05,4.72111503148e-06,5.24568336832e-05,0.271031490428,0.511923706391,0.21628776595
661,0.0751901024677,0.00108114752737,0.0499410290024,0.104464420412,0.0410689859051,0.25591649711,0.311226113025,0.0838001136049,0.00197429185129,0.00412397058946,0.0448447033742,0.0263686251299,17,5,2,20,0.00241645509002,0.000217480958102,0.00241645509002,0.0257263862309,0.00487803595625,0.00876066908027,0.00241645509002,0.000217480958102,0.00241645509002,0.25788572616,0.486923304251,0.205725096046
662,0.00987371490957,0.070802607734,0.00579546697803,0.0622278480448,0.015914198514,0.271049880849,0.018113556838,0.00622333769636,0.131033968013,0.0645653472437,0.198590788421,0.145809284758,17,5,2,20,8.45037800822e-07,7.6053402074e-08,8.45037800822e-07,1.9007347849e-05,3.05128487358e-06,8.85072137513e-07,8.45037800822e-07,7.6053402074e-08,8.45037800822e-07,0.271357654425,0.512207992697,0.216407876915
663,0.0253454670764,0.0529428105647,0.198828460301,0.109840030216,0.0729089637558,0.124469767708,0.0203034021681,0.0400082729823,0.0472097575802,0.0802673790663,0.142678860971,0.0851968276116,17,5,2,20,0.00013117749052,1.18059741468e-05,0.00013117749052,0.0101974384938,0.00356796655152,0.000461613172275,0.00013117749052,1.18059741468e-05,0.00013117749052,0.267033718305,0.504879396532,0.213311545035
664,0.0441699953242,0.191437464101,0.199939637051,0.0939604088176,0.0755794395607,0.0579030409069,0.0851736715392,0.0463000555813,0.0417249262099,0.0486402502697,0.0653495713444,0.0498215392943,17,5,2,20,0.000367646628248,3.30881965423e-05,0.000367646628248,0.00163729883415,0.00420191389484,0.000742623135055,0.000367646628248,3.30881965423e-05,0.000367646628248,0.268940091559,0.508218846869,0.214722462802
665,0.0728904786088,0.163173398674,0.0877578729778,0.00713065427743,0.0203502658808,0.0436497770035,0.0406202566668,0.118099741026,0.170477993691,0.101036398976,0.0954205313081,0.0793926309105,17,5,2,20,9.75529989154e-05,8.77976990239e-06,9.75529989154e-05,0.0017957182636,0.00160479330297,0.000281527727041,9.75529989154e-05,8.77976990239e-06,9.75529989154e-05,0.27010325485,0.510233345744,0.215573588577
666,0.0185968119953,0.0619233567046,0.0393399659616,0.0459268369383,0.222410902386,0.0476447922045,0.0364602227553,0.0676795715237,0.0518615797015,0.0107706830943,0.146768063585,0.25061721315,17,5,2,20,0.000133723882146,1.20351493931e-05,0.000133723882146,0.00461274058533,0.000475243238026,0.00212106817969,0.000133723882146,1.20351493931e-05,0.000133723882146,0.269035089592,0.508398518508,0.21479837407
667,0.00919769438731,0.043450507089,0.041895163369,0.196699845673,0.0398019706663,0.0564508940765,0.0201917688165,0.169879697411,0.0113569693417,0.125554999985,0.171192403869,0.114328085316,17,5,2,20,0.000200550625503,1.80495562953e-05,0.000200550625503,0.00400157435711,0.00122128983895,0.000480162077828,0.000200550625503,1.80495562953e-05,0.000200550625503,0.26908059454,0.509228877027,0.215149200544
668,0.0153414970541,0.104653372736,0.107576537425,0.163672280222,0.0176013167619,0.0290598821455,0.123695643909,0.0979513477119,0.0324034604399,0.0289574816487,0.0558566706959,0.22323050925,17,5,2,20,0.000202210051052,1.81989045947e-05,0.000202210051052,0.00171900867753,0.00089284779536,0.000871581802428,0.000202210051052,1.81989045947e-05,0.000202210051052,0.270061708773,0.510094632645,0.215514982293
669,0.0200747799932,0.0198060235843,0.172444285609,0.0982655261682,0.0116171430434,0.177847492532,0.011881960924,0.130856156029,0.00929279459514,0.191704660261,0.0396804545044,0.116528722756,17,5,2,20,0.000152919302595,1.37627372335e-05,0.000152919302595,0.00147969771587,0.00134213119237,0.000293331213568,0.000152919302595,1.37627372335e-05,0.000152919302595,0.270445627179,0.510228478042,0.215571531973
670,0.0427665370521,0.0158252240364,0.00666747583665,0.11665856957,0.0154557365874,0.068402785466,0.0937375478984,0.0292686417064,0.261362045743,0.253576430326,0.0481363119925,0.0481426937848,17,5,2,20,3.05279646924e-07,2.74751682231e-08,3.05279646924e-07,7.93921887194e-06,2.65651891718e-06,1.1344668273e-06,3.05279646924e-07,2.74751682231e-08,3.05279646924e-07,0.271459340306,0.5121459778,0.216381675621
671,0.628719971468,0.0479466457103,0.0187437204434,0.0126990632078,0.00113245671526,0.0106378258331,9.6765332407e-05,0.0602985743883,0.155801032427,0.0288653574686,0.0335443301597,0.00151425684598,17,5,2,20,0.00343429010652,0.000309086109587,0.00343429010652,0.0199241996039,0.0348334801877,0.00432182016371,0.00343429010652,0.000309086109587,0.00343429010652,0.251529820236,0.474541544579,0.200493802585
672,0.0453062223863,0.264934674282,0.0390586601313,0.0236460915794,0.0837201286122,0.04369465751,0.160959697734,0.135665110394,0.0418713247266,0.00994289699676,0.0427748562418,0.108425679405,17,5,2,20,8.16387479707e-05,7.34748731736e-06,8.16387479707e-05,0.00219519956724,0.000280776435636,0.000372544253998,8.16387479707e-05,7.34748731736e-06,8.16387479707e-05,0.270534049056,0.51056322019,0.21571296053
673,0.0840313689001,0.179079366755,0.00245192134393,0.124886890061,0.0410496959201,0.0802083294219,0.0221368435721,0.142734335969,0.0656671413866,0.110580973816,0.00384991767267,0.14332321518,17,5,2,20,0.000171847617725,1.54662855952e-05,0.000171847617725,0.00113898373297,0.00152618779438,0.00061248310993,0.000171847617725,1.54662855952e-05,0.000171847617725,0.269777990623,0.510527966044,0.215698065654
674,0.262445122783,0.0678424170892,0.0124508013763,0.0237366055397,0.0681959706436,0.085899199158,0.00125075045635,0.0771037795282,0.162462648736,0.0725370546373,0.0477309731608,0.118344676892,17,5,2,20,0.000227384019875,2.04645617888e-05,0.000227384019875,0.00196303823733,0.00212977523269,0.000597340479145,0.000227384019875,2.04645617888e-05,0.000227384019875,0.269933574701,0.509262429628,0.215163376518
675,0.000280145448295,0.0223274031692,0.108860409933,0.0858016323592,0.0284767135547,0.0229441334987,0.0729007925536,0.122233520509,0.0760815825233,0.232272162112,0.148554208243,0.0792672960967,17,5,2,20,4.48617269277e-05,4.0375554235e-06,4.48617269277e-05,0.000215986198427,0.000258017982759,0.000156145185371,4.48617269277e-05,4.0375554235e-06,4.48617269277e-05,0.271242836606,0.511732507563,0.216206984445
676,0.137661069386,0.0102489365558,0.318202298913,0.00972391307178,0.0316487582273,0.218651501541,0.0489769445595,0.0272028995497,0.0231049270456,0.0809289568314,0.00110790386065,0.0925418904589,17,5,2,20,0.000651593150323,5.86433835291e-05,0.000651593150323,0.0149354295146,0.00638947028839,0.00299387878476,0.000651593150323,5.86433835291e-05,0.000651593150323,0.264123725529,0.498301466795,0.210532369721
677,0.145802850701,0.111853438679,0.0539336145707,0.142746944487,0.191595263289,0.0536353181071,0.0825722831953,0.115221055346,0.0247918843182,0.0220568107568,0.00678479439913,0.0490057421512,17,5,2,20,0.00194711491074,0.000175240341966,0.00194711491074,0.0522393624156,0.00570734335823,0.015455134646,0.00194711491074,0.000175240341966,0.00194711491074,0.248977500978,0.470637411793,0.198844306483
678,0.0113599858042,0.149922698069,0.0205368726963,0.0684566303633,0.144960166501,0.0112487630288,0.0646288345967,0.207466400275,0.17510450285,0.0581314256727,0.0772518770787,0.0109318430652,17,5,2,20,5.49586079635e-08,4.94627471671e-09,5.49586079635e-08,7.51883998225e-06,3.47202027217e-07,9.40282668858e-08,5.49586079635e-08,4.94627471671e-09,5.49586079635e-08,0.271461056026,0.512148157593,0.216382596583
679,0.0493980942822,0.0215233424676,0.05208086278,0.149908679131,0.239839260864,0.00327178612987,0.0660028647539,0.124193118045,0.0360845640521,0.0670925674825,0.000472147700616,0.190132712311,17,5,2,20,0.000120703784463,1.08633406016e-05,0.000120703784463,0.000489807939547,0.00175065235577,3.8258194715e-05,0.000120703784463,1.08633406016e-05,0.000120703784463,0.27038673625,0.510952550749,0.215877452692
680,0.0206185048851,0.249776309516,0.0103632148372,0.0522812799869,0.0819126879573,0.109702786515,0.0828516448935,0.12282149301,0.0305346670063,0.0213097990723,0.151346432929,0.0664811793917,17,5,2,20,0.000323620983573,2.91258885216e-05,0.000323620983573,0.005480875266,0.00417517710719,0.00075301392953,0.000323620983573,2.91258885216e-05,0.000323620983573,0.267952411107,0.506352047015,0.213933739864
681,0.0266895215489,0.084638695748,0.115296546511,0.0539136761935,0.0172644080466,0.0182400047119,0.0152564036563,0.103888738441,0.12585702284,0.191412196224,0.127980804907,0.119561981172,17,5,2,20,9.66634506636e-05,8.69971055973e-06,9.66634506636e-05,0.00376688122279,0.00138189643814,0.000473791456021,9.66634506636e-05,8.69971055973e-06,9.66634506636e-05,0.269827749804,0.509065467737,0.215080160119
682,0.195789429839,0.167879636429,0.058183548063,0.0552213629443,0.00578224771788,0.0300210427058,0.00517593575221,0.393076754534,0.00962221231633,0.00582053518017,0.0400222409604,0.033405053558,17,5,2,20,0.00260377338224,0.000234339604402,0.00260377338224,0.0411929989335,0.0212169511537,0.00725529665234,0.00260377338224,0.000234339604402,0.00260377338224,0.249496013502,0.470970099839,0.198984867182
683,0.340829669147,0.00555748867335,0.0307487036876,0.0457261803459,0.106931505195,0.256217329074,0.115922568328,0.0117885545952,0.0222296402344,0.0325057150951,0.00957186166014,0.0219707839641,17,5,2,20,0.00234870645091,0.000211383580582,0.00234870645091,0.0592959512428,0.0225300603015,0.00775217824756,0.00234870645091,0.000211383580582,0.00234870645091,0.243768526961,0.461747409689,0.195088280594
684,0.000447587817274,0.181819600921,0.00147297304223,0.0206245397927,0.0642411216732,0.147318345221,0.159359915304,0.0154879934382,0.255750678521,0.0375130515281,0.0986835522889,0.0172806404535,17,5,2,20,1.23432452847e-06,1.11089207562e-07,1.23432452847e-06,1.77282114148e-05,9.15835064261e-06,1.19474858163e-06,1.23432452847e-06,1.11089207562e-07,1.23432452847e-06,0.271451971173,0.512136933596,0.216377854444
685,0.00874557353176,0.167886270513,0.104821587089,0.0576986752902,0.00908832579731,0.0376986674477,0.0434351736132,0.127110294191,0.00262005688168,0.216723100293,0.100851086041,0.123321189312,17,5,2,20,2.90139129858e-05,2.61125216872e-06,2.90139129858e-05,0.000415615166719,0.000151089454802,0.000947740072036,2.90139129858e-05,2.61125216872e-06,2.90139129858e-05,0.271020764175,0.511313541634,0.216029971341
686,0.123938023347,0.0219219562007,0.180440645423,0.0686074106473,0.143278449168,0.0055504745273,0.104732303457,0.0111044602853,0.0692658789075,0.0313512409307,0.0682451860874,0.171563971019,17,5,2,20,0.000209639467574,1.88675520817e-05,0.000209639467574,0.00152856557451,0.000478516262497,0.00173284613774,0.000209639467574,1.88675520817e-05,0.000209639467574,0.270211662953,0.509787076343,0.215385039755
687,0.0042706643864,0.0450007583606,0.0253495035001,0.0429583218916,0.0868895677563,0.264769641933,0.178916699954,0.0598186652977,0.102519997841,0.0210376238526,0.0453388337023,0.123129721524,17,5,2,20,1.14923361781e-06,1.03431025603e-07,1.14923361781e-06,2.6071854817e-05,1.12594638653e-05,2.83761443242e-06,1.14923361781e-06,1.03431025603e-07,1.14923361781e-06,0.271351473947,0.512199334498,0.216404218826
688,0.0623830635088,0.0545604946672,0.177348641729,0.0524456923404,0.1126705889,0.266727442589,0.0817639218537,0.0547219235585,0.0277781493729,0.0109263371496,0.0649189090087,0.0337548353223,17,5,2,20,0.000933430659276,8.40087593348e-05,0.000933430659276,0.0040650051619,0.00644332717962,0.00370861855109,0.000933430659276,8.40087593348e-05,0.000933430659276,0.266228825838,0.503094891468,0.212557591645
689,0.0716052973737,0.0260350578336,0.0141575299905,0.191650886197,0.0266188503789,0.0311109054085,0.106305861917,0.0415623039773,0.0791503704699,0.198186799,0.000707408027623,0.212908729426,17,5,2,20,0.000142967347315,1.28670612583e-05,0.000142967347315,0.00534237374377,0.00265602971129,0.000364338771743,0.000142967347315,1.28670612583e-05,0.000142967347315,0.268802822505,0.507723607562,0.214513224195
690,0.078377849496,0.204536095558,0.0584881231784,0.0560660828226,0.00283273650139,0.134936772678,0.201204307034,0.00769781382148,0.0342165892461,0.0980977565692,0.026592140736,0.0969537323584,17,5,2,20,0.000335625414353,3.02062872918e-05,0.000335625414353,0.00227809244845,0.00145351943987,0.00121029201135,0.000335625414353,3.02062872918e-05,0.000335625414353,0.269421967001,0.509127040329,0.215106174539
691,0.138110578014,0.0691589690046,0.00474947801382,0.0317533284818,0.0235252031056,0.122083322107,0.0983779051133,0.148174973287,0.243006189678,0.0295887201852,0.0608346940009,0.0306366390093,17,5,2,20,0.000896883038578,8.0719473472e-05,0.000896883038578,0.00732699099364,0.00783879734317,0.00190724153834,0.000896883038578,8.0719473472e-05,0.000896883038578,0.265812358753,0.501487269083,0.211878371188
692,0.0690969046221,0.264153154772,0.304646496384,0.0518654844846,0.0224388325365,0.112841656011,0.0185251995635,0.0607404672223,0.0644294970118,0.0203671329346,0.00344590774437,0.00744926671305,17,5,2,20,0.00464727003799,0.000418254303419,0.00464727003799,0.143732200515,0.0303627860031,0.0320930785832,0.00464727003799,0.000418254303419,0.00464727003799,0.209878962721,0.396841745813,0.167665637606
693,0.10064095895,0.128838369344,0.0220743705351,0.0202624203857,0.2996889688,0.00337050617148,0.0504839145549,0.045068926997,0.143467714339,0.0192649106417,0.119450465104,0.0473884741763,17,5,2,20,0.000970097741468,8.73087967322e-05,0.000970097741468,0.0121917202177,0.00209031525749,0.00199588557608,0.000970097741468,8.73087967322e-05,0.000970097741468,0.26594511885,0.501737751522,0.211984200018
694,0.0350091648086,0.116113188656,0.0434911715299,0.0523930810254,0.0288612388228,0.0616783491981,0.00806514800041,0.103434140617,0.12270436817,0.198936212079,0.122132991773,0.10718094532,17,5,2,20,0.000107475330871,9.67277977839e-06,0.000107475330871,0.00160992341673,0.000851242996196,0.000468893565756,0.000107475330871,9.67277977839e-06,0.000107475330871,0.27045189081,0.510487734502,0.215681067827
695,0.026230480581,0.125880339223,0.013827233829,0.04646206317,0.0325771570376,0.0607148630793,0.4387407941,0.038737126225,0.0265563085913,0.0643611172854,0.0718124715418,0.054100045337,17,5,2,20,0.000177775381866,1.5999784368e-05,0.000177775381866,0.000393673109159,0.00186790509995,0.00170919601993,0.000177775381866,1.5999784368e-05,0.000177775381866,0.270185154468,0.509737061657,0.21536390855
696,0.00127758496619,0.00710795317243,0.0221619573537,0.0963488546781,0.287562977205,0.0490337874198,0.097107665023,0.147853770774,0.0374832945949,0.164835346752,0.0819102124757,0.00731659558406,17,5,2,20,0.000240611446326,2.16550301693e-05,0.000240611446326,0.00787084298439,0.0049797561138,0.000504912976552,0.000240611446326,2.16550301693e-05,0.000240611446326,0.267453959951,0.504875059493,0.213309712636
697,0.00769330478502,0.0384950854991,0.0512119915027,0.0247543837509,0.108182728213,0.00657890250784,0.00397473034531,0.0461218376038,0.133684449398,0.0329286321121,0.497411514351,0.0489624399317,17,5,2,20,3.46732509718e-05,3.12059258746e-06,3.46732509718e-05,0.000273149554967,0.000192465746772,4.11803114472e-05,3.46732509718e-05,3.12059258746e-06,3.46732509718e-05,0.271192316087,0.511884677758,0.216271276353
698,0.0596273764576,0.0369366621557,0.0473499798941,0.078341941487,0.0630271144907,0.135899119309,0.0254703699062,0.217631309745,0.11730178425,0.0724871856826,0.0426457346012,0.103281422021,17,5,2,20,0.000495424419998,4.45881977999e-05,0.000495424419998,0.00741976234566,0.00241173934371,0.000590356136887,0.000495424419998,4.45881977999e-05,0.000495424419998,0.268057342474,0.505764446836,0.213685478788
699,0.00835796033363,0.237814823956,0.027833877343,0.0748095469304,0.0322537248718,0.157009468049,0.0875883669827,0.210138297704,0.0148524223171,0.0246548016184,0.0017751629312,0.122911546963,17,5,2,20,0.000794810268103,7.15329241292e-05,0.000794810268103,0.0474546033315,0.0078557360741,0.00212855488811,0.000794810268103,7.15329241292e-05,0.000794810268103,0.254513996376,0.481353112415,0.203371689995
700,0.0255661792676,0.0400436440992,0.0983956473674,0.216290368197,0.00189571922475,0.0174325432914,0.114032981752,0.147979167556,0.157553961625,0.0337926447107,0.0681081491896,0.0789089937192,17,5,2,20,0.000514735738981,4.63262165083e-05,0.000514735738981,0.0113192049447,0.00607084825649,0.000967808141469,0.000514735738981,4.63262165083e-05,0.000514735738981,0.26577041584,0.501736469194,0.211983658234
701,0.197037509825,0.209392277768,0.0118191346227,0.159423449511,0.0319194928237,0.104223721021,0.00850901285622,0.0508684986009,0.0907714431506,0.0530229907228,0.0197769321821,0.063235536916,17,5,2,20,0.000664944335024,5.98449901522e-05,0.000664944335024,0.00343501940746,0.00366880260529,0.00198306526364,0.000664944335024,5.98449901522e-05,0.000664944335024,0.268018901442,0.506231805948,0.213882938013
702,0.111154235097,0.0564589252193,0.00402083107877,0.034123477406,0.0626099116233,0.165158395318,0.1371757474,0.0763113432885,0.104712193671,0.0124537062535,0.065168333331,0.170652900312,17,5,2,20,0.00026651557939,2.39864021451e-05,0.00026651557939,0.00489706420267,0.00404286449168,0.000270253995999,0.00026651557939,2.39864021451e-05,0.00026651557939,0.268662138517,0.506863721385,0.214149922285
703,0.0723004497958,0.103508239641,0.0657796050469,0.0950657305455,0.259029962104,0.0164495098869,0.122634720332,0.0754853858677,0.00336215712729,0.0827711381412,0.0706572683335,0.0329558331783,17,5,2,20,0.000563046436596,5.06741792936e-05,0.000563046436596,0.00733398393435,0.00194940102841,0.000906886604945,0.000563046436596,5.06741792936e-05,0.000563046436596,0.268059595585,0.505726958694,0.213669640048
704,0.00626824055536,0.211826275699,0.178639530193,0.00714125796997,0.0321650836118,0.0223090406411,0.0643611354197,0.0495198932901,0.000326321700687,0.0244200606126,0.181710449182,0.221312711124,17,5,2,20,0.00010378982754,9.34108447857e-06,0.00010378982754,0.00423689920523,0.000574534300659,0.000533903779114,0.00010378982754,9.34108447857e-06,0.00010378982754,0.269886263169,0.509198283351,0.215136274716
705,0.0380074500473,0.0860195050583,0.0517947195874,0.0121908882175,0.0345767769873,0.331125502036,0.0324711281128,0.0630343455734,0.114804430743,0.016921718009,0.0753863901812,0.143667145447,17,5,2,20,0.000144230698651,1.29807628786e-05,0.000144230698651,0.00360446679125,0.00272054081737,0.000518092234534,0.000144230698651,1.29807628786e-05,0.000144230698651,0.269431774539,0.508346039577,0.214776201721
706,0.0463851692647,0.216105684307,0.0804733853752,0.0741924357383,0.118574697101,0.162186205929,0.0647417453146,0.0383903211033,0.0712119134066,0.0326970621489,0.0386113020337,0.0564300782784,17,5,2,20,0.000667870289806,6.01083260826e-05,0.000667870289806,0.00154123197051,0.00329215034229,0.0002997452226,0.000667870289806,6.01083260826e-05,0.000667870289806,0.269218239901,0.508159532339,0.214697402413
707,0.0116046677068,0.00509787064024,0.0570736316069,0.0880617399176,0.185158850221,0.167413535496,0.110734536649,0.0640028645615,0.101481056902,0.0259769665529,0.0356102582954,0.147784021451,17,5,2,20,0.000328357857982,2.95522072184e-05,0.000328357857982,0.00259235338053,0.000597388523653,0.00318842152514,0.000328357857982,2.95522072184e-05,0.000328357857982,0.268881517223,0.508518652725,0.214849130776
708,0.149575377721,0.0368062073127,0.00290212531165,0.103455746145,0.0674814199889,0.00952655557154,0.0211507624911,0.0434390474265,0.0735080669915,0.377704812218,0.0972228101277,0.0172270686947,17,5,2,20,6.47905874008e-07,5.83115286607e-08,6.47905874008e-07,1.06676933844e-05,6.90525570102e-06,9.43511900688e-07,6.47905874008e-07,5.83115286607e-08,6.47905874008e-07,0.271457029082,0.512141825104,0.216379921106
709,0.023326486325,0.010074393814,0.0169519018744,0.208221193749,0.00551805330849,0.0337763439855,0.143108797984,0.0343812473666,0.31959209109,0.0435381551405,0.098810291887,0.0627010434745,17,5,2,20,0.000277376777827,2.49639100045e-05,0.000277376777827,0.013998059798,0.0082897037874,0.00209424828204,0.000277376777827,2.49639100045e-05,0.000277376777827,0.264506236594,0.499087744539,0.210864572068
710,0.123994867944,0.147785128224,0.0379063764077,0.0812583039222,0.0222340611035,0.00917638850497,0.182155870146,0.109978940334,0.112838415461,0.0132904020117,0.0834028726813,0.0759783732595,17,5,2,20,0.000258423782877,2.32581404589e-05,0.000258423782877,0.000531621330165,0.000842909920008,0.00246174463476,0.000258423782877,2.32581404589e-05,0.000258423782877,0.270130152184,0.509633293862,0.215320066657
711,0.123837186858,0.0383562896659,0.0791323521866,0.0587986406265,0.224380595884,0.00972027012677,0.160857529578,0.0760847575025,0.0283506667728,0.0347242847408,0.155359808474,0.0103976175843,17,5,2,20,4.5851867469e-06,4.12666807221e-07,4.5851867469e-06,3.38779478589e-05,1.05138802172e-05,1.39701768356e-05,4.5851867469e-06,4.12666807221e-07,4.5851867469e-06,0.271216559011,0.512271292024,0.21643462088
712,0.112502948111,0.000116788830406,0.0137841254936,0.153253846745,0.113592173484,0.017084153688,0.0554003536976,0.0856940754039,0.0911727484794,0.11462713708,0.15913789256,0.0836337564278,17,5,2,20,0.000148878464821,1.33990618339e-05,0.000148878464821,0.0146717310071,0.00216465659776,0.000399665590704,0.000148878464821,1.33990618339e-05,0.000148878464821,0.266472931471,0.503106294095,0.212562409255
713,0.0175679555118,0.0562353568399,0.00242662675023,0.0901512848771,0.114036611629,0.0839410681967,0.0894403739935,0.111845668709,0.0034945152722,0.156527317396,0.175203209314,0.0991300115109,17,5,2,20,5.54900331828e-05,4.99410298645e-06,5.54900331828e-05,0.000272926821576,0.000153997547577,0.000222369840634,5.54900331828e-05,4.99410298645e-06,5.54900331828e-05,0.270998408779,0.511859647573,0.216260701099
714,0.108235800385,0.000563242687296,0.0619896525743,0.0565815478099,0.111395544618,0.0254536694272,0.0508697137982,0.083574425459,0.0524354496754,0.0869784774099,0.318340283483,0.0435821926726,17,5,2,20,6.94572064549e-05,6.25114858094e-06,6.94572064549e-05,0.00145158873742,0.00125618377493,8.29251334824e-05,6.94572064549e-05,6.25114858094e-06,6.94572064549e-05,0.270528516072,0.510643553715,0.215746901444
715,0.0424014066504,0.113321442721,0.0405626547111,0.00210983331121,0.102645602536,0.15349520832,0.116242331477,0.0767337422191,0.0947093781841,0.152078579434,0.0426996917201,0.0630001287166,17,5,2,20,0.000338171603467,3.04354443121e-05,0.000338171603467,0.00690827665487,0.00227627866783,0.00197430167188,0.000338171603467,3.04354443121e-05,0.000338171603467,0.267455009134,0.50613186402,0.213840712548
716,0.0253685554763,0.0610284860945,0.134058610858,0.00333556318488,0.011014306143,0.0491942309251,0.024728499298,0.132643892927,0.123498643344,0.20040803759,0.193719226042,0.0410019481186,17,5,2,20,2.52736980101e-05,2.27463282091e-06,2.52736980101e-05,5.3325602516e-05,3.30326776192e-05,9.70897524283e-05,2.52736980101e-05,2.27463282091e-06,2.52736980101e-05,0.271386327372,0.512003220062,0.216321360476
717,0.227268113773,0.0594326184274,0.0966129796587,0.137068179876,0.0134326496371,0.0210458690475,0.0198239916462,0.0202119541927,0.0199055763701,0.00107479855318,0.289529386558,0.0945938822594,17,5,2,20,0.000166907464512,1.50216718061e-05,0.000166907464512,0.007448269182,0.00207923793792,0.000445422172844,0.000166907464512,1.50216718061e-05,0.000166907464512,0.268459132367,0.506762928041,0.214107337097
718,0.00926758014036,0.100034158264,0.0281625430007,0.0424046234155,0.00451919749034,0.0284838648155,0.153790331773,0.0417154259626,0.0217961999047,0.230965339274,0.0731205424524,0.265740193508,17,5,2,20,5.12447528866e-05,4.61202775979e-06,5.12447528866e-05,0.000926252982868,0.00070905916021,0.000120722114278,5.12447528866e-05,4.61202775979e-06,5.12447528866e-05,0.270702786512,0.511301916459,0.216025059704
719,0.0655313050639,0.0334623965246,0.000339274179744,0.0257073676686,0.2601303818,0.00409913337873,0.149371656014,0.130300754417,0.0128177207432,0.0137132788947,0.263223229442,0.0413035018731,17,5,2,20,0.000108501865637,9.76516790734e-06,0.000108501865637,0.00045048489279,0.000171953355451,0.000225382565241,0.000108501865637,9.76516790734e-06,0.000108501865637,0.27111153228,0.511484786719,0.216102322389
720,0.0719602112822,0.0751970761793,0.106543091047,0.00283760807185,0.00204832220884,0.181980104593,0.213964618797,0.0196906987242,0.0950531982338,0.161415446532,0.0658555078842,0.00345411644652,17,5,2,20,0.000273551909028,2.46196718126e-05,0.000273551909028,0.00418345989524,0.00123909261516,0.00142462448113,0.000273551909028,2.46196718126e-05,0.000273551909028,0.269070080144,0.508217431202,0.214721864683
721,0.027206598176,0.0683073776661,0.108016004613,0.127682657844,0.0961173417092,0.000604885999305,0.0238495949511,0.0131670787022,0.0578586044518,0.0656180423636,0.286953371609,0.124618441914,17,5,2,20,0.000116753601588,1.05078241429e-05,0.000116753601588,0.0115286829296,0.00144115956771,0.000549371188961,0.000116753601588,1.05078241429e-05,0.000116753601588,0.267535330747,0.505066731467,0.213390694045
722,0.0287206309731,0.0124383663424,0.0119288362066,0.0828969171653,0.0363939992548,0.270203477648,0.0646888705252,0.00172854177033,0.276298285999,0.0441452092655,0.158971373004,0.0115854918458,17,5,2,20,0.000443447038749,3.99102334874e-05,0.000443447038749,0.00446596899474,0.00249480928777,0.000789198121905,0.000443447038749,3.99102334874e-05,0.000443447038749,0.268857765774,0.507232793814,0.214305855386
723,0.0253598676164,0.0777143487634,0.0984377277687,0.144994023344,0.0564567391992,0.13454484922,0.0595074994554,0.210750471546,0.0089738588953,0.0832168024473,0.0436699343454,0.0563738773987,17,5,2,20,0.000587689094164,5.28920184747e-05,0.000587689094164,0.0262575546133,0.00712408165666,0.00089853337403,0.000587689094164,5.28920184747e-05,0.000587689094164,0.261108709756,0.493606031766,0.208548548421
724,0.00821876787196,0.0333631060014,0.0631852673681,0.114586462565,0.0141729507274,0.226533062258,0.0254163663274,0.00533006402296,0.013419094086,0.0266259508372,0.355560489687,0.113588418248,17,5,2,20,1.6838904166e-07,1.51550137494e-08,1.6838904166e-07,8.31152743256e-06,1.83771690739e-06,9.04232782483e-07,1.6838904166e-07,1.51550137494e-08,1.6838904166e-07,0.271459933728,0.512146438614,0.216381870315
725,0.0058041176106,0.0142335748421,0.052927551528,0.12216463921,0.0257541279963,0.162705674018,0.0545871218697,0.0788770061559,0.00678241772324,0.0304709766392,0.413783931225,0.0319088611815,17,5,2,20,2.96357077164e-06,2.66721369447e-07,2.96357077164e-06,3.37475316215e-05,1.41332332075e-05,9.90544022026e-06,2.96357077164e-06,2.66721369447e-07,2.96357077164e-06,0.271212217425,0.512279513985,0.216438094659
726,0.0186842954754,0.193190856799,0.0242052085462,0.0623044662923,0.108761797594,0.0179268231001,0.18916566273,0.0241991011481,0.0681153040036,0.103032082316,0.133518740847,0.0568956611483,17,5,2,20,0.000156585762815,1.40927186534e-05,0.000156585762815,0.00107831113413,0.00124305396407,0.000347628257734,0.000156585762815,1.40927186534e-05,0.000156585762815,0.27033600139,0.510608419519,0.215732057247
727,0.0359877024839,0.0163913825063,0.0376467744398,0.133495955219,0.145049732263,0.0436175621739,0.068388174837,0.054531225496,0.0447000181801,0.140489659485,0.0263739418164,0.2533278711,17,5,2,20,0.000234845627679,2.11361064911e-05,0.000234845627679,0.00909794639542,0.00072265631338,0.00115831236072,0.000234845627679,2.11361064911e-05,0.000234845627679,0.267937395962,0.506222871174,0.213879163071
728,0.128639404677,0.0026740501348,0.0493615079226,0.0138100453234,0.183345871558,0.205881677927,0.00759751607895,0.00554428272907,0.0150657443368,0.224405445367,0.0898065199032,0.0738679340421,17,5,2,20,5.17347625818e-05,4.65612863236e-06,5.17347625818e-05,0.000238168636318,0.000634896069501,0.000103517451069,5.17347625818e-05,4.65612863236e-06,5.17347625818e-05,0.27091858907,0.511696715265,0.2161918622
729,0.0217193540579,0.0267923706479,0.00599779808656,0.112790382905,0.116372721987,0.0717447665135,0.152945232447,0.00155809557195,0.142306647658,0.0800461324621,0.0217202939064,0.246006203757,17,5,2,20,0.000236699776876,2.13029799189e-05,0.000236699776876,0.0055454680891,0.00100360694514,0.00182063537567,0.000236699776876,2.13029799189e-05,0.000236699776876,0.268829008366,0.507424869003,0.214387007154
730,0.0251154448577,0.216926466657,0.155328783606,0.0268720628271,0.11028128151,0.0971644162478,0.0090526789673,0.187999783795,0.073083815923,0.0170541817822,0.0797811687372,0.00133991508972,17,5,2,20,0.00151379538726,0.000136241584854,0.00151379538726,0.008449246198,0.00898315364486,0.00137971025045,0.00151379538726,0.000136241584854,0.00151379538726,0.264033522154,0.499702427441,0.211124275594
731,0.0691609268059,0.15047855861,0.0927941976975,0.00232365474142,0.0582177796639,0.041624153489,0.125001886555,0.151893612749,0.148901539611,0.129377104823,0.0248741428202,0.00535244243521,17,5,2,20,0.000338668449482,3.04801604534e-05,0.000338668449482,0.00045542295293,0.00103994981394,0.000644792659702,0.000338668449482,3.04801604534e-05,0.000338668449482,0.270499531284,0.510330171649,0.215614497522
732,0.207233633565,0.102489298665,0.0237942493717,0.0193878927756,0.272108722557,0.00389773258366,0.0301129491319,0.00457544347993,0.101930906718,0.0656885161906,0.0108162120112,0.15796444295,17,5,2,20,0.00038779260694,3.49013346246e-05,0.00038779260694,0.00706321693018,0.00376649397406,0.000870239363116,0.00038779260694,3.49013346246e-05,0.00038779260694,0.267736882676,0.505407517722,0.213534676238
733,0.153579109408,0.167459116158,0.00442335440774,0.131258503144,0.0337194626833,0.0206091154856,0.00846817669122,0.00613880968708,0.165670409484,0.255017182904,0.0218017700481,0.0318549898995,17,5,2,20,0.000305038042703,2.74534238432e-05,0.000305038042703,0.0096682263233,0.000903053080784,0.0013312369515,0.000305038042703,2.74534238432e-05,0.000305038042703,0.267763291846,0.505489724274,0.213569408506
734,0.00411300941663,0.00975202340825,0.0857799960897,0.0565645449392,0.0138886007669,0.0233909454103,0.0311619728947,0.0934254645403,0.14721079544,0.350283785527,0.031947151932,0.152481709635,17,5,2,20,5.17696357324e-05,4.65926721591e-06,5.17696357324e-05,0.000995612631916,0.000387169362355,0.000266099434926,5.17696357324e-05,4.65926721591e-06,5.17696357324e-05,0.270859875072,0.511265269892,0.216009576529
735,0.119906329267,0.0273213487908,0.320457913864,0.107577090094,0.0895726091467,0.00627135475612,0.108138704206,0.0320574819357,0.00127072857597,0.0445510176341,0.111355848652,0.0315195730774,17,5,2,20,1.02992973287e-06,9.26936759585e-08,1.02992973287e-06,2.47751652796e-05,3.52713721373e-06,8.08118636596e-06,1.02992973287e-06,9.26936759585e-08,1.02992973287e-06,0.271353273419,0.512201081185,0.216404956801
736,0.0129073119451,0.00387246082879,0.121733391052,0.146221910991,0.169719802107,0.0986096834912,0.0493576341852,0.147301726366,0.0418831797302,0.00442849539518,0.0849913212795,0.118973082628,17,5,2,20,0.000359652941245,3.2368764712e-05,0.000359652941245,0.0014522658307,0.000971908813076,0.00049750085077,0.000359652941245,3.2368764712e-05,0.000359652941245,0.270168012761,0.50995217044,0.215454792011
737,0.115103538181,0.0410560998577,0.0769528026887,0.0869881934779,0.120841141407,0.0287661176344,0.0017171484268,0.0948446839785,0.0291810013778,0.100890414326,0.0847352591696,0.218923599475,17,5,2,20,2.80742750317e-07,2.52668475286e-08,2.80742750317e-07,8.99841493339e-06,4.32456171791e-06,2.1882630674e-07,2.80742750317e-07,2.52668475286e-08,2.80742750317e-07,0.271458907894,0.51214508035,0.216381296448
738,0.171021212589,0.0108506799601,0.0781802565333,0.137217037759,0.156637157101,0.146161031814,0.0861109049351,0.0686779405985,0.0215777560464,0.0237629082764,0.0951959147508,0.0046071996354,17,5,2,20,0.000669500429045,6.02550386141e-05,0.000669500429045,0.0169590081447,0.0137828512043,0.00166844114196,0.000669500429045,6.02550386141e-05,0.000669500429045,0.261864009602,0.494149158604,0.20877801951
739,0.0466384412842,0.0433588423095,0.29507158913,0.0361034867743,0.06721390597,0.00809335648498,0.0437210958943,0.108428879774,0.154500668186,0.032219553718,0.0975384632708,0.0671117172044,17,5,2,20,0.000150186010215,1.35167409193e-05,0.000150186010215,0.0001358161375,0.000635576111968,0.000101341022583,0.000150186010215,1.35167409193e-05,0.000150186010215,0.270961634877,0.511450161215,0.216087693113
740,0.129694036839,0.0156536732001,0.13437160688,0.112034928338,0.0731485502271,0.112143776801,0.0931688441024,0.0412152745803,0.0257582357635,0.0237589735742,0.112353384979,0.126698714716,17,5,2,20,0.000173468322239,1.56121490015e-05,0.000173468322239,0.00142262092676,0.00252649332361,0.00021463371229,0.000173468322239,1.56121490015e-05,0.000173468322239,0.270137655537,0.509647450906,0.215326048008
741,0.0807067888776,0.231541678568,0.0669248250228,0.0149319277263,0.0496558712453,0.168026302576,0.0911502751536,0.0225316604674,0.0998667491571,0.113848059868,0.0465568672916,0.0142589940457,17,5,2,20,0.000289498074069,2.60548266662e-05,0.000289498074069,0.00185413641048,0.00373984493371,0.00167217998653,0.000289498074069,2.60548266662e-05,0.000289498074069,0.268938486639,0.507968541357,0.214616708723
742,0.0959772706417,0.0241889468297,0.045529103797,0.064221630516,0.0907991893192,0.0188315762496,0.298215489308,0.0135873686419,0.0346015390575,0.0891777512954,0.091244019355,0.133626114989,17,5,2,20,1.22773587006e-05,1.10496228305e-06,1.22773587006e-05,9.49516247708e-06,0.00011886613997,4.89895339548e-06,1.22773587006e-05,1.10496228305e-06,1.22773587006e-05,0.271412339588,0.512058404778,0.216344676019
743,0.365682023522,0.00250420160926,0.0576118991998,0.00773601184105,0.0757687944003,0.126797861555,0.0415539497346,0.0255713881091,0.0680884332467,0.0125714075952,0.045767959403,0.170346069784,17,5,2,20,0.000128264054259,1.15437648833e-05,0.000128264054259,0.000633360749526,0.00197473371695,0.000384998117963,0.000128264054259,1.15437648833e-05,0.000128264054259,0.270280204696,0.510503029155,0.215687529818
744,0.0508797328816,0.00400450271858,0.0228639587886,0.0557347461838,0.0269282915779,0.386965634125,0.153150510207,0.0501994872994,0.0321204702716,0.0562584696035,0.0206535601154,0.140240636227,17,5,2,20,0.000302145137626,2.71930623863e-05,0.000302145137626,0.00754441028667,0.00631518774305,0.00063487695028,0.000302145137626,2.71930623863e-05,0.000302145137626,0.266696006859,0.504426398233,0.213120153253
745,0.00728297898632,0.0233489171163,0.0585929658281,0.0109131735375,0.0643835189804,0.0607977951864,0.15041979058,0.104479563749,0.0707027794972,0.038251455786,0.0601084152064,0.350718645547,17,5,2,20,7.73591936607e-05,6.96232742946e-06,7.73591936607e-05,0.00128950033857,0.00106924490965,0.000145922718045,7.73591936607e-05,6.96232742946e-06,7.73591936607e-05,0.270697094428,0.510702900651,0.215771975525
746,0.162667126961,0.0384209940849,0.0155654765099,0.0440228893539,0.138014469371,0.0381345604382,0.0472420725075,0.00759176093448,0.0449485972994,0.193022233664,0.124960251116,0.145409567759,17,5,2,20,6.12609373555e-05,5.513484362e-06,6.12609373555e-05,0.00049687570471,0.000314347955523,9.59477660961e-05,6.12609373555e-05,5.513484362e-06,6.12609373555e-05,0.270922077244,0.511715065456,0.216199615155
747,0.0493980610697,0.195600717178,0.0178868720141,0.020124751555,0.000509756194322,0.118145084741,0.0640639598522,0.182049436691,0.0894123666531,0.0928986910534,0.0956458237992,0.0742644791984,17,5,2,20,0.00017835684399,1.60521159591e-05,0.00017835684399,0.00573355641324,0.00292299973157,0.001664707522,0.00017835684399,1.60521159591e-05,0.00017835684399,0.268125292255,0.506719094883,0.214088817588
748,0.217445752827,0.0434423040706,0.00103835669558,0.114038389308,0.0420622408583,0.0691352508891,0.0240587458187,0.181814991695,0.0809129070551,0.0706319853121,0.134423517273,0.0209955581977,17,5,2,20,0.000535102419427,4.81592177484e-05,0.000535102419427,0.023939564655,0.00520059913578,0.00301244483956,0.000535102419427,4.81592177484e-05,0.000535102419427,0.261903465425,0.494697502869,0.209009694962
749,0.0582360300345,0.189345671877,0.196373954199,0.159073792251,0.0872133263108,0.10143337165,0.057997665352,0.0187604630002,0.00447006719284,0.0310194724266,0.00989055839677,0.0861856273103,17,5,2,20,0.000270201773128,2.43181595815e-05,0.000270201773128,0.00754031774948,0.0155738704623,0.000802781211517,0.000270201773128,2.43181595815e-05,0.000270201773128,0.264649600278,0.49933496442,0.210969022467
750,0.0317926002598,0.00352663880056,0.115255516397,0.0513434723729,0.00952623930318,0.0797490568139,0.104433105902,0.0891643707992,0.128273247925,0.178676317005,0.0876087216684,0.120650712753,17,5,2,20,7.28217934392e-05,6.55396140953e-06,7.28217934392e-05,0.000558985989012,0.000747176345582,0.000189855526454,7.28217934392e-05,6.55396140953e-06,7.28217934392e-05,0.270373753318,0.511652607188,0.216173226537
751,0.0979902263701,0.0537369871232,0.0754354588819,0.157375532744,0.0485212002012,0.0360265497396,0.0360511332403,0.114673026798,0.110142452874,0.00208631103566,0.0419374741421,0.22602364685,17,5,2,20,0.000112892026008,1.01602823407e-05,0.000112892026008,0.000321343242672,0.000505733805358,0.000379511912567,0.000112892026008,1.01602823407e-05,0.000112892026008,0.270782175686,0.511451210323,0.216088136361
752,0.0153493177972,0.0762269419997,0.0575882087295,0.00331728984702,0.244488634407,0.0790095066874,0.0623697070026,0.0688785687509,0.0233868495995,0.0817250176185,0.0852280999088,0.202431857652,17,5,2,20,1.55130046135e-06,1.39617041522e-07,1.55130046135e-06,1.00114682474e-05,7.47149047675e-06,2.82593123239e-06,1.55130046135e-06,1.39617041522e-07,1.55130046135e-06,0.271455193357,0.512139200926,0.216378812391
753,0.0529316971239,0.164622642537,0.0914785698913,0.0520774251009,0.0460531166885,0.124035308085,0.0131950549774,0.0849925256852,0.0339654670907,0.157834030473,0.018603446366,0.160210715982,17,5,2,20,6.4049206633e-05,5.76442859697e-06,6.4049206633e-05,0.000251153186099,0.000423200727619,0.000358772334806,6.4049206633e-05,5.76442859697e-06,6.4049206633e-05,0.270884590671,0.511644680068,0.216169877329
754,0.211240113581,0.0140859049402,0.141964675782,0.0357215303028,0.0994797292049,0.0456471756613,0.188338678703,0.038999383472,0.0095128252667,0.0673012291618,0.0568028602296,0.090905893695,17,5,2,20,1.01046923204e-05,9.0942230884e-07,1.01046923204e-05,8.43497541215e-05,9.72676688169e-05,8.51833489994e-06,1.01046923204e-05,9.0942230884e-07,1.01046923204e-05,0.270777757204,0.512470909965,0.21651895946
755,0.277075245131,0.152493850571,0.0209353523917,0.0691667250821,0.237105418544,0.0841377444879,0.065969723651,0.00424876636178,0.00437465706984,0.0286477499011,0.00233763865668,0.053507128152,17,5,2,20,0.00117621156999,0.000105859041299,0.00117621156999,0.00203845474155,0.0119597247879,0.00190506167415,0.00117621156999,0.000105859041299,0.00117621156999,0.265590316413,0.501644905463,0.211944972558
756,0.119298899993,0.192356861469,0.00352695103302,0.0102307786164,0.0405762062909,0.0786459444259,0.0601481185929,0.00616011672819,0.143655779326,0.184083880768,0.0275898174956,0.133726645262,17,5,2,20,8.4944118625e-05,7.64497067625e-06,8.4944118625e-05,0.00163545720196,0.00173930312906,6.21932514961e-05,8.4944118625e-05,7.64497067625e-06,8.4944118625e-05,0.270206126254,0.510370371703,0.215631482045
757,0.0269739771959,0.00318318741782,0.00111543751233,0.00725896222134,0.272313498191,0.128715166578,0.0534193205585,0.130710820352,0.0585411675493,0.197329709787,0.0114522299911,0.108986522647,17,5,2,20,0.000180273550156,1.62246195141e-05,0.000180273550156,0.00193526688799,0.000603891873794,0.00112922340631,0.000180273550156,1.62246195141e-05,0.000180273550156,0.270035508178,0.510047498217,0.215495067997
758,0.105810710018,0.0180586061333,0.0173222835104,0.133912081174,0.0524585077021,0.10154603417,0.0575559383998,0.127458263651,0.0579337791992,0.141705858478,0.102385030088,0.0838529074777,17,5,2,20,0.000173403967757,1.56063570981e-05,0.000173403967757,0.00183274268261,0.00126946517274,0.000739339924944,0.000173403967757,1.56063570981e-05,0.000173403967757,0.26999839352,0.50997204226,0.215463187855
759,0.0172606628983,0.264294853697,0.0312894372509,0.0690126363427,0.0899854026223,0.225315717141,0.0551481619827,0.0258681963292,0.138970802629,0.0652480892018,0.014009590063,0.00359644984278,17,5,2,20,0.00120460928306,0.000108414835476,0.00120460928306,0.00867604395589,0.0165329473607,0.00817973682589,0.00120460928306,0.000108414835476,0.00120460928306,0.26081634178,0.492625422337,0.208134240937
760,0.0508097104304,0.0344878641869,0.0309663475275,0.024317937752,0.172102967884,0.134144915804,0.107672311204,0.30846481641,0.0536540148012,0.00113906956979,0.0423979595511,0.0398420848787,17,5,2,20,0.00157941177461,0.000142147059715,0.00157941177461,0.0373778422913,0.0218919233499,0.00562668682293,0.00157941177461,0.000142147059715,0.00157941177461,0.251964210572,0.475597466253,0.200939929492
761,0.0980007768716,0.0165209369955,0.0428110657499,0.268787987934,0.0616577783081,0.0512606103472,0.075345366085,0.00787533728522,0.2101999506,0.140776628686,0.00911097561228,0.0176525855254,17,5,2,20,8.70776479996e-06,7.83698831996e-07,8.70776479996e-06,3.66196286864e-05,8.75073239814e-05,3.34406335792e-06,8.70776479996e-06,7.83698831996e-07,8.70776479996e-06,0.271185477575,0.512232444958,0.216418207995
762,0.0581545159458,0.0107744664038,0.00229751509423,0.326276824028,0.0907496980243,0.0138891420804,0.135548594122,0.0681314896353,0.000329818791537,0.0172149560368,0.260346872178,0.0162861076593,17,5,2,20,0.000559904641091,5.03914176982e-05,0.000559904641091,0.0121175105425,0.00204324406137,0.000576196833169,0.000559904641091,5.03914176982e-05,0.000559904641091,0.266331025971,0.503755093984,0.212836527208
763,0.132285715932,0.029456684325,0.0987251366597,0.0323703049384,0.0639569748207,0.213998997807,0.0396364879878,0.111458868929,0.0952384612811,8.82539668335e-05,0.0473339154818,0.13545019787,17,5,2,20,9.78794908849e-06,8.80915417964e-07,9.78794908849e-06,4.64155675168e-05,2.51133687208e-05,6.81772852987e-06,9.78794908849e-06,8.80915417964e-07,9.78794908849e-06,0.271099445596,0.512324284086,0.216457010026
764,0.0382410721856,0.00791676078567,0.195617429802,0.114337683031,0.00915602055445,0.0635721356769,0.180725207464,0.0966749476847,0.0814674196037,0.0553530266515,0.0743295109438,0.082608785616,17,5,2,20,0.000221219842768,1.99097858491e-05,0.000221219842768,0.00149370044701,0.00327959411763,7.41573522612e-05,0.000221219842768,1.99097858491e-05,0.000221219842768,0.269669046433,0.509355924575,0.215202878133
765,0.170232340483,0.0162328854549,0.0103534198463,0.0170625078281,0.0335005606116,0.0960314977812,0.0142989161804,0.0994776856756,0.150647702206,0.152555910817,0.175626399086,0.0639801740307,17,5,2,20,0.000139435022835,1.25491520552e-05,0.000139435022835,0.00205554725125,0.0010558653806,0.000378228936546,0.000139435022835,1.25491520552e-05,0.000139435022835,0.270038063187,0.510291358066,0.215598098783
766,0.0199316267984,0.11114290202,0.257552423535,0.00370994342532,0.0361045279789,0.0810516963676,0.156082116407,0.163539928841,0.0520687410024,0.0594836320101,0.0549235684747,0.00440889314024,17,5,2,20,0.000879232675187,7.91309407668e-05,0.000879232675187,0.00366874706841,0.00524263780971,0.00276792943127,0.000879232675187,7.91309407668e-05,0.000879232675187,0.266978306632,0.504511203147,0.213155983329
767,0.311688563364,0.000724079256714,0.109604521644,0.0170231213513,0.00624489286924,0.109515043243,0.0104189874572,0.0178736897707,0.226607148883,0.0235961024799,0.0507066607141,0.115997188968,17,5,2,20,0.000361134165614,3.25020749053e-05,0.000361134165614,0.00134211314529,0.00159526748845,0.000195813123888,0.000361134165614,3.25020749053e-05,0.000361134165614,0.27020446568,0.509773497188,0.215379302562
768,0.015923032831,0.0463740414716,0.107280269936,0.0100110962123,0.0593867567048,0.217200114261,0.0654512910618,0.047503464837,0.13681586731,0.0321246094966,0.255988484687,0.0059409711903,17,5,2,20,0.000195507452329,1.75956707096e-05,0.000195507452329,0.0016392879671,0.00112183047786,0.000221628220302,0.000195507452329,1.75956707096e-05,0.000195507452329,0.269731894139,0.510698163828,0.215769974217
769,0.0153454044421,0.340645678341,0.000274915151513,0.0467521341697,0.0042354742195,0.0645717182184,0.122900725889,0.0436010426079,0.0281047262812,0.228823901092,0.0123127732724,0.0924315063167,17,5,2,20,0.000137752306575,1.23977075917e-05,0.000137752306575,0.0180893035509,0.002115342143,0.00176547234758,0.000137752306575,1.23977075917e-05,0.000137752306575,0.264993341042,0.500851132706,0.211609603568
770,0.0207151167303,0.0511716562252,0.108139032525,0.207359035304,0.0570264967966,0.0215706238764,0.0409170521208,0.0576088705247,0.114796770956,0.244469961176,0.0356152238318,0.0406101599326,17,5,2,20,0.000140278510699,1.26250659629e-05,0.000140278510699,0.00563215121224,0.00371754954799,0.00032758067393,0.000140278510699,1.26250659629e-05,0.000140278510699,0.268066039971,0.507325352844,0.214344961576
771,0.0566259027502,0.0413335438216,0.0310375685281,0.105963981822,0.0730648895634,0.0625370714051,0.0149624662732,0.310891603275,0.0704618981255,0.113513931275,0.00270511912815,0.116902024034,17,5,2,20,7.66403768772e-05,6.89763391895e-06,7.66403768772e-05,6.96195303649e-05,0.000289253589858,4.8321056658e-05,7.66403768772e-05,6.89763391895e-06,7.66403768772e-05,0.27094584189,0.512004644751,0.216321962407
772,0.0895944265294,0.123983264805,0.00669777792573,0.145793028666,0.159189253152,0.0433151155471,0.0134872838806,0.0626836897897,0.212116814148,0.0997232111796,0.0127449348833,0.0306711994934,17,5,2,20,0.000766861850108,6.90175665098e-05,0.000766861850108,0.00546606374559,0.00263652778058,0.00417649838971,0.000766861850108,6.90175665098e-05,0.000766861850108,0.26716672938,0.504287309786,0.213061388385
773,0.236915310518,0.130602429671,0.022596700722,0.0502974838352,0.0710321040325,0.125618864769,0.120105312274,0.0241988656839,0.0510656150304,0.0187191192888,0.103441640166,0.0454065540101,17,5,2,20,0.000345336177764,3.10802559987e-05,0.000345336177764,0.00279831703712,0.0056487288208,0.00118591602318,0.000345336177764,3.10802559987e-05,0.000345336177764,0.268138103018,0.506703289897,0.214082139981
774,0.101361334828,0.229546209596,0.153478343788,0.0676521277646,0.0493664512803,0.0271627159749,0.148897092418,0.00440811924049,0.0268414016998,0.044430863552,0.0274595656542,0.119395774204,17,5,2,20,0.000244939789497,2.20445810547e-05,0.000244939789497,0.000573412050123,0.000451722415461,0.000352185333673,0.000244939789497,2.20445810547e-05,0.000244939789497,0.270716341528,0.510989448402,0.21589304195
775,0.0449518238167,0.051051946098,0.193137449296,0.0578823645029,0.118199778769,0.0044723222953,0.0420160810512,0.247777127675,0.12551601492,0.0401603508043,0.0140388424871,0.0607958982853,17,5,2,20,0.00164857101996,0.000148371391796,0.00164857101996,0.0180712210386,0.00408946318259,0.00165548513336,0.00164857101996,0.000148371391796,0.00164857101996,0.262984722259,0.496525892108,0.209782189415
776,0.0224214881201,0.022366278728,0.0540773769158,0.0618424558232,0.0831008936093,0.12384271693,0.13597967526,0.154497122869,0.015939077029,0.0405738523207,0.209841769052,0.0755172933431,17,5,2,20,8.67488033161e-05,7.80739229845e-06,8.67488033161e-05,0.000578311037985,0.000980257399903,0.000325539960606,8.67488033161e-05,7.80739229845e-06,8.67488033161e-05,0.270759127689,0.511067946513,0.215926207402
777,0.0451809842388,0.0532151098108,0.0673849528873,0.0514856805554,0.0751920701508,0.0445944472112,0.133106555063,0.0141905474561,0.132758833363,0.102207568611,0.246642350203,0.0340409004509,17,5,2,20,0.000173104957527,1.55794461775e-05,0.000173104957527,0.00352753895879,0.000603376308164,0.000293775319502,0.000173104957527,1.55794461775e-05,0.000173104957527,0.269734194624,0.509748707252,0.215368828814
778,0.190696781118,0.00653170547772,0.0208607418501,0.0872550758563,0.011049865632,0.104148328698,0.038061671104,0.0411055601843,0.0501466340951,0.00886254779898,0.280991591667,0.160289496518,17,5,2,20,8.77667844592e-05,7.89901060133e-06,8.77667844592e-05,0.00109538204255,0.000657923287977,0.000309542826143,8.77667844592e-05,7.89901060133e-06,8.77667844592e-05,0.270709427737,0.510974241791,0.215886617156
779,0.141534286125,0.0380699125874,0.00393969456573,0.183658072104,0.0967057118488,0.00933214415786,0.169758887237,0.106249316567,0.0136149415764,0.0886298801954,0.0405273384493,0.107979814586,17,5,2,20,7.9078583093e-07,7.11707247837e-08,7.9078583093e-07,3.47728747906e-05,9.05468593213e-06,1.23003282867e-06,7.9078583093e-07,7.11707247837e-08,7.9078583093e-07,0.271217687884,0.512291001081,0.216442947957
780,0.0504631282302,0.0740598393204,0.000507470016166,0.0777275979773,0.164546043852,0.0346406916607,0.314689308862,0.034314177332,0.0615872254252,0.0301662962646,0.0364513814606,0.120846839599,17,5,2,20,0.000512421915581,4.61179724023e-05,0.000512421915581,0.00347515656149,0.00125821508803,0.00143625333776,0.000512421915581,4.61179724023e-05,0.000512421915581,0.269202727448,0.507898575717,0.21458714824
781,0.122547568095,0.0134394506529,0.00184714236421,0.0998257568921,0.0897935697053,0.137664462913,0.0448552737949,0.246616091604,0.00237458054921,0.159785980344,0.0661222448841,0.0151278782011,17,5,2,20,0.000447859116525,4.03073204872e-05,0.000447859116525,0.015028364887,0.00340166576021,0.00100191773824,0.000447859116525,4.03073204872e-05,0.000447859116525,0.265325554057,0.501490647768,0.211879798682
782,0.175940168126,0.0851758427847,0.0863740357812,0.0575228811896,0.030948414186,0.0362100512685,0.377292810035,0.010360949617,0.0244666713663,0.039677916358,0.0662853237898,0.00974493549768,17,5,2,20,0.000921569046469,8.29412141822e-05,0.000921569046469,0.00410060938441,0.00757482928573,0.00180881694011,0.000921569046469,8.29412141822e-05,0.000921569046469,0.266758575428,0.503272415007,0.212632595341
783,0.0791664829219,0.130218467682,0.0125295427856,0.0270510427583,0.129906567301,0.214334760629,0.138245238442,0.0476671498991,0.0175478506736,0.191796045477,0.00426323531325,0.00727361611745,17,5,2,20,0.000475804947184,4.28224452466e-05,0.000475804947184,0.0152352220259,0.00285443518818,0.00230070951042,0.000475804947184,4.28224452466e-05,0.000475804947184,0.265345866627,0.500720493476,0.211554408494
784,0.0077758872629,0.0238051985475,0.0131537085648,0.119846747876,0.0104068508287,0.0929360955711,0.0160810869032,0.021237158772,0.0905850834794,0.29482100894,0.290822189218,0.0185289840354,17,5,2,20,2.83670271147e-05,2.55303244033e-06,2.83670271147e-05,0.000250190703461,0.000263385321984,0.000175643603059,2.83670271147e-05,2.55303244033e-06,2.83670271147e-05,0.27124495703,0.511737960751,0.216209288417
785,0.115317192235,0.134887997403,0.045793077078,0.14549749397,0.0347136270297,0.0991200891133,0.0342699920739,0.0457218020505,0.0677228476565,0.0864535563817,0.0519464139584,0.138555911049,17,5,2,20,4.94372226539e-05,4.44935003885e-06,4.94372226539e-05,0.00140145868916,0.00044645393661,0.000153539879635,4.94372226539e-05,4.44935003885e-06,4.94372226539e-05,0.27049026735,0.511284100214,0.21601753234
786,0.135869609821,0.230555168438,0.0359542728283,0.143293296462,0.202221732043,0.0168177074739,0.0322676466732,0.00385259033233,0.0261418785094,0.097476880259,0.0254429566725,0.0501062604863,17,5,2,20,0.000717267152522,6.4554043727e-05,0.000717267152522,0.0162886381933,0.0087531372648,0.0018952797196,0.000717267152522,6.4554043727e-05,0.000717267152522,0.263118721355,0.496974373827,0.209971672942
787,0.0197268124827,0.21891372337,0.289980262677,0.189686873778,0.00865733099449,0.00240863320853,0.107424306656,0.0155015034972,0.0425115965544,0.0119225852051,0.0704320028077,0.0228343687678,17,5,2,20,0.000639513375512,5.7556203796e-05,0.000639513375512,0.0171060752433,0.0013083478446,0.0258360449258,0.000639513375512,5.7556203796e-05,0.000639513375512,0.2584183596,0.488336032672,0.206321973804
788,0.0194912482835,0.0355009099811,0.0133643189533,0.100977401574,0.302527858965,0.0605172599356,0.0399727592425,0.0360986269954,0.0432710845302,0.0944141395565,0.0273594148813,0.226504977102,17,5,2,20,0.000198245688069,1.78421119262e-05,0.000198245688069,0.00978333256492,0.00250025655384,0.000809365899213,0.000198245688069,1.78421119262e-05,0.000198245688069,0.267073247055,0.505451761653,0.213553369298
789,0.012235835325,0.169072431103,0.0131362887232,0.209730804017,0.161224178463,0.230662761173,0.000459350405951,0.0579671403535,0.0580158774924,0.0320052069784,0.00833985676758,0.0471502691972,17,5,2,20,3.14978192471e-06,2.83480373224e-07,3.14978192471e-06,1.96846462947e-05,1.34324807795e-05,3.81813082813e-06,3.14978192471e-06,2.83480373224e-07,3.14978192471e-06,0.271353337483,0.5121944191,0.21640214207
790,0.176613828553,0.0888902650329,0.152411281458,0.0882694860004,0.0733365368835,0.020886538389,0.00440652709841,0.0471789542297,0.0189462312073,0.0289008918815,0.264529707704,0.0356297515623,17,5,2,20,9.54891036091e-05,8.59401932482e-06,9.54891036091e-05,0.000473270102529,0.000488792110366,0.000456877218416,9.54891036091e-05,8.59401932482e-06,9.54891036091e-05,0.270744361686,0.51137965162,0.216057902809
791,0.00397022581153,0.281580515996,0.0410776417626,0.0397119643579,0.0802185554248,0.269705545854,0.0665668760608,0.0447146541723,0.00949513352481,0.0668083564953,0.0103474675048,0.0858030630346,17,5,2,20,3.33513730919e-05,3.00162357827e-06,3.33513730919e-05,5.37035991195e-05,0.00034783435038,2.80658974009e-05,3.33513730919e-05,3.00162357827e-06,3.33513730919e-05,0.271079244866,0.512022314621,0.216329427927
792,0.116515019367,0.202625802954,0.042409034382,0.0290276028656,0.0117821067822,0.309755682798,0.0964624907459,0.0168552751434,0.0644853477166,0.0313759365786,0.0747844118149,0.00392128885188,17,5,2,20,0.00113800949773,0.000102420854796,0.00113800949773,0.00487605105252,0.00176629258293,0.00144027938677,0.00113800949773,0.000102420854796,0.00113800949773,0.267884598204,0.505642108312,0.213633790762
793,0.120897809703,0.0862426397421,0.204244842593,0.0705122698194,0.083063251587,0.0624073700254,0.139641888257,0.044895647581,0.0798696040589,0.0725654329109,0.0270985583187,0.00856068540353,17,5,2,20,0.00190210543823,0.000171189489441,0.00190210543823,0.0245712325532,0.00350080061849,0.010262521933,0.00190210543823,0.000171189489441,0.00190210543823,0.258895115696,0.488449580645,0.206369947822
794,0.0793162376775,0.0904526015287,0.196648464782,0.156654302343,0.017283384958,0.117679308362,0.0410350683519,0.0549598217007,0.158280919875,0.0128073842209,0.0308127808083,0.0440697253922,17,5,2,20,0.0024643223043,0.000221789007387,0.0024643223043,0.0176602761868,0.00625646687223,0.00539062492807,0.0024643223043,0.000221789007387,0.0024643223043,0.260699351732,0.491875158558,0.207817254491
795,0.0116566674506,0.0139968577516,0.324755185847,0.125646077068,0.0239681824446,0.0492603239787,0.000897900466968,0.134438922896,0.0330496536203,0.115410811264,0.158068395659,0.00885102155261,17,5,2,20,0.000107344101255,9.66096911296e-06,0.000107344101255,0.000553696913675,0.00125929090789,0.000100706857834,0.000107344101255,9.66096911296e-06,0.000107344101255,0.270727683113,0.511008733824,0.215901190041
796,0.102545233522,0.0952189200804,0.102822324628,0.03112501883,0.0973468746134,0.0122862511219,0.154827991795,0.0480121259562,0.146218067997,0.131432184935,0.0680498407408,0.0101151657798,17,5,2,20,1.64096341459e-05,1.47686707313e-06,1.64096341459e-05,1.53374709292e-05,3.61285610811e-05,4.3373893004e-05,1.64096341459e-05,1.47686707313e-06,1.64096341459e-05,0.271416308673,0.512070480936,0.216349778195
797,0.106789993481,0.00973198662766,0.233281297511,0.00520290079425,0.128465139464,0.0697772335468,0.11797278757,0.002449384086,0.133806251956,0.0114862500117,0.0713206943785,0.109716080572,17,5,2,20,0.000280513014,2.524617126e-05,0.000280513014,0.00287336841119,0.00269352231652,0.00162151743008,0.000280513014,2.524617126e-05,0.000280513014,0.268969631585,0.508027708864,0.214641706995
798,0.16694188443,0.0426260472091,0.0691799379629,0.025512013806,0.295157317881,0.0644096993069,0.0623335666213,0.125909356292,0.00954635112639,0.0417977961037,0.028840896321,0.0677451329392,17,5,2,20,0.000651709147508,5.86538232757e-05,0.000651709147508,0.00572712218316,0.00552805909323,0.00320203905541,0.000651709147508,5.86538232757e-05,0.000651709147508,0.266706270662,0.503418182615,0.212694182155
799,0.116267086861,0.140025722643,0.0194663361899,0.189936012021,0.0652555994142,0.0784354009877,0.00147094156008,0.0336684199794,0.00634312005664,0.00745438470382,0.291231037696,0.0504459378866,17,5,2,20,0.000175154670449,1.57639203404e-05,0.000175154670449,0.00132799392019,0.000824333165818,0.000369890391306,0.000175154670449,1.57639203404e-05,0.000175154670449,0.270485783049,0.510551741969,0.215708110982
800,0.0338481367391,0.0375874626451,0.0759431518908,0.0151285847779,0.0652678778587,0.279213180756,0.0839146029112,0.117690902663,0.0364886944382,0.108324842014,0.140491674204,0.00610088910133,17,5,2,20,0.000238036730629,2.14233057567e-05,0.000238036730629,0.00855779687362,0.00366709820169,0.000669773728757,0.000238036730629,2.14233057567e-05,0.000238036730629,0.267349698242,0.505279887114,0.213480752306
801,0.0719791144805,0.0236839875138,0.0106559498694,0.0116428417401,0.0463196260841,0.0756571877723,0.167658078392,0.279725072885,0.238115753495,0.0422683253364,0.0248375000473,0.0074565623839,17,5,2,20,0.00306833913274,0.000276150521947,0.00306833913274,0.00256008033547,0.0029663714099,0.00560706601898,0.00306833913274,0.000276150521947,0.00306833913274,0.264960723255,0.499880563378,0.211199538027
802,0.0730785164014,0.0669294692272,0.157156386443,0.0289957118103,0.0731169564988,0.183502503883,0.0607350001849,0.122366300598,0.1133286685,0.00652866330285,0.0533914505866,0.0608703725637,17,5,2,20,0.000718858768236,6.46972891413e-05,0.000718858768236,0.0132018402652,0.0155418935995,0.00200937712482,0.000718858768236,6.46972891413e-05,0.000718858768236,0.261960521641,0.495101256744,0.209180280974
803,0.0384504893283,0.0578531079802,0.0925817486254,0.0210118067871,0.0219398204369,0.00361158091596,0.440288584007,0.00565159736096,0.0401760803465,0.0416842228023,0.167069150268,0.0696818111409,17,5,2,20,0.000111373068801,1.00235761921e-05,0.000111373068801,0.000501080601455,0.000377372676556,0.000568735332848,0.000111373068801,1.00235761921e-05,0.000111373068801,0.270849790392,0.511239002861,0.215998478709
804,0.0102359595678,0.0259361414635,0.0144103461637,0.00207455185508,0.0833435183367,0.083510566178,0.114040408374,0.121456646995,0.0618569655281,0.0509298303765,0.0310119159169,0.401193149245,17,5,2,20,1.10896442047e-06,9.98067978421e-08,1.10896442047e-06,3.04369945498e-05,3.70127328831e-06,1.15238199741e-06,1.10896442047e-06,9.98067978421e-08,1.10896442047e-06,0.27121994228,0.512295347345,0.216444784253
805,0.0436166709434,0.0688788986187,0.078217817725,0.00149837489647,0.0421006471704,0.023911493855,0.0316244189093,0.471753995606,0.0445833942889,0.0162074741832,0.0404114772276,0.137195336576,17,5,2,20,0.000576733540334,5.19060186301e-05,0.000576733540334,0.00982388962962,0.00296004105168,0.00165825261966,0.000576733540334,5.19060186301e-05,0.000576733540334,0.266863971361,0.503538206776,0.212744892363
806,0.121093351617,0.0201644153745,0.064041495171,0.0727733646424,0.04667912062,0.0275933103008,0.237643028821,0.00211923128799,0.0192469254687,0.214006088334,0.115335005739,0.0593046626245,17,5,2,20,5.94162567e-05,5.347463103e-06,5.94162567e-05,0.000181822612341,7.28717220449e-05,0.000150937545446,5.94162567e-05,5.347463103e-06,5.94162567e-05,0.271060205508,0.51197595969,0.216309842969
807,0.00137416614914,0.242899325042,0.0792015855295,0.20866622079,0.0464288109248,0.0411189620842,0.138047137473,0.0184732216797,0.0867479841898,0.0575961747093,0.00792602739903,0.0715203840293,17,5,2,20,0.000941692128604,8.47522915744e-05,0.000941692128604,0.0118282199058,0.00723825447475,0.0017016491206,0.000941692128604,8.47522915744e-05,0.000941692128604,0.26453681723,0.499654682721,0.21110410345
808,0.000981329430289,0.263365064165,0.0301483877073,0.0606690787177,0.127862228754,0.164277066564,0.0546653962383,0.00387619798488,0.0678912525373,0.0872346286396,0.0438503184141,0.0951790508471,17,5,2,20,0.000418929842395,3.77036858156e-05,0.000418929842395,0.0136447113474,0.00274999180805,0.0023013177736,0.000418929842395,3.77036858156e-05,0.000418929842395,0.265556169159,0.501930884479,0.212065798692
809,0.175211340439,0.0501088321534,0.0563665162736,0.252517391003,0.0224687799491,0.0715372211691,0.026726083251,0.0222674578181,0.105224045698,0.021801017371,0.103499492072,0.0922718228027,17,5,2,20,0.000560643702099,5.04579331889e-05,0.000560643702099,0.0329930140052,0.00580578630998,0.00151184564801,0.000560643702099,5.04579331889e-05,0.000560643702099,0.259523481373,0.490560549728,0.20726183226
810,0.0137704830698,0.084304316721,0.050718211587,0.0675174840292,0.0309729686555,0.13870286062,0.0683404493324,0.0125142385022,0.070198260163,0.0634164134836,0.0865945051619,0.312949808674,17,5,2,20,2.53062023018e-06,2.27755820717e-07,2.53062023018e-06,3.75436960615e-05,3.16918499371e-05,2.76230342976e-06,2.53062023018e-06,2.27755820717e-07,2.53062023018e-06,0.27117982879,0.512293564406,0.216444030962
811,0.0105331082918,0.0257579045109,0.0368537955626,0.0137009243275,0.0606274751836,0.208076284736,0.124387125727,0.271188733754,0.0720408265386,0.0327909034546,0.120979266797,0.0230636511161,17,5,2,20,0.000546010130953,4.91409117857e-05,0.000546010130953,0.0216832975875,0.0069168561944,0.00139322260958,0.000546010130953,4.91409117857e-05,0.000546010130953,0.262546504225,0.495731316018,0.209446481018
812,0.110726133661,0.0179022565363,0.084353866916,0.286646143431,0.0400971955453,0.0184771967861,0.0100660243349,0.080059833974,0.0442622919378,0.0233020416076,0.233110397489,0.0509966177808,17,5,2,20,0.000140594418662,1.26534976795e-05,0.000140594418662,0.00216227246242,0.0030450797222,0.000453415121515,0.000140594418662,1.26534976795e-05,0.000140594418662,0.269542569636,0.509110002381,0.215098976006
813,0.0986011341266,0.00843844219243,0.060932634661,0.0117395008477,0.0412411882801,0.0589657586228,0.064157548032,0.00552877522149,0.196044056981,0.202048077077,0.197332801245,0.0549700827135,17,5,2,20,4.81680148112e-05,4.33512133301e-06,4.81680148112e-05,0.000249597740949,0.000362346036184,4.95387127191e-05,4.81680148112e-05,4.33512133301e-06,4.81680148112e-05,0.271230578935,0.511709382266,0.216197214007
814,0.199906149346,0.0863797694002,0.0727836717009,0.0945811051473,0.0958251401203,0.0190294287598,0.145308428129,0.108041541287,0.144140791569,0.000324245347341,0.0132977816504,0.0203819475427,17,5,2,20,0.010526490131,0.000947384111793,0.010526490131,0.0717228496437,0.0141567814994,0.0542085335259,0.010526490131,0.000947384111793,0.010526490131,0.221227125271,0.418055522891,0.176628458421
815,0.0787758284119,0.0196597172759,0.194012532573,0.20012618149,0.000782964870115,0.0568580379548,0.0111346620168,0.0996944643072,0.0686962601676,0.0101107768199,0.0528868470894,0.207261727023,17,5,2,20,4.23645463407e-07,3.81280917066e-08,4.23645463407e-07,7.40649413199e-05,2.01141483197e-06,3.08119637059e-06,4.23645463407e-07,3.81280917066e-08,4.23645463407e-07,0.270823147703,0.512545464961,0.216550458946
816,0.141829396118,0.0675153564121,0.0526599264207,0.0710669210652,0.0617335069412,0.132831572882,0.216684385267,0.109946081442,0.0338541720002,0.0547300616193,0.0412790150258,0.0158696048065,17,5,2,20,0.000741037802089,6.6693402188e-05,0.000741037802089,0.00295885965493,0.00890225298762,0.00179663326528,0.000741037802089,6.6693402188e-05,0.000741037802089,0.26669276743,0.503727204675,0.212824743975
817,0.130531454683,0.0117007024746,0.0600148759886,0.047422184725,0.0800920117414,0.0629541755773,0.0454923944244,0.239028922276,0.00924679332965,0.213048000926,0.092823667222,0.00764481663196,17,5,2,20,6.31227532902e-05,5.68104779612e-06,6.31227532902e-05,0.00062250166649,0.00130930041534,5.65547694901e-05,6.31227532902e-05,5.68104779612e-06,6.31227532902e-05,0.270851827453,0.510998919218,0.215897043369
818,0.0172108625248,0.157110469687,0.218575875674,0.0557237049641,0.144269490751,0.0127053132968,0.0461539477728,0.0699116010235,0.0187202742656,0.0148743932174,0.01125823801,0.233485828812,17,5,2,20,0.000154822787723,1.39340508951e-05,0.000154822787723,0.00469120732248,0.00102566383691,0.00135595176553,0.000154822787723,1.39340508951e-05,0.000154822787723,0.269355083253,0.508207335374,0.214717599196
819,0.00731243588661,0.00944926094833,0.0559346125805,0.0172245259195,0.0234533711925,0.0866598313761,0.12194130111,0.115852930805,0.0719444682796,0.0655180273145,0.158252812594,0.266456421993,17,5,2,20,2.6760567414e-05,2.40845106726e-06,2.6760567414e-05,0.000129068744798,0.000342548679719,3.81439985733e-05,2.6760567414e-05,2.40845106726e-06,2.6760567414e-05,0.271068963904,0.511992559228,0.216316856274
820,0.226348668352,0.242398350034,0.0375982053615,0.0826397606084,0.0111828040615,0.0999498799222,0.00852468316892,0.0468695764377,0.0972175239061,0.103426723945,0.0333861246454,0.0104576995581,17,5,2,20,0.000732686842433,6.59418158189e-05,0.000732686842433,0.0315445378735,0.0102344559951,0.00177343943433,0.000732686842433,6.59418158189e-05,0.000732686842433,0.258665234941,0.488379402991,0.206340297764
821,0.00615448087959,0.277003425849,0.0325426024348,0.0365747304471,0.0543951807237,0.34038771741,0.0878913096794,0.074542832579,0.0117243678213,0.00858072429014,0.0520202224486,0.0181824054378,17,5,2,20,0.00256138302483,0.000230524472235,0.00256138302483,0.0212624109099,0.00343427232929,0.00629787342426,0.00256138302483,0.000230524472235,0.00256138302483,0.260011698642,0.490887285519,0.207399878132
822,0.0762549343107,0.0896170269933,0.0462854679511,0.0507295263506,0.0109321413626,0.0225030110139,0.0842253043073,0.174539341069,0.0196439584161,0.00645445578425,0.0924707123699,0.326344120071,17,5,2,20,0.000123113028976,1.10801726078e-05,0.000123113028976,0.0033126893216,0.000418935373304,0.000799304493017,0.000123113028976,1.10801726078e-05,0.000123113028976,0.27008910233,0.509571427782,0.215293928238
823,0.152575482475,0.0275598610258,0.0253458812542,0.0842368436773,0.169257164202,0.0227639736251,0.0270543749529,0.0667082165966,0.0111565162436,0.156015139628,0.0314711772194,0.2258553691,17,5,2,20,0.000164310476454,1.47879428809e-05,0.000164310476454,0.00654601403236,0.00147180957136,0.00120963569236,0.000164310476454,1.47879428809e-05,0.000164310476454,0.268759056969,0.507083772192,0.214242893751
824,0.161244790885,0.0109173793422,0.192044646871,0.041416752872,0.0062951640102,0.149767557433,0.0148606722143,0.0498367523025,0.090679137103,0.00810599206769,0.239186896484,0.0356442584144,17,5,2,20,6.04412075806e-05,5.43970868226e-06,6.04412075806e-05,0.000152262528579,0.000969070083146,0.00015948435586,6.04412075806e-05,5.43970868226e-06,6.04412075806e-05,0.270793450944,0.51154522871,0.21612785913
825,0.114534592514,0.0889559750515,0.0583261154554,0.0257402930421,0.140933751706,0.273218486515,0.00525930703995,0.00330640097312,0.141428708512,0.0446460196673,0.102912593262,0.000737756261274,17,5,2,20,0.000841451211099,7.57306089989e-05,0.000841451211099,0.0126340550936,0.0108841546925,0.000552151305903,0.000841451211099,7.57306089989e-05,0.000841451211099,0.263754650759,0.498177660518,0.210480061569
826,0.0302153397588,0.081345497524,0.0149257289646,0.110877680823,0.373237434059,0.00168833849011,0.0115407512686,0.00336884571666,0.099429578119,0.0674310115635,0.0508953093466,0.155044484366,17,5,2,20,3.41590130257e-07,3.07431117231e-08,3.41590130257e-07,3.15884339204e-05,1.14434932618e-06,1.13039022382e-06,3.41590130257e-07,3.07431117231e-08,3.41590130257e-07,0.271221463621,0.51229753628,0.216445709078
827,0.06454260959,0.0399774884405,0.0315188137226,0.0361188723071,0.0270072307543,0.140023909566,0.0874258947214,0.0600937773259,0.0169219991287,0.201319328709,0.131418893642,0.163631182094,17,5,2,20,8.8494618041e-05,7.96451562369e-06,8.8494618041e-05,0.000842803775392,0.000287737996935,0.000116769854466,8.8494618041e-05,7.96451562369e-06,8.8494618041e-05,0.271025786778,0.511323018694,0.216033975398
828,0.0272962114453,0.0892681741359,0.0861434429872,0.0696137265331,0.225740116799,0.0242141408873,0.00866214665837,0.0184344910281,0.0803171213244,0.201025307712,0.00800336562182,0.161281754868,17,5,2,20,3.99404678864e-05,3.59464210978e-06,3.99404678864e-05,0.000113795732859,0.000743393322951,6.44893404525e-05,3.99404678864e-05,3.59464210978e-06,3.99404678864e-05,0.270846237942,0.511820831287,0.216244301219
829,0.074309173208,0.0506818938267,0.199393194302,0.0363709474943,0.0943342071742,0.187592073115,0.0618239005953,0.128370627874,0.012127012741,0.0244510682334,0.038750212082,0.0917956893535,17,5,2,20,0.00074290049169,6.68610442521e-05,0.00074290049169,0.0302501713358,0.0104767551741,0.00123749566,0.00074290049169,6.68610442521e-05,0.00074290049169,0.25892173462,0.489285426471,0.206723092684
830,0.10624287,0.073550989599,0.00205225989594,0.0109772824844,0.0562955710627,0.0409825393336,0.0441588220188,0.167290102395,0.0325035820817,0.208975468514,0.0092894953726,0.247681017242,17,5,2,20,4.40391090881e-05,3.96351981793e-06,4.40391090881e-05,0.000349081893225,0.000488617203274,0.000203988923941,4.40391090881e-05,3.96351981793e-06,4.40391090881e-05,0.270904955375,0.511683144554,0.216186128574
831,0.0124010185584,0.034642883657,0.239488676274,0.0193624037383,0.126821341335,0.134986123347,0.188513524014,0.0135335174211,0.0570728924721,0.00170069249934,0.138064547523,0.0334123791605,17,5,2,20,4.79447469692e-06,4.31502722723e-07,4.79447469692e-06,5.26892822566e-05,1.46936613255e-05,2.00635576336e-05,4.79447469692e-06,4.31502722723e-07,4.79447469692e-06,0.271100921801,0.512331522526,0.216460068267
832,0.0207431191821,0.0618991284612,0.0115068000945,0.00433150812639,0.100001038522,0.0730124301797,0.160322315091,0.0966177313599,0.00958628385454,0.027936215504,0.342133498613,0.0919099310109,17,5,2,20,6.59141118644e-05,5.9322700678e-06,6.59141118644e-05,0.000603936679005,0.000315406819412,0.000203855508728,6.59141118644e-05,5.9322700678e-06,6.59141118644e-05,0.271085101964,0.511434923052,0.216081254989
833,0.0170984446929,0.155039779064,0.0592951937327,0.0267793336229,0.124809552664,0.158455970997,0.0337308963697,0.0464962021638,0.252342619862,0.0255648149642,0.0652781857282,0.0351090061381,17,5,2,20,6.77813463151e-06,6.10032116836e-07,6.77813463151e-06,5.21797841498e-05,6.11117878029e-05,1.7474578417e-05,6.77813463151e-06,6.10032116836e-07,6.77813463151e-06,0.27109014609,0.512302815576,0.216447939581
834,0.00648123804113,0.0673472767476,0.0913841361426,0.0871332434467,0.0254758348047,0.0875089179757,0.0734320183693,0.0590455448402,0.0451687578531,0.262788586263,0.117061142916,0.0771733025997,17,5,2,20,3.97669226847e-05,3.57902304162e-06,3.97669226847e-05,0.000136799714036,0.000109236231947,0.000130781374371,3.97669226847e-05,3.57902304162e-06,3.97669226847e-05,0.271317388639,0.511873158737,0.216266409567
835,0.0373923152291,0.292015354995,0.0911585499879,0.083789201747,0.150636004835,0.0997821822471,0.0539349010595,0.0130982148646,0.0678000956488,0.0826516793507,0.018347392756,0.00939410727917,17,5,2,20,0.00173804655351,0.000156424189816,0.00173804655351,0.0332512289257,0.00514614970985,0.0121656359179,0.00173804655351,0.000156424189816,0.00173804655351,0.255766490245,0.482534594452,0.203870866156
836,0.0657305814668,0.0433372515795,0.078342719662,0.12224680598,0.00162842311142,0.0309535360984,0.270518865233,0.0873513139692,0.0175268359544,0.0900584337853,0.0783902236824,0.113915009478,17,5,2,20,7.23385381055e-05,6.5104684295e-06,7.23385381055e-05,0.000146799078203,0.000484919453366,0.000110605145079,7.23385381055e-05,6.5104684295e-06,7.23385381055e-05,0.27048268663,0.512107286189,0.216365328415
837,0.0272370177954,0.0703908971574,0.220933754233,0.0175664982496,0.210079901957,0.0484615108347,0.0455966128048,0.053583929503,0.211051702572,0.047000934086,0.0221475974512,0.0259496433561,17,5,2,20,0.00117339537491,0.000105605583741,0.00117339537491,0.00142156488387,0.00269093542925,0.00221687236842,0.00117339537491,0.000105605583741,0.00117339537491,0.268415117609,0.506397692121,0.213953024921
838,0.125915590801,0.075668137032,0.368266262723,0.00152330931224,0.0732724775974,0.130260050662,0.112623286232,0.0274856444841,0.0038782059129,0.0180204078472,0.0449178967341,0.0181687306625,17,5,2,20,5.22177235523e-05,4.69959511971e-06,5.22177235523e-05,9.58132299084e-05,0.00111638740173,2.34779913783e-05,5.22177235523e-05,4.69959511971e-06,5.22177235523e-05,0.271040824832,0.511427224225,0.216078002235
839,0.242715082931,0.0135593048896,0.213542652238,0.0562374825126,0.010717447493,0.121335349897,0.0276852796579,0.0895491796499,0.0662588001805,0.0271607204227,0.0570999038772,0.0741387962502,17,5,2,20,0.000672719171678,6.05447254511e-05,0.000672719171678,0.0214568950792,0.00324516027761,0.00900062091213,0.000672719171678,6.05447254511e-05,0.000672719171678,0.261459972111,0.493515209478,0.208510176004
840,0.0858789103883,0.233754341516,0.0390173266088,0.0184629839287,0.0172451281573,0.250542755244,0.0598323016678,0.0816078636256,0.0230229104916,0.00788690343501,0.013498174747,0.16925040019,17,5,2,20,0.000685697328355,6.17127595519e-05,0.000685697328355,0.0279719601311,0.00155618010122,0.00460514703053,0.000685697328355,6.17127595519e-05,0.000685697328355,0.261125974827,0.493409155063,0.208465368014
841,0.0406292623058,0.384614922005,0.0545646056,0.0618429807361,0.0263091339543,0.0516762492473,0.0860304203692,0.0494480077482,0.214956081993,0.014663655325,0.00294487166427,0.0123198090511,17,5,2,20,0.0103946411046,0.000935517699416,0.0103946411046,0.145694192381,0.0512223724019,0.04117915397,0.0103946411046,0.000935517699416,0.0103946411046,0.19480265945,0.368120929336,0.155531092644
842,0.0295342333569,0.0121295109691,0.0969618463028,0.00142319573599,0.00337069047804,0.205185577064,0.272785938232,0.0273409915354,0.051975158383,0.13376788606,0.0374656663395,0.128059305544,17,5,2,20,1.31083815913e-05,1.17975434321e-06,1.31083815913e-05,2.19197021541e-05,0.000161240847486,1.14987087126e-05,1.31083815913e-05,1.17975434321e-06,1.31083815913e-05,0.271391184363,0.512027671946,0.216331691397
843,0.0473934002945,0.0137060960412,0.103447899384,0.135134453546,0.0593420651326,0.0226404387145,0.141577060565,0.0266651501796,0.229987320827,0.121423700743,0.0273207802569,0.0713616343163,17,5,2,20,0.00046353662565,4.17182963085e-05,0.00046353662565,0.00473667311696,0.00233515130535,0.0014182927944,0.00046353662565,4.17182963085e-05,0.00046353662565,0.268536724268,0.506879139135,0.214156436285
844,0.0110039492615,0.0405785325238,0.0350700560152,0.292630829222,0.0475299279805,0.0939809328122,0.12463229413,0.0502272416861,0.0621527423112,0.0182351204941,0.0824285059769,0.141529867587,17,5,2,20,0.000496578179499,4.46920361549e-05,0.000496578179499,0.0239959791919,0.00249028164667,0.00262925816612,0.000496578179499,4.46920361549e-05,0.000496578179499,0.262700414004,0.496385497505,0.209722872696
845,0.139044864449,0.103882818721,0.249175001912,0.0658231056527,0.026473371042,0.0176431438808,0.147033567205,0.0539964901053,0.050212954355,0.0262360540191,0.00606801164572,0.114410617014,17,5,2,20,0.000403264965784,3.62938469205e-05,0.000403264965784,0.00284920759836,0.0064130527733,0.00064797199635,0.000403264965784,3.62938469205e-05,0.000403264965784,0.268092265603,0.506370372212,0.21394148226
846,0.0770213289036,0.0106229454397,0.0662209624182,0.0886612550403,0.253864622932,0.0438484273082,0.0386361749626,0.0242704902701,0.217770147489,0.108132690374,0.0240078664911,0.0469430883714,17,5,2,20,0.000315498649892,2.83948784903e-05,0.000315498649892,0.00752511150974,0.00849795348682,0.000455829681745,0.000315498649892,2.83948784903e-05,0.000315498649892,0.266382978631,0.503212191448,0.212607150887
847,0.0636087576915,0.036640708992,0.048821669439,0.192471615199,0.0127191675746,0.0458938351853,0.127887245531,0.0211871989534,0.0731200647426,0.0829726622213,0.0195228247444,0.275154249725,17,5,2,20,0.000264520261281,2.38068235153e-05,0.000264520261281,0.00536323259925,0.00124469187677,0.000657067287103,0.000264520261281,2.38068235153e-05,0.000264520261281,0.269191822326,0.507864668695,0.214572822524
848,0.0798995536553,0.0105709254173,0.0938613058388,0.14052245287,0.0833412796773,0.0094050412177,0.247522521241,0.0900074784596,0.201538553777,0.00418715632058,0.0166043151115,0.0225394164129,17,5,2,20,0.00409587308865,0.000368628577978,0.00409587308865,0.0836440136388,0.0665196060256,0.0134823448102,0.00409587308865,0.000368628577978,0.00409587308865,0.222183650136,0.419718548948,0.17733108693
849,0.0156894596529,0.0515297915187,0.048244354536,0.286365105336,0.0779527011889,0.0113029615374,0.0442824971864,0.137150874808,0.0165461149752,0.163040052431,0.00569739956068,0.14219868727,17,5,2,20,0.00039550909351,3.55958184159e-05,0.00039550909351,0.0118456078048,0.0031817143015,0.0016340434939,0.00039550909351,3.55958184159e-05,0.00039550909351,0.26649017758,0.502773447318,0.212421781492
850,0.104974748802,0.158063907266,0.00484654935783,0.0703808904748,0.115636429698,0.243637011722,0.0141767106721,0.0517285803146,0.121432826543,0.0520854712803,0.0506945452176,0.0123423286525,17,5,2,20,0.000709641206298,6.38677085668e-05,0.000709641206298,0.0096028479578,0.0135233911512,0.00266024148412,0.000709641206298,6.38677085668e-05,0.000709641206298,0.263659430505,0.497425510481,0.210162278178
851,0.00316513297159,0.0428014632066,0.00465437704546,0.231431933672,0.0580145225275,0.295279769354,0.000904255233778,0.0096666795454,0.122494148382,0.0860444607438,0.0280771812316,0.117466076087,17,5,2,20,0.000304168618665,2.73751756799e-05,0.000304168618665,0.00451740003404,0.00417838974893,0.0003183728958,0.000304168618665,2.73751756799e-05,0.000304168618665,0.268663706791,0.506889775539,0.214160930165
852,0.0152148699655,0.0568031241074,0.00984830738666,0.253425222701,0.102054907705,0.154792209926,0.0593943608581,0.0567529930544,0.0430041900612,0.0076919880149,0.185285909005,0.0557319172148,17,5,2,20,0.000243978782705,2.19580904434e-05,0.000243978782705,0.00187029834157,0.00116006029006,0.00194574711748,0.000243978782705,2.19580904434e-05,0.000243978782705,0.269742148732,0.509147215612,0.215114698596
853,0.0258245618624,0.0676322174608,0.0722243635095,0.0680428216781,0.0969801225372,0.0513802506822,0.322854435699,0.171299456739,0.0737285089036,0.0221257054837,0.00339501896068,0.0245125364839,17,5,2,20,1.86035350343e-05,1.67431815309e-06,1.86035350343e-05,9.08980260302e-05,0.000299767601839,1.39886886466e-05,1.86035350343e-05,1.67431815309e-06,1.86035350343e-05,0.270827032031,0.512260492707,0.216430058169
854,0.0553338299372,0.0846391030675,0.0131313197795,0.0355641792761,0.159961689623,0.10595068573,0.271194672998,0.032182638944,0.0153492594973,0.196195859318,0.000477991216483,0.0300187706125,17,5,2,20,0.000459224564066,4.13302107659e-05,0.000459224564066,0.0267602535312,0.00287818511354,0.00430601696695,0.000459224564066,4.13302107659e-05,0.000459224564066,0.261559822728,0.493902399285,0.208673763698
855,0.0297374936504,0.129624632039,0.0104853047396,0.155550597636,0.14143181832,0.0515392070542,0.0019774558009,0.0952731358156,0.228810275234,0.0418034157313,0.0836385005792,0.0301281634003,17,5,2,20,0.00061563973721,5.54075763489e-05,0.00061563973721,0.0365513769378,0.00641872395001,0.0027802849134,0.00061563973721,5.54075763489e-05,0.00061563973721,0.258238483687,0.487478211888,0.205959544523
856,0.150164191403,0.137137246953,0.077337213063,0.0335303194492,0.0416364724242,0.104501864115,0.0873747232401,0.0888322422178,0.0455968785764,0.100270082351,0.0272589151455,0.106359851061,17,5,2,20,0.000187028885735,1.68325997162e-05,0.000187028885735,0.000966281712125,0.000128267261766,0.00174510313831,0.000187028885735,1.68325997162e-05,0.000187028885735,0.269133678268,0.511244210107,0.21600067877
857,0.0330385805793,0.159264079909,0.150392949914,0.00375949595375,0.013443856428,0.142475755215,0.000942648155078,0.0565930670224,0.099757651933,0.0168271148067,0.32299441949,0.000510380593631,17,5,2,20,0.000192906244387,1.73615619948e-05,0.000192906244387,0.00275122509665,0.000934438469977,0.000614596663195,0.000192906244387,1.73615619948e-05,0.000192906244387,0.269756710457,0.509762166054,0.215374515158
858,0.146113137686,0.0275310854226,0.0727950883239,0.233461825835,0.03756710357,0.00648367906578,0.0944298367507,0.0227946115968,0.0518390915166,0.136176930895,0.0679180969317,0.102889512405,17,5,2,20,6.98145135634e-05,6.28330622071e-06,6.98145135634e-05,0.000138471397855,0.000710282980121,8.1475890585e-05,6.98145135634e-05,6.28330622071e-06,6.98145135634e-05,0.271037149724,0.51159282625,0.216147969091
859,0.00280962476428,0.0733667393432,0.0897927592205,0.0271418754157,0.0481199793706,0.03679701668,0.328430044122,0.0423354704205,0.0972465465144,0.171175657352,0.051226604418,0.0315576823794,17,5,2,20,0.000234939088861,2.11445179975e-05,0.000234939088861,0.0137940525758,0.00288621344349,0.00182296051395,0.000234939088861,2.11445179975e-05,0.000234939088861,0.265673325686,0.502524711697,0.212316690692
860,0.104100988592,0.000363867493772,0.0848833935051,0.134438292177,0.162970244418,0.0410652105439,0.0135262263005,0.0760538595548,0.16396795437,0.0227496584691,0.156555336959,0.0393249676157,17,5,2,20,0.000323304559307,2.90974103376e-05,0.000323304559307,0.00205565415872,0.00106014495416,0.000801999636969,0.000323304559307,2.90974103376e-05,0.000323304559307,0.270032776586,0.509453786718,0.215244224888
861,0.0539446369958,0.021441683723,0.154534680201,0.0540381325644,0.0737033411765,0.0480281088197,0.0362439230145,0.0243880677981,0.261837651268,0.234281452773,0.00185889660394,0.0356994250623,17,5,2,20,0.000305015139947,2.74513625952e-05,0.000305015139947,0.0191928458275,0.00402513743191,0.000364767696053,0.000305015139947,2.74513625952e-05,0.000305015139947,0.264573445787,0.49952115288,0.211047687092
862,0.000459522500988,0.0227795047877,0.257599432242,0.0201779429649,0.0390107203807,0.0022084041583,0.108471776516,0.190510276002,0.103450343723,0.0934918484022,0.0288953550604,0.132944873261,17,5,2,20,0.000229392417841,2.06453176057e-05,0.000229392417841,0.0167529059883,0.00229289722133,0.0044079231139,0.000229392417841,2.06453176057e-05,0.000229392417841,0.264799517524,0.499675146465,0.211112749381
863,0.143254035781,0.0292298416717,0.0590800764483,0.0225263125845,0.297350216179,0.0133325706291,0.202998879843,0.0278788927859,0.0575138414826,0.0589531408231,0.082957313593,0.00492487817821,17,5,2,20,0.000535851265605,4.82266139045e-05,0.000535851265605,0.00452221592724,0.00601373667187,0.00311615682694,0.000535851265605,4.82266139045e-05,0.000535851265605,0.267150695787,0.504012187344,0.212945149153
864,0.261922924706,0.0136660386336,0.0661610016037,0.0843777502406,0.0467855129605,0.0469685597602,0.0831983418476,0.209270750476,0.0254964004879,0.00796976050672,0.0154432927524,0.138739666025,17,5,2,20,0.000595630922285,5.36067830056e-05,0.000595630922285,0.045302147422,0.00518948491097,0.00354694853733,0.000595630922285,5.36067830056e-05,0.000595630922285,0.255791246238,0.483430886212,0.204249549425
865,0.164831284415,0.0525873784246,0.0642925196022,0.119015403917,0.0233009584884,0.189037195275,0.0265516594284,0.0779365949863,0.0120278486065,0.0840139911608,0.14441368041,0.0419914852863,17,5,2,20,0.000270751903733,2.4367671336e-05,0.000270751903733,0.00543546061228,0.000906083908528,0.0025641971302,0.000270751903733,2.4367671336e-05,0.000270751903733,0.268644897211,0.507077411726,0.214240206454
866,0.0457378427546,0.344830276973,0.0168201350975,0.0151687260119,0.0971689122122,0.0114709694329,0.0479128415664,0.0480500731232,0.0172976020477,0.0438101840595,0.15886339519,0.152869041531,17,5,2,20,3.52490881343e-07,3.17241793209e-08,3.52490881343e-07,9.03699240625e-06,1.66919501599e-06,3.0640487415e-07,3.52490881343e-07,3.17241793209e-08,3.52490881343e-07,0.2714597183,0.512146077818,0.216381717878
867,0.0327148646031,0.0804946585418,0.00497978527745,0.159882503348,0.0609950084238,0.0967692618197,0.168326097334,0.195901566315,0.13928709096,0.0301677325502,0.0241213694815,0.00636006134514,17,5,2,20,0.00225278078922,0.00020275027103,0.00225278078922,0.0413426701374,0.0293006626349,0.00178224125752,0.00225278078922,0.00020275027103,0.00225278078922,0.249125292172,0.470321623971,0.198710886128
868,0.0305682698731,0.000207936199582,0.00416728449329,0.0847320112985,0.0438164048313,0.031441598136,0.459132524333,0.0414640745647,0.0763047384835,0.202060686366,0.0200515329104,0.00605293851076,17,5,2,20,0.00039965516806,3.59689651254e-05,0.00039965516806,0.00643347763743,0.000616682383035,0.00321772619294,0.00039965516806,3.59689651254e-05,0.00039965516806,0.26810913226,0.506117696256,0.213834726668
869,0.150273414533,0.301157825567,0.0149413264482,0.152299078662,0.00138268810498,0.0134562542641,0.155430168268,0.0247933434773,0.0642815292472,0.00412166053887,0.101298726391,0.0165639844979,17,5,2,20,1.30879725042e-05,1.17791752538e-06,1.30879725042e-05,1.30120536588e-05,0.000101376320464,3.3414248453e-06,1.30879725042e-05,1.17791752538e-06,1.30879725042e-05,0.271414316856,0.512065550524,0.216347695096
870,0.114666918775,0.0956945775637,0.000322306250636,0.115317279747,0.124561625999,0.0991021588372,0.0386695277689,0.145631370037,0.0902226931962,0.0446678643255,0.0769080376696,0.0542356398297,17,5,2,20,1.47205979858e-06,1.32485381872e-07,1.47205979858e-06,3.11336862385e-05,3.61743706772e-06,1.36939488886e-06,1.47205979858e-06,1.32485381872e-07,1.47205979858e-06,0.271218993063,0.512294364294,0.216444368914
871,0.0437702255254,0.0365521823154,0.0243915843684,0.041064019333,0.128944527982,0.134961669539,0.0754688766902,0.266054935981,0.103090675829,0.078808152922,0.0205384804909,0.0463546690227,17,5,2,20,0.000484777799605,4.36300019644e-05,0.000484777799605,0.062211483832,0.00885090890511,0.00336141715807,0.000484777799605,4.36300019644e-05,0.000484777799605,0.250540211163,0.473117474685,0.199892133054
872,0.109021051406,0.00748370621332,0.0519810686347,0.0374990674239,0.0551218725593,0.00553397265457,0.0598513801674,0.203328297974,0.0226713026976,0.0352299147074,0.2086468822,0.203631483362,17,5,2,20,7.98013720087e-05,7.18212348078e-06,7.98013720087e-05,0.00321238941953,0.000838668110069,0.000132685851475,7.98013720087e-05,7.18212348078e-06,7.98013720087e-05,0.270132378217,0.509912343527,0.21543796514
873,0.0151400414201,0.0683816863453,0.177513016365,0.0174807260046,0.0338611295567,0.0890334800596,0.159281818536,0.0156142670604,0.0902867767132,0.053579217299,0.178673916845,0.101153923795,17,5,2,20,0.000108010059553,9.72090535974e-06,0.000108010059553,0.00549359330449,0.00109008819798,0.00113505395286,0.000108010059553,9.72090535974e-06,0.000108010059553,0.269139248971,0.508042554323,0.214647979202
874,0.0636514159772,0.101132361876,0.0334925040996,0.0103740164898,0.0238534488964,0.0875919523585,0.0202318455601,0.131689830746,0.0318513628271,0.34241442504,0.00486294777929,0.14885388835,17,5,2,20,3.08070309816e-05,2.77263278834e-06,3.08070309816e-05,0.000253502525907,0.000485826098234,9.29697019981e-05,3.08070309816e-05,2.77263278834e-06,3.08070309816e-05,0.27110801253,0.511726478562,0.216204437192
875,0.034789925466,0.0145927931868,0.0675093691015,0.123758668524,0.0268521820865,0.0694163450919,0.162923424256,0.101200060369,0.102638401328,0.0402958680702,0.0574815682491,0.198541394271,17,5,2,20,9.09258506899e-05,8.18332656209e-06,9.09258506899e-05,0.000253599257925,0.000475805077869,0.000247246024225,9.09258506899e-05,8.18332656209e-06,9.09258506899e-05,0.2708700162,0.511615650885,0.216157612499
876,0.00275620675759,0.0110220077418,0.0802811865964,0.201762422629,0.115947095986,0.0223519613525,0.0039946618502,0.0720634851226,0.0435159005457,0.011853437918,0.424706792117,0.00974484138304,17,5,2,20,4.18648082366e-05,3.76783274129e-06,4.18648082366e-05,0.00019082264679,0.000492565942416,8.15291642402e-05,4.18648082366e-05,3.76783274129e-06,4.18648082366e-05,0.270954469104,0.511849292263,0.216256325981
877,0.0901302476035,0.0853203309509,0.286906446186,0.146176517521,0.0208145966283,0.00440685130555,0.0243499708525,0.000469243537856,0.0759481696722,0.0392903035573,0.154468546725,0.0717187754599,17,5,2,20,0.000328505549673,2.95654994706e-05,0.000328505549673,0.00377778832227,0.0017491128108,0.00106373787439,0.000328505549673,2.95654994706e-05,0.000328505549673,0.269302104927,0.508073183036,0.214660919833
878,0.143020545351,0.021274749604,0.0720575782955,0.00739107961031,0.0585122451951,0.144384817931,0.317894571545,0.00027001034499,0.018686816355,0.0567238955462,0.0678212172457,0.0919624729762,17,5,2,20,0.000429648489747,3.86683640772e-05,0.000429648489747,0.00503670603213,0.00264237398161,0.0019929256703,0.000429648489747,3.86683640772e-05,0.000429648489747,0.268347973697,0.506280555312,0.213903534619
879,0.128278705292,0.037558723141,0.0151284855543,0.0192630942039,0.210930991914,5.27795745688e-05,0.0909746985539,0.0807700628876,0.0212345868924,0.0186624078053,0.126244171375,0.250901292806,17,5,2,20,0.000150618717675,1.35556845908e-05,0.000150618717675,0.00237083339258,0.00131242477122,0.000434771328317,0.000150618717675,1.35556845908e-05,0.000150618717675,0.270081320366,0.509786336662,0.21538472724
880,0.03816574105,0.266816026759,0.108458631798,0.0962698918006,0.0329583984914,0.228774819739,0.0245820031603,0.00241134253431,0.0345394834673,0.0779610961666,0.0665663939849,0.0224961710477,17,5,2,20,0.000714590467436,6.43131420693e-05,0.000714590467436,0.0170613437989,0.00624811740121,0.00165390248366,0.000714590467436,6.43131420693e-05,0.000714590467436,0.26382823343,0.497870941815,0.210350472917
881,0.0232315505715,0.0903796752467,0.0139593596481,0.0583392100153,0.0302874828065,0.031603534111,0.109868975902,0.0740083836246,0.411564161251,0.0847694902912,0.0533892007798,0.0185989757528,17,5,2,20,0.000919496918634,8.27547226771e-05,0.000919496918634,0.0179598970099,0.00530761889049,0.00287222974535,0.000919496918634,8.27547226771e-05,0.000919496918634,0.262959038307,0.49705287798,0.210004840947
882,0.03719585154,0.102056624857,0.0338104094608,0.0140279866161,0.0425546595588,0.162893746648,0.0331331219681,0.12232065453,0.0329417444995,0.221087626516,0.125519169069,0.0724584047355,17,5,2,20,0.000122463485567,1.10217137011e-05,0.000122463485567,0.00341631634843,0.00210079870177,0.000202286908571,0.000122463485567,1.10217137011e-05,0.000122463485567,0.269543711648,0.509121257662,0.215103731362
883,0.0885603176289,0.0858168156562,0.0812349202659,0.0402512349891,0.274701159238,0.0536901666392,0.0401873782697,0.161283451161,0.126033585778,0.018357698221,0.0101875250065,0.019695747147,17,5,2,20,0.00257249248278,0.00023152432345,0.00257249248278,0.0243847309595,0.00783643868031,0.049489110674,0.00257249248278,0.00023152432345,0.00257249248278,0.246301539908,0.464840183621,0.19639497758
884,0.031669280438,0.103377549266,0.0405719726182,0.0587226432746,0.120513562223,0.062969263167,0.127774073962,0.0613235192318,0.126703884856,0.0286196308632,0.0230629182949,0.214691701806,17,5,2,20,4.1293808883e-06,3.71644279947e-07,4.1293808883e-06,9.5831452857e-06,9.41556007629e-06,1.16696898069e-05,4.1293808883e-06,3.71644279947e-07,4.1293808883e-06,0.271451794624,0.512126731929,0.21637354424
885,0.0113336706621,0.0276019191001,0.0959970975856,0.21840041623,0.0971454020318,0.189692229113,0.0970177648462,0.00208511862313,0.0469909614899,0.0734491717339,0.0984456842337,0.0418405643505,17,5,2,20,0.000324361387555,2.91925248799e-05,0.000324361387555,0.00374306755208,0.00521003042556,0.000257758710729,0.000324361387555,2.91925248799e-05,0.000324361387555,0.268596319608,0.50673953821,0.214097454894
886,0.00896236125439,0.0512472508047,0.0177295395699,0.0444536863709,0.0341051084052,0.00772087849952,0.0256981268776,0.0248986414807,0.269845145467,0.0371889497382,0.235255462601,0.24289484893,17,5,2,20,3.8537638953e-05,3.46838750577e-06,3.8537638953e-05,0.000442675856918,0.000202296023157,0.000270280842075,3.8537638953e-05,3.46838750577e-06,3.8537638953e-05,0.270945648531,0.511759586233,0.216218425183
887,0.0725384646166,0.0604982762792,0.0626597552112,0.0183816562035,0.209005131029,0.0862506664259,0.0792128488268,0.159690133824,0.0131878508349,0.0768627884887,0.00298615260999,0.158726275651,17,5,2,20,0.000279722896911,2.5175060722e-05,0.000279722896911,0.00221858811232,0.00079519134691,0.000391472503226,0.000279722896911,2.5175060722e-05,0.000279722896911,0.270222989525,0.509808447665,0.215394069139
888,0.1320226768,0.0055770425123,0.0600373161747,0.0728599265201,0.00603157124163,0.141818086662,0.120758654509,0.0481894643217,0.128077768911,0.0963706103899,0.00888386356264,0.179373018394,17,5,2,20,3.50145326241e-06,3.15130793617e-07,3.50145326241e-06,4.66418960059e-05,7.97032611778e-06,6.1954732265e-06,3.50145326241e-06,3.15130793617e-07,3.50145326241e-06,0.271111828489,0.51234638154,0.216466346201
889,0.198181857332,0.00106462249459,0.134893857337,0.0101876981562,0.100312069126,0.334938303839,0.0329442719802,0.0135476011429,0.0762509605665,0.0191244483233,0.0255181556955,0.0530361540073,17,5,2,20,0.00116487161918,0.000104838445726,0.00116487161918,0.00893287836661,0.0129079471321,0.00340896494752,0.00116487161918,0.000104838445726,0.00116487161918,0.26328856407,0.496725822225,0.20986665989
890,0.0053551602178,0.0196198138259,0.0697803340659,0.0111982401124,0.211117274515,0.419017372854,0.0192023101642,0.0572153804101,0.0424721998599,0.0528422707121,0.0876070158352,0.00457262742773,17,5,2,20,0.000622929008008,5.60636107207e-05,0.000622929008008,0.0357203527591,0.00587055651307,0.00949759075223,0.000622929008008,5.60636107207e-05,0.000622929008008,0.256821324378,0.48470040938,0.204785922963
891,0.16517279718,0.0419332512712,0.0972104547629,0.132412794269,0.0284494162946,0.0428691195899,0.103971885308,0.0358764299879,0.0075331395194,0.00380147587499,0.0471671601935,0.293602075748,17,5,2,20,5.78873092747e-05,5.20985783472e-06,5.78873092747e-05,0.000158689746475,0.000676971118244,2.56333124159e-05,5.78873092747e-05,5.20985783472e-06,5.78873092747e-05,0.270937860787,0.511746134329,0.216212741754
892,0.00703545459984,0.0455517456193,0.106096885656,0.0187685714987,0.115476173048,0.0062909083728,0.284168293887,0.0331884718928,0.137324384229,0.0866408918419,0.0170328804646,0.14242533889,17,5,2,20,6.15811457618e-05,5.54230311856e-06,6.15811457618e-05,4.81776730627e-05,0.000178358504107,4.18864942443e-05,6.15811457618e-05,5.54230311856e-06,6.15811457618e-05,0.271226132469,0.511949409962,0.216298625709
893,0.0784114721526,0.520136688833,0.145660333038,0.096257104752,0.0084657129806,0.0197384170084,0.077214833603,0.00675462573373,0.00364004747633,0.0306093359129,0.0130578127873,5.36157225894e-05,17,5,2,20,0.00402904340258,0.000362613906232,0.00402904340258,0.0814895117765,0.0275434475661,0.0322395214605,0.00402904340258,0.000362613906232,0.00402904340258,0.228182260444,0.431426261743,0.182277595587
894,0.0552012098553,0.0715388873637,0.00329742832454,0.0816945414075,0.0176547963025,0.159001645872,0.19632854049,0.0700212294482,0.043271298159,0.103527819051,0.056799668471,0.141662935255,17,5,2,20,0.000159774896574,1.43797406916e-05,0.000159774896574,0.00260618139166,0.00061757473029,0.00194954975621,0.000159774896574,1.43797406916e-05,0.000159774896574,0.269873883091,0.50916341087,0.215121541093
895,0.0100236782439,0.00984146055152,0.0147307600376,0.0961865149026,0.00655424979602,0.097772725746,0.132844718965,0.312589144817,0.217926997359,0.0270281803454,0.0216561512795,0.0528454179567,17,5,2,20,0.00185922701331,0.000167330431198,0.00185922701331,0.0133068116723,0.00392541428654,0.00586263390257,0.00185922701331,0.000167330431198,0.00185922701331,0.262987564861,0.496411955263,0.209734051099
896,0.0400906467285,0.0764551648864,0.0206635197671,0.271542619799,0.0543341374121,0.139791923378,0.00809525859847,0.0999504592067,0.0287351156723,0.0452422105183,0.0956077034279,0.119491240606,17,5,2,20,1.13614329348e-06,1.02252896413e-07,1.13614329348e-06,1.27801824699e-05,4.39859102957e-05,2.03045368026e-06,1.13614329348e-06,1.02252896413e-07,1.13614329348e-06,0.271444031292,0.512121211306,0.216371211777
897,0.0332794926111,0.144419272915,0.171001287505,0.0770477454799,0.0902313646581,0.0569920508764,0.219153575556,0.0515640682052,0.10969228542,0.00986886623702,0.00173646402703,0.0350135265092,17,5,2,20,0.00480026018822,0.00043202341694,0.00480026018822,0.0350571927169,0.0593649726791,0.00179157727661,0.00480026018822,0.00043202341694,0.00480026018822,0.239694688456,0.452742693346,0.191283787939
898,0.0613994525684,0.0973964350716,0.0581267854426,0.158246076615,0.108494080237,0.125612637789,0.0842445525088,0.0213698961102,0.0168262083856,0.0624818874106,0.0553085081329,0.150493479728,17,5,2,20,0.000163902654128,1.47512388715e-05,0.000163902654128,0.00106536928844,0.00155841039476,0.00091109393556,0.000163902654128,1.47512388715e-05,0.000163902654128,0.270223653376,0.510057195017,0.215499164895
899,0.118738032701,0.0340915834298,0.0111605331286,0.0639558374917,0.249180523208,0.056066786674,0.0451332117823,0.180148792416,0.097084553027,0.0134013139545,0.0508260919393,0.0802127402472,17,5,2,20,1.76784290312e-05,1.59105861281e-06,1.76784290312e-05,5.90079390041e-05,5.00087332252e-05,2.81005274509e-05,1.76784290312e-05,1.59105861281e-06,1.76784290312e-05,0.271141756816,0.512230038771,0.216417191381
900,0.202806824431,0.0329574559355,0.0537476850389,0.0732964180011,0.309309376432,0.0488017491137,0.112920734003,0.0800155530814,0.00580673541555,0.00715774410009,0.0120683077353,0.0611114167132,17,5,2,20,0.00171749951673,0.000154574956506,0.00171749951673,0.0445194368222,0.0215050527718,0.00225400638969,0.00171749951673,0.000154574956506,0.00171749951673,0.250855384926,0.473593652802,0.200093318309
901,0.152925774766,0.222514895956,0.00640404175109,0.0976104814583,0.0558740249694,0.0751301694013,0.113588957952,0.0228300697671,0.133618198493,0.00759223272052,0.00878496628356,0.103126186482,17,5,2,20,0.00143190749946,0.000128871674952,0.00143190749946,0.0214802198261,0.00883965159798,0.00573147756589,0.00143190749946,0.000128871674952,0.00143190749946,0.259743460472,0.490839941786,0.207379875405
902,0.0261612628155,0.249418912995,0.102127250867,0.0134931995996,0.105534043655,0.0835076790415,0.0389990399493,0.0869219703966,0.0659627160587,0.0872032478131,0.0989832220478,0.0416874547609,17,5,2,20,0.000686480776194,6.17832698575e-05,0.000686480776194,0.0182271712535,0.00383293906123,0.00281595428941,0.000686480776194,6.17832698575e-05,0.000686480776194,0.263248844856,0.498422215041,0.210583385855
903,0.111154861544,0.0176734983579,0.204575488356,0.150005721621,0.0188771667969,0.138047079068,0.047642010411,0.0947242990367,0.146298449624,0.0420334017821,0.0245506456371,0.00441737776602,17,5,2,20,0.00150022096656,0.00013501988699,0.00150022096656,0.00729599236335,0.0267631280824,0.000886241593442,0.00150022096656,0.00013501988699,0.00150022096656,0.260274726886,0.49104322491,0.207465762525
904,0.0134702375042,0.102883878557,0.423516198546,0.0317901848551,0.172136375301,0.00836159257042,0.0726599949013,0.0442380727989,0.0201486199812,0.0241737975127,0.00208749038617,0.0845335570859,17,5,2,20,0.00089713787543,8.07424087887e-05,0.00089713787543,0.00363778928153,0.00703518302367,0.0036029850632,0.00089713787543,8.07424087887e-05,0.00089713787543,0.266571363635,0.502919256715,0.212483385962
905,0.102362631353,0.297935412711,0.0212319988032,0.0932912918295,0.00138075548885,0.0933701229609,0.0756590461896,0.0504727832013,0.105687044985,0.0729087017051,0.0214610673116,0.0642391434604,17,5,2,20,0.00120997038155,0.00010889733434,0.00120997038155,0.0267552630956,0.00692357342611,0.00289801708868,0.00120997038155,0.00010889733434,0.00120997038155,0.259937850697,0.490986024252,0.207441595246
906,0.312178949441,0.0393546835296,0.097312462296,0.177875628687,0.0356178163344,0.0600541123478,0.0750805509782,0.0433644972782,0.0216918486059,0.02726286081,0.0356487799208,0.074557809771,17,5,2,20,8.63377248799e-07,7.77039523919e-08,8.63377248799e-07,4.07577403624e-05,7.30136499845e-06,1.162335722e-06,8.63377248799e-07,7.77039523919e-08,8.63377248799e-07,0.271217131236,0.512288251955,0.216441786451
907,0.236957452235,0.134550474975,0.00801515918975,0.0289673394345,0.0479183339132,0.0614072242286,0.0641732421554,0.164449874685,0.183555608304,0.011020968877,0.0556290561438,0.00335526585819,17,5,2,20,0.00287041316004,0.000258337184404,0.00287041316004,0.00542577869131,0.0045515348384,0.0122519634949,0.00287041316004,0.000258337184404,0.00287041316004,0.261860961864,0.494841078455,0.209070355647
908,0.101127596187,0.00112703192811,0.105958943182,0.086924480696,0.0538338844065,0.0033933440038,0.160032879362,0.129050835006,0.175115082942,0.127973911893,0.0135369408799,0.0419250695139,17,5,2,20,1.20451779909e-05,1.08406601918e-06,1.20451779909e-05,0.000118006250297,5.65972098902e-05,6.6985003706e-05,1.20451779909e-05,1.08406601918e-06,1.20451779909e-05,0.271151423431,0.512166354489,0.216390284772
909,0.000222277721099,0.164637994371,0.0731363423698,0.0581370287407,0.0645299679443,0.0654134819472,0.108157342954,0.0894631393351,0.0621917137023,0.00709096760708,0.288238761195,0.0187809821117,17,5,2,20,2.56061448251e-06,2.30455303426e-07,2.56061448251e-06,7.10629944225e-05,3.63726963949e-05,2.12300799232e-06,2.56061448251e-06,2.30455303426e-07,2.56061448251e-06,0.270811336389,0.512526117078,0.216542284466
910,0.00395311105991,0.0282114057116,0.0623465122016,0.10931270364,0.171658684209,0.0415143649749,0.0309574255008,0.0378174796675,0.0834181385417,0.104629677434,0.211505834192,0.114674662867,17,5,2,20,0.000113081929216,1.01773736294e-05,0.000113081929216,0.00252313335447,0.000569629406764,0.00156458297212,0.000113081929216,1.01773736294e-05,0.000113081929216,0.269971697081,0.509594569224,0.215303705497
911,0.00711031262035,0.175633388465,0.121944414548,0.0177721638699,0.0543722176326,0.153384729776,0.0428140079393,0.09299016378,0.0938100498951,0.0950638959362,0.0765233258369,0.0685813297007,17,5,2,20,0.000228678013176,2.05810211859e-05,0.000228678013176,0.00235424954994,0.000675254098512,0.00204067714144,0.000228678013176,2.05810211859e-05,0.000228678013176,0.269822670548,0.509069437306,0.215081837262
912,0.0172991018064,0.0454669250407,0.105537533979,0.172348388243,0.0704216164251,0.118051560184,0.142198557027,0.160751330805,0.0521667978935,0.0282786590359,0.0711032148305,0.0163763147303,17,5,2,20,0.000446270223978,4.0164320158e-05,0.000446270223978,0.0157829673527,0.0141681932554,0.00558171917432,0.000446270223978,4.0164320158e-05,0.000446270223978,0.26128105179,0.493019795354,0.208300863537
913,0.0313827226267,0.145453061014,0.087907341084,0.0389515810689,0.0836028522554,0.14810636738,0.147784834168,0.163219720248,0.0356871026008,0.0585672606073,0.0147726335258,0.0445645234207,17,5,2,20,1.90867786192e-05,1.71781007572e-06,1.90867786192e-05,5.59654290525e-05,0.000198821564596,3.24270739707e-05,1.90867786192e-05,1.71781007572e-06,1.90867786192e-05,0.271256211941,0.512039923555,0.216336867702
914,0.00613044708491,0.153973988787,0.0515787489817,0.0116739091966,0.0166224286123,0.0598014583338,0.319746296291,0.0640364730712,0.0970437414239,0.0838984207535,0.0168540048502,0.118640082614,17,5,2,20,0.000436528384722,3.92875546249e-05,0.000436528384722,0.00558976385552,0.00120711066394,0.000596817583986,0.000436528384722,3.92875546249e-05,0.000436528384722,0.268944580413,0.507442558057,0.214394480779
915,0.0804773222162,0.0307986364196,0.00432138177724,0.0645669613668,0.0742540201911,0.0110444456496,0.0896480338258,0.274187801238,0.0304798957186,0.221277381445,0.0449420075639,0.0740021125883,17,5,2,20,2.85508848011e-06,2.5695796321e-07,2.85508848011e-06,7.47745405193e-05,0.000121158548374,5.01232200879e-06,2.85508848011e-06,2.5695796321e-07,2.85508848011e-06,0.270909430769,0.512392048893,0.216485640657
916,0.01244203017,0.00806378772149,0.145460808782,0.117089700618,0.044667066182,0.211971793148,0.228442693839,0.0264959088701,0.0539115355858,0.0908634251011,0.0336532131712,0.0269380368111,17,5,2,20,0.000474351244729,4.26916120257e-05,0.000474351244729,0.0114722330115,0.00133295102657,0.0094364985968,0.000474351244729,4.26916120257e-05,0.000474351244729,0.264764216937,0.499832205431,0.211179106794
917,0.190221489059,0.137392986186,0.0917882166323,0.140316752275,0.0468918290347,0.00670607092754,0.026482295749,0.0431579687997,0.0171966857558,0.103124679293,0.0140799483097,0.182641077979,17,5,2,20,0.000244645390299,2.20180851269e-05,0.000244645390299,0.00770094766356,0.00140542274621,0.0027046423193,0.000244645390299,2.20180851269e-05,0.000244645390299,0.26764671798,0.505813463311,0.213706188249
918,0.132287456872,0.0119683972379,0.217292327277,0.151950669539,0.0389304055927,0.0283160918237,0.0119773373101,0.0748522083961,0.0870076960306,0.100456224274,0.12342059044,0.0215405952058,17,5,2,20,5.77266307937e-06,5.19539677143e-07,5.77266307937e-06,1.2228184923e-05,3.42618994676e-05,4.14822207934e-05,5.77266307937e-06,5.19539677143e-07,5.77266307937e-06,0.271430991077,0.512096243857,0.216360663029
919,0.26540905542,0.122046499875,0.0605737567803,0.119397746975,0.0197773510214,0.0334643386798,0.0261435288792,0.00197650975616,0.0240957265748,0.153459849029,0.0763071295046,0.0973485075032,17,5,2,20,0.000254374726337,2.28937253703e-05,0.000254374726337,0.0116921344105,0.0022780802509,0.000718335546925,0.000254374726337,2.28937253703e-05,0.000254374726337,0.266939003497,0.504259514895,0.213049645043
920,0.138334429483,0.015643643565,0.0635288880529,0.123295758517,0.00257218963605,0.250220069397,0.0576061294585,0.00644598566618,0.0118169889344,0.124205547799,0.0665584529508,0.139771916541,17,5,2,20,8.49698754187e-05,7.64728878769e-06,8.49698754187e-05,0.00025109298344,0.000759347930575,4.3125790342e-05,8.49698754187e-05,7.64728878769e-06,8.49698754187e-05,0.270759514265,0.511656762707,0.216174982244
921,0.0862201850467,0.203966172509,0.0210297445942,0.0141211992248,0.0784565142696,0.120535103791,0.0374876658442,0.0283459880975,0.224880735652,0.175792408825,0.00683362027198,0.00233066187442,17,5,2,20,0.000467369079149,4.20632171234e-05,0.000467369079149,0.00375566711567,0.00185485676749,0.000977108922024,0.000467369079149,4.20632171234e-05,0.000467369079149,0.268920862063,0.507935256507,0.214602645874
922,0.0822024633795,0.0248307025895,0.079311620213,0.234700154224,0.05622237593,0.0775026151039,0.184805640043,0.0211812048041,0.0684489078232,0.0186475345094,0.0640876135055,0.0880591678745,17,5,2,20,0.000288383602305,2.59545242075e-05,0.000288383602305,0.000530208397142,0.000801286826861,0.00052635057698,0.000288383602305,2.59545242075e-05,0.000288383602305,0.270537477088,0.510649724888,0.215749508765
923,0.0208660794421,0.0367612093887,0.0803839325751,0.113467287448,0.0983496888412,0.107605704429,0.0668056200576,0.0797294341747,0.071320974801,0.00822144753146,0.123832707743,0.192655913568,17,5,2,20,0.000136602683883,1.22942415495e-05,0.000136602683883,0.00116723259528,0.000838024942482,0.000758295574288,0.000136602683883,1.22942415495e-05,0.000136602683883,0.270333958392,0.510602101425,0.215729387852
924,0.0331564291481,0.0990136929317,0.0464451158687,0.0303251867238,0.0254439248316,0.143048875375,0.108556607906,0.0603745883703,0.10838687328,0.0513085326815,0.228698988778,0.0652411841058,17,5,2,20,5.9588326313e-05,5.36294936817e-06,5.9588326313e-05,0.000317593548959,0.000799627834356,0.000402054557639,5.9588326313e-05,5.36294936817e-06,5.9588326313e-05,0.270888881801,0.511313014449,0.216029748605
925,0.0275043975274,0.132235436439,0.020015360842,0.0708367633307,0.156814237544,0.0415488817615,0.155495923056,0.0483773259426,0.01936708371,0.112105791457,0.104235809376,0.111462989013,17,5,2,20,5.02986603273e-05,4.52687942946e-06,5.02986603273e-05,0.000231941854245,0.00035782590564,7.65213635874e-05,5.02986603273e-05,4.52687942946e-06,5.02986603273e-05,0.270622348352,0.512127321001,0.216373793123
926,0.0497591521309,0.13551048334,0.0122349858248,0.00278038385425,0.0585030789079,0.0149981426745,0.313566996276,0.00710299790797,0.123947367027,0.268989393542,0.0119493649635,0.00065765355039,17,5,2,20,0.000252133037619,2.26919733857e-05,0.000252133037619,0.00496531394109,0.000979414411107,0.00101495395491,0.000252133037619,2.26919733857e-05,0.000252133037619,0.269275369176,0.508056964794,0.214654067626
927,0.00103242801997,0.00814638724586,0.24273084481,0.00466343055015,0.140640552632,0.0509039468892,0.159983655557,0.017312792094,0.0840089903033,0.0393217131132,0.0197795675239,0.231475691261,17,5,2,20,0.000264361250195,2.37925125175e-05,0.000264361250195,0.0089577031135,0.00207855841559,0.00100601943026,0.000264361250195,2.37925125175e-05,0.000264361250195,0.267392620448,0.5057715772,0.213688491367
928,0.163383868661,0.0834517928791,0.11519310402,0.107585646183,0.19223000894,0.0135478480153,0.0401967062767,0.0211826064128,0.0471687069424,0.103298520548,0.00136222561451,0.111398965508,17,5,2,20,0.000503888106545,4.53499295891e-05,0.000503888106545,0.00560436638364,0.00342285388314,0.000654377393456,0.000503888106545,4.53499295891e-05,0.000503888106545,0.268264815168,0.506114119428,0.213833215458
929,0.0419918954747,0.174863222425,0.0383909985564,0.135517532559,0.0361298158923,0.0991668343213,0.12037207082,0.0818195319124,0.0102358774612,0.0319299532333,0.125126860688,0.104455406657,17,5,2,20,0.000404632952061,3.64169656855e-05,0.000404632952061,0.00927957884178,0.00201920698843,0.000810414455674,0.000404632952061,3.64169656855e-05,0.000404632952061,0.26769310238,0.505101111842,0.213405219753
930,0.0264840796891,0.0015795321889,0.211463028588,0.041474758691,0.0198342723166,0.192643567193,0.118485316973,0.0817858394312,0.111566176414,0.0681688598485,0.0418011908137,0.0847133778527,17,5,2,20,1.99849244e-05,1.798643196e-06,1.99849244e-05,3.16527382188e-05,4.60525802699e-05,1.21709282748e-05,1.99849244e-05,1.798643196e-06,1.99849244e-05,0.271316500411,0.512133628371,0.216376457987
931,0.00415767614917,0.00319061078807,0.0543280810142,0.0580464921996,0.228039276667,0.0568920906067,0.0342504759986,0.100297978614,0.0276092919677,0.0553422025091,0.343171699667,0.0346741238197,17,5,2,20,9.24464084244e-05,8.3201767582e-06,9.24464084244e-05,0.00154535153128,0.00137621784086,0.000293835891252,9.24464084244e-05,8.3201767582e-06,9.24464084244e-05,0.270165203761,0.510532840062,0.215700124926
932,0.0373709380278,0.0578278947435,0.0392749596445,0.345123255969,0.0223650542569,0.00726364231421,0.114239601104,0.0611966305212,0.0162869928861,0.0691999235919,0.12012698793,0.109724119011,17,5,2,20,0.000274751553824,2.47276398441e-05,0.000274751553824,0.00661008714955,0.00417177100965,0.00041091336541,0.000274751553824,2.47276398441e-05,0.000274751553824,0.268114588009,0.50583070578,0.213713473192
933,0.127485039415,0.277331141251,0.125567176291,0.0470641813011,0.00811047811209,0.0222771483503,0.117197471476,0.0428854555443,0.160744013131,0.0237200346721,0.0297286607875,0.0178891996682,17,5,2,20,0.00234711150401,0.000211240035361,0.00234711150401,0.0288306384398,0.0229182632949,0.00884691107525,0.00234711150401,0.000211240035361,0.00234711150401,0.252291217873,0.476135004028,0.201167039202
934,0.01512617332,0.0279016209136,0.0601467203001,0.0137148235588,0.0769936709823,0.112746389398,0.077430840978,0.11944574403,0.00371134391141,0.446355691653,0.0249880378414,0.0214389431132,17,5,2,20,1.18592780331e-06,1.06733502298e-07,1.18592780331e-06,7.64515998403e-06,3.60462911356e-06,1.1263912184e-06,1.18592780331e-06,1.06733502298e-07,1.18592780331e-06,0.271458383596,0.512143608468,0.216380674578
935,0.132231742283,0.0849936731861,0.0752365189279,0.0237303953834,0.336450240441,0.16776270166,0.0468312146066,0.0021278488334,0.00180278143117,0.0683799630156,0.00730942817096,0.0531434920618,17,5,2,20,0.000452849291464,4.07564362318e-05,0.000452849291464,0.0200639355888,0.0141136473846,0.00123104671754,0.000452849291464,4.07564362318e-05,0.000452849291464,0.26097948495,0.493299806904,0.208419168417
936,0.14953090703,0.109349360911,0.0437385373785,0.132015621403,0.00135796919898,0.0864148896198,0.00924123043617,0.0349126670547,0.0676932552971,0.224334567667,0.0407740472094,0.100636946794,17,5,2,20,0.000149628859314,1.34665973383e-05,0.000149628859314,0.00416025296241,0.00198770621518,0.000735368926647,0.000149628859314,1.34665973383e-05,0.000149628859314,0.269172910904,0.508483875121,0.214834437239
937,0.0497311995203,0.0217097795855,0.0025768124012,0.00912558479768,0.0559919784485,0.0643880465479,0.0878831055194,0.36123949881,0.269026591104,0.0393109886359,0.0350457696721,0.00397064495695,17,5,2,20,0.00200311508964,0.000180280358068,0.00200311508964,0.0137660094311,0.0231968149676,0.00209113672865,0.00200311508964,0.000180280358068,0.00200311508964,0.258475169936,0.487942248058,0.206155599804
938,0.0282388908295,0.0362867694481,0.0367938935624,0.0355940700724,0.155240637415,0.210717955851,0.0419358003009,0.233958563044,0.0281812479422,0.0487635565736,0.0282274512981,0.116061163663,17,5,2,20,0.000225643404963,2.03079064467e-05,0.000225643404963,0.000514523916858,0.00163489351307,0.000113756780212,0.000225643404963,2.03079064467e-05,0.000225643404963,0.270498719479,0.510576391478,0.2157185254
939,0.00423369697841,0.175233406286,0.119441480231,0.0102577592057,0.0828018792278,0.0873330117934,0.0151321380716,0.182681600862,0.040409205291,0.0619999306055,0.0908888459286,0.12958704552,17,5,2,20,4.52310210457e-06,4.07079189412e-07,4.52310210457e-06,9.02060370457e-05,1.46799843257e-05,1.5141668106e-05,4.52310210457e-06,4.07079189412e-07,4.52310210457e-06,0.270708972421,0.512584951369,0.216567141953
940,0.152532058401,0.0169932679339,0.00491880272692,0.0395732644559,0.0080827976569,0.122840963984,0.0261174830036,0.318482883458,0.0126155712416,0.0523350693619,0.0802911972474,0.165216640529,17,5,2,20,3.69549240339e-06,3.32594316305e-07,3.69549240339e-06,5.86035684947e-05,5.89725299915e-05,5.9215146959e-06,3.69549240339e-06,3.32594316305e-07,3.69549240339e-06,0.271161185696,0.512267043608,0.216432825924
941,0.159421664479,0.0236250162424,0.1261720896,0.230098003392,0.0344805016533,0.0299227763239,0.0880016602948,0.113081075313,0.0625742680501,0.0183204298827,0.106264561087,0.00803795368166,17,5,2,20,0.00132593598431,0.000119334238587,0.00132593598431,0.0156025100161,0.00723622924064,0.0023387997847,0.00132593598431,0.000119334238587,0.00132593598431,0.263032307461,0.49648347352,0.209764267562
942,0.113335277549,0.00921916018675,0.0363659631517,0.00430844022277,0.02855005116,0.0365329127078,0.203132288708,0.082367490856,0.197567191845,0.0889964695134,0.137826097697,0.0617986564014,17,5,2,20,0.000277779949689,2.5000195472e-05,0.000277779949689,0.0113394259055,0.00117507761501,0.00350634859696,0.000277779949689,2.5000195472e-05,0.000277779949689,0.266706100054,0.503417875317,0.212694052321
943,0.330306157963,0.147791683912,0.00686341216999,0.0928753711987,0.100555156168,0.0287572594208,0.116466477414,0.0252679985536,0.0170104204387,0.0802918288277,0.0443520658322,0.0094621681009,17,5,2,20,0.000471395096948,4.24255587253e-05,0.000471395096948,0.000648554080174,0.00167277114468,0.000400438302509,0.000471395096948,4.24255587253e-05,0.000471395096948,0.269494405987,0.51023789032,0.21557550866
944,0.0550180211195,0.0741640312825,0.0458827316736,0.110297491656,0.00853680780034,0.22197305163,0.0867826327791,0.118492947946,0.0357773111338,0.165921252831,0.0470900351879,0.0300636849605,17,5,2,20,8.23396286251e-07,7.41056657626e-08,8.23396286251e-07,2.9493663817e-05,2.01075736356e-06,1.21920876699e-06,8.23396286251e-07,7.41056657626e-08,8.23396286251e-07,0.271227789306,0.512292474705,0.216443570563
945,0.339776171197,0.00339879143859,0.0179084130316,0.0365831156666,0.127600732501,0.0747132874246,0.0545911116725,0.0877805814481,0.0257575534708,0.0602609969754,0.05288261119,0.118746633984,17,5,2,20,0.000234249144986,2.10824230488e-05,0.000234249144986,0.0016542114648,0.00190829667938,0.000956166698535,0.000234249144986,2.10824230488e-05,0.000234249144986,0.269591332183,0.509603396519,0.215307435029
946,0.0495033860445,0.0821535091543,0.0549249587417,0.0461737483224,0.185136862919,0.10174112476,0.0568340108711,0.127863083149,0.0723840447264,0.126917133055,0.032913422363,0.0634547158952,17,5,2,20,0.000208720466939,1.87848420245e-05,0.000208720466939,0.00306664380943,0.00331318824067,0.000900045122278,0.000208720466939,1.87848420245e-05,0.000208720466939,0.269017257257,0.508140888589,0.214689525429
947,0.0328942270319,0.113243901175,0.0586164120337,0.025749827042,0.0304355887539,0.0367769095457,0.096941917505,0.0657119912975,0.272215320876,0.0285677658413,0.0419579190467,0.196888219852,17,5,2,20,2.4867964408e-06,2.23811679672e-07,2.4867964408e-06,0.00012196596609,4.46762392158e-05,3.91518488116e-06,2.4867964408e-06,2.23811679672e-07,2.4867964408e-06,0.270826492775,0.512472797909,0.216519757117
948,0.0288787726528,0.0679606744066,0.0310972720739,0.0119626717906,0.100276764309,0.0179392300168,0.101771766881,0.102351489458,0.179136383801,0.246109857223,0.067073747413,0.0454413699731,17,5,2,20,7.2460433498e-05,6.52143901482e-06,7.2460433498e-05,0.000752325704065,0.000807295221121,8.78245981092e-05,7.2460433498e-05,6.52143901482e-06,7.2460433498e-05,0.270680941317,0.511331267872,0.216037460676
949,0.0948166532959,0.0878152599281,0.0314317346668,0.0447623119019,0.0789145040941,0.00248689355291,0.197994587672,0.0137865364181,0.0327727372818,0.00576116880194,0.194873735324,0.214583877062,17,5,2,20,1.48614042159e-07,1.33752637944e-08,1.48614042159e-07,3.03930970025e-05,3.56785949115e-06,3.74469190131e-07,1.48614042159e-07,1.33752637944e-08,1.48614042159e-07,0.271221456819,0.512297776133,0.216445810416
950,0.0580089885803,0.207120526922,0.154558430691,0.127883616454,0.00976305148197,0.141078283386,0.00016555104722,0.0249069188889,0.00981678559909,0.0500140831001,0.130446520665,0.0862372431839,17,5,2,20,0.000391229300155,3.5210637014e-05,0.000391229300155,0.0151087814549,0.00214834155708,0.00114440632762,0.000391229300155,3.5210637014e-05,0.000391229300155,0.265887387563,0.501986463707,0.212089280916
951,0.251799871049,0.333828481658,0.00485847055384,0.189413726897,0.0175666000995,0.0249171527115,0.00421711104735,0.0150855942757,0.0262039090967,0.00313694287897,0.054948844171,0.0740232955607,17,5,2,20,0.000682937728675,6.14643955808e-05,0.000682937728675,0.0027621507803,0.000993709196737,0.00454398398401,0.000682937728675,6.14643955808e-05,0.000682937728675,0.268211904757,0.506596535379,0.214037036197
952,0.249167959393,0.0958677873711,0.0370767077659,0.124745779142,0.310424318363,0.00422456036189,0.0267764709844,0.01250025838,0.112439308137,0.00267978860063,0.0152063506919,0.00889071080939,17,5,2,20,2.95171189147e-05,2.65654070232e-06,2.95171189147e-05,2.52600031071e-05,9.43871408449e-05,5.01840052933e-05,2.95171189147e-05,2.65654070232e-06,2.95171189147e-05,0.271378355191,0.512005927664,0.216322504438
953,0.0584634732026,0.147220286198,0.0334302360838,0.00503268874729,0.0525590775308,0.262264334636,0.0700540247493,0.0326221520681,0.00881546376993,0.118893122669,0.0949049536583,0.115740186687,17,5,2,20,0.000218943622085,1.97049259877e-05,0.000218943622085,0.0152172534019,0.00198829909437,0.00127028694293,0.000218943622085,1.97049259877e-05,0.000218943622085,0.265838863022,0.502474596273,0.212295516925
954,0.0660826688958,0.0667505038409,0.0795396528586,0.0263945872221,0.0860295442854,0.0258631811588,0.425398081557,0.0382617483446,0.0238855383539,0.0154503679584,0.083477747911,0.0628663776137,17,5,2,20,7.43604249363e-05,6.69243824427e-06,7.43604249363e-05,0.000116571685121,0.000335886796522,2.50168033357e-05,7.43604249363e-05,6.69243824427e-06,7.43604249363e-05,0.270628927649,0.512184724422,0.216398046068
955,0.0775125344583,0.0410206970554,0.0752605407047,0.121143023972,0.0109697825223,0.0384354012267,0.0679605262693,0.141548786347,0.196085731642,0.0290252432774,0.164849262198,0.0361884703271,17,5,2,20,0.000379863466541,3.41877119887e-05,0.000379863466541,0.00886210388435,0.00411270829642,0.00162282402824,0.000379863466541,3.41877119887e-05,0.000379863466541,0.266819853132,0.50403844033,0.212956241039
956,0.125601725557,0.0467366478421,0.138026779196,0.205332405132,0.0667669871583,0.0341033547076,0.00121970218747,0.142500314372,0.139282076489,0.0654110502986,0.0283972433498,0.00662171370943,17,5,2,20,0.00113148158742,0.000101833342868,0.00113148158742,0.00285124705164,0.00508596633487,0.00204675269707,0.00113148158742,0.000101833342868,0.00113148158742,0.267246977503,0.504772909229,0.213266554149
957,0.0837709934391,0.253937846459,0.0720353224719,0.0349419912142,0.0377998830607,0.141372346162,0.233352731156,0.0225550886589,0.043188733255,0.0335702368682,0.0227990231214,0.0206758041341,17,5,2,20,0.00195082535397,0.000175574281857,0.00195082535397,0.0770118885409,0.0153775903746,0.00652432052883,0.00195082535397,0.000175574281857,0.00195082535397,0.242102134812,0.457525213191,0.193304402573
958,0.106963292072,0.00489553449829,0.0266969153011,0.0356692482554,0.0259404174835,0.11147677838,0.0760074556127,0.0434538094275,0.154069462713,0.260363559683,0.137480229313,0.0169832972612,17,5,2,20,0.000131809721044,1.18628748939e-05,0.000131809721044,0.00955899198285,0.000509075736171,0.00141547375787,0.000131809721044,1.18628748939e-05,0.000131809721044,0.268080098994,0.506070576376,0.213814818519
959,0.0432049448746,0.0289693297935,0.121948807545,0.0705413562515,0.0256771574136,0.0707519070279,0.243319345048,0.0297834052697,0.117567805804,0.0934157436607,0.0122179847501,0.142602212561,17,5,2,20,0.000307533036503,2.76779732853e-05,0.000307533036503,0.00636854739703,0.000758289609003,0.00161840359661,0.000307533036503,2.76779732853e-05,0.000307533036503,0.268401690494,0.50725313238,0.214314448431
960,0.012466460442,0.0068419868205,0.288345675771,0.0527093451362,0.0962552339909,0.0781225568281,0.125944420575,0.0392777103423,0.0386339332874,0.101203294574,0.0357883395719,0.124411042661,17,5,2,20,0.00022301558223,2.00714024007e-05,0.00022301558223,0.00256775031695,0.00109523038996,0.00192704526429,0.00022301558223,2.00714024007e-05,0.00022301558223,0.269372895399,0.509036817924,0.215068055573
961,0.281221101725,0.0983871930737,0.0204463968912,0.0375160081432,0.108483262357,0.0589465094791,0.00535249151692,0.0763104395063,0.109571960117,0.00379406013139,0.0524606760744,0.147509900985,17,5,2,20,0.000250573533263,2.25516179937e-05,0.000250573533263,0.000844135177123,0.000668080767488,0.00047489930426,0.000250573533263,2.25516179937e-05,0.000250573533263,0.27063949193,0.510598239334,0.215727756119
962,0.0398182286686,0.0463875262925,0.00491081187153,0.0994493024374,0.154160095465,0.0537428795373,0.0709763696736,0.243516140089,0.0241518350607,0.0759436698055,0.13656001514,0.0503831259585,17,5,2,20,0.000124304495008,1.11874045507e-05,0.000124304495008,0.000518591593422,0.00145770476834,0.000248559210423,0.000124304495008,1.11874045507e-05,0.000124304495008,0.270493077797,0.510905078272,0.21585739557
963,0.251127350251,0.120293001975,0.0360703709042,0.0363199730946,0.0427230541181,0.019584615363,0.00719670222977,0.0564558316084,0.0293190594096,0.0635673140495,0.25817722425,0.0791655027466,17,5,2,20,7.02033114276e-05,6.31829802849e-06,7.02033114276e-05,0.000829016877804,0.000704276139577,0.000741514316262,7.02033114276e-05,6.31829802849e-06,7.02033114276e-05,0.270541195407,0.51099511242,0.215895434997
964,0.113795773868,0.226723878172,0.00733827592563,0.136388660592,0.00436019435059,0.142365394397,0.0702517441501,0.0586016248901,0.0173371499099,0.00450754248968,0.186966541658,0.0313632195968,17,5,2,20,0.000609463100289,5.4851679026e-05,0.000609463100289,0.0106128260961,0.00333846625278,0.00183809822307,0.000609463100289,5.4851679026e-05,0.000609463100289,0.266169690953,0.502983031786,0.21251033093
965,0.149725249289,0.0741745422412,0.0706113203999,0.064799536016,0.324113443838,0.0618294077814,0.010912589075,0.0198920052301,0.103781564282,0.0212494918261,0.0446298332414,0.0542810167801,17,5,2,20,0.000696160068449,6.26544061604e-05,0.000696160068449,0.00252821050507,0.00413565913557,0.00133807403764,0.000696160068449,6.26544061604e-05,0.000696160068449,0.268246517247,0.506742769764,0.214098820225
966,0.0142603526945,0.00266785039432,0.00155435366543,0.0400399636684,0.270399844629,0.182298134197,0.000996756829388,0.0106470554105,0.169065599622,0.244688495462,0.0544994354906,0.0088821579367,17,5,2,20,0.000159431877845,1.43488690061e-05,0.000159431877845,0.00173375020685,0.00094902340392,0.000600077395226,0.000159431877845,1.43488690061e-05,0.000159431877845,0.269912063618,0.510466544905,0.215672115222
967,0.365266402536,0.0293634924357,0.00968342198404,0.43804661494,0.00919661951592,0.0590983973415,0.00110364457486,0.0252744725281,0.00197743844676,0.0375653191836,0.0109463318973,0.0124778446156,17,5,2,20,0.00390443801635,0.000351399421471,0.00390443801635,0.0944833934109,0.0160716789254,0.0168211398719,0.00390443801635,0.000351399421471,0.00390443801635,0.23183475299,0.438993661788,0.185474822106
968,0.0610170941205,0.0984952002407,0.056550267064,0.0893837351027,0.0217634387751,0.0146098769205,0.0139426936559,0.117504515713,0.100011478671,0.149470283464,0.217856947143,0.0593944691293,17,5,2,20,2.48923647019e-05,2.24031282317e-06,2.48923647019e-05,7.75636105331e-05,0.000319596349007,0.000107902175883,2.48923647019e-05,2.24031282317e-06,2.48923647019e-05,0.270976571563,0.51206630314,0.216348013077
969,0.0107126524096,0.0988901302703,0.0198565109049,0.0967413909037,0.0473219083086,0.0521746773754,0.0951433778079,0.118608264367,0.200754192501,0.0240152627961,0.211842405759,0.0239392265966,17,5,2,20,9.45067475355e-07,8.5056072782e-08,9.45067475355e-07,8.2383997836e-06,3.39183844191e-06,3.7813082666e-06,9.45067475355e-07,8.5056072782e-08,9.45067475355e-07,0.271459549635,0.512141362697,0.21637972574
970,0.00738448594773,0.234040157677,0.167166949744,0.125352257988,0.0379582055122,0.0810692310502,0.058663978219,0.000670590740581,0.190577011901,0.0340637948309,0.0207241253818,0.0423292110077,17,5,2,20,0.00124578996127,0.000112121096515,0.00124578996127,0.0348777646063,0.00758418344112,0.0139113919931,0.00124578996127,0.000112121096515,0.00124578996127,0.254584040284,0.480727745263,0.203107472374
971,0.0288246307132,0.153706475101,0.0889115809508,0.0328459748989,0.0361512999814,0.12533533949,0.0543135792297,0.208112832871,0.0130094578068,0.0472392769457,0.103912936799,0.107636615212,17,5,2,20,0.000137196108207,1.23476497387e-05,0.000137196108207,0.00272150571584,0.00333612606781,0.000334325026852,0.000137196108207,1.23476497387e-05,0.000137196108207,0.269573932208,0.50858392355,0.2148767077
972,0.125291255716,0.0651723910516,0.0675458200607,0.015413955438,0.072818949786,0.219565353746,0.0940733373578,0.134896590607,0.0125093926135,0.0910877766243,0.00310891092917,0.0985162660701,17,5,2,20,0.000598971851996,5.39074666797e-05,0.000598971851996,0.013976103161,0.00256319410871,0.00419037276153,0.000598971851996,5.39074666797e-05,0.000598971851996,0.26513203973,0.500270360561,0.211364227337
973,0.14025263844,0.0692383776801,0.141495515723,0.164110344467,0.0230655653242,0.169206812761,0.0359169493206,0.117681811684,0.0602356489982,0.0539353140581,0.0208198778262,0.00404114371807,17,5,2,20,0.0015750660321,0.000141755942889,0.0015750660321,0.0021059218495,0.00570198010866,0.00332487860123,0.0015750660321,0.000141755942889,0.0015750660321,0.266561445018,0.503143759865,0.212578238543
974,0.256844967015,0.0412406720859,0.0188349533162,0.0907571580312,0.0884500076085,0.104575794696,0.00847518273199,0.0428004858711,0.207022526099,0.030851052442,0.10827181402,0.00187538608382,17,5,2,20,0.000743848507351,6.69463656616e-05,0.000743848507351,0.00569675882293,0.00382687213105,0.00347048739262,0.000743848507351,6.69463656616e-05,0.000743848507351,0.267093293056,0.503903902873,0.212899398964
975,0.139583936415,0.168915878692,0.337075860348,0.0824496030212,0.0552291074249,0.0583798474568,0.025665363213,0.0242016365974,0.0219830336181,0.0641306840397,0.00999625734585,0.0123887918272,17,5,2,20,1.33298213186e-05,1.19968391868e-06,1.33298213186e-05,4.51070389112e-05,0.000156160200827,3.86046399213e-05,1.33298213186e-05,1.19968391868e-06,1.33298213186e-05,0.271277095356,0.5120754405,0.216351873611
976,0.0498316885381,0.0144045553685,0.00246527957109,0.0278871752645,0.115576654945,0.215821109766,0.0917235094072,0.0144577727044,0.256514889648,0.0786398119598,0.0618155693951,0.0708619834323,17,5,2,20,0.00014111533155,1.27003798395e-05,0.00014111533155,0.000279213779874,0.000241810363831,0.000408395821483,0.00014111533155,1.27003798395e-05,0.00014111533155,0.270571184662,0.51171144695,0.216198086336
977,0.0813488405439,0.0421520947284,0.0106855601944,0.17101018498,0.16248884689,0.00715216612444,0.0101767988682,0.135907302073,0.00958027260811,0.0095937019043,0.320938844243,0.038965386842,17,5,2,20,0.000237931738116,2.14138564305e-05,0.000237931738116,0.00650796248433,0.00124894018756,0.00122642111046,0.000237931738116,2.14138564305e-05,0.000237931738116,0.268641776706,0.507121507801,0.214258837046
978,0.0149805954602,0.0904981520629,0.0829660244078,0.0735214094934,0.113557259635,0.155097757793,0.00682586511576,0.0416792789926,0.00302553535552,0.0276689568884,0.268313372626,0.121865792169,17,5,2,20,0.000145658326845,1.3109249416e-05,0.000145658326845,0.0143330699054,0.000738635705124,0.000672489883368,0.000145658326845,1.3109249416e-05,0.000145658326845,0.2667579102,0.503964177504,0.212924864996
979,0.143170310302,0.00453572150388,0.142314283886,0.114509966412,0.131852561402,0.052422001391,0.0802170781622,0.0395931536852,0.0282514869243,0.0930230146016,0.112590292065,0.0575201296652,17,5,2,20,0.000136232782838,1.22609504554e-05,0.000136232782838,0.000676862882562,0.00157715613043,0.000379954369872,0.000136232782838,1.22609504554e-05,0.000136232782838,0.270368540956,0.510669970213,0.215758062415
980,0.256067074706,0.0209922589406,0.0521126431233,0.00329354546434,0.0549395716383,0.00915928255944,0.234335632653,0.220988568947,0.0360520173098,0.0754711505043,0.00756006062963,0.0290281935243,17,5,2,20,0.000998267410272,8.98440669245e-05,0.000998267410272,0.00538945297093,0.00847092479566,0.00256495846158,0.000998267410272,8.98440669245e-05,0.000998267410272,0.265873142645,0.501601942603,0.21192682075
981,0.0467776945582,0.102677145313,0.0368521645559,0.0646754221039,0.0929597136373,0.165908524167,0.0378321851403,0.07164541959,0.149292993181,0.0944151323715,0.108335043651,0.0286285617308,17,5,2,20,6.2909857832e-05,5.66188720488e-06,6.2909857832e-05,4.66175046593e-05,0.00019284718449,5.06041821507e-05,6.2909857832e-05,5.66188720488e-06,6.2909857832e-05,0.271087463312,0.512027771256,0.216331733356
982,0.0366437127094,0.0974854420285,0.079366910002,0.0263810800755,0.168974820662,0.14222451472,0.0242372359668,0.20190806593,0.00845648989863,0.0360975695284,0.0354250640365,0.142799094441,17,5,2,20,0.000222500925276,2.00250832749e-05,0.000222500925276,0.000697949789565,0.000986832846851,0.000304756431563,0.000222500925276,2.00250832749e-05,0.000222500925276,0.270576486359,0.510723318598,0.215780602108
983,0.0699019182331,0.055538266913,0.0903868003979,0.117164870235,0.230007175914,0.060024059115,0.0186030219343,0.0414120809526,0.0824186974337,0.0424256619956,0.142905924184,0.0492115226916,17,5,2,20,3.13336261133e-06,2.82002635019e-07,3.13336261133e-06,6.31341576773e-05,3.2487929559e-05,1.35554046313e-05,3.13336261133e-06,2.82002635019e-07,3.13336261133e-06,0.271200268653,0.512251287451,0.216426168948
984,0.255776534311,0.127933097687,0.127779525824,0.0624519423363,0.0533494055924,0.0552557753205,0.113219091674,0.108347852255,0.00261064257935,0.025094089558,0.00302619247844,0.0651558503846,17,5,2,20,0.00224498197974,0.000202048378177,0.00224498197974,0.0274493754697,0.0109789288152,0.00667628313703,0.00224498197974,0.000202048378177,0.00224498197974,0.256455593324,0.484397746628,0.20465804795
985,0.0295832300586,0.0203215186415,0.0245840060931,0.0315669297876,0.225762082656,0.102353187615,0.214561106972,0.172278630012,0.00516754156597,0.0166944425993,0.057128561381,0.0999987626176,17,5,2,20,0.000558475350282,5.02627815254e-05,0.000558475350282,0.00301120329341,0.00157657352547,0.000284296849945,0.000558475350282,5.02627815254e-05,0.000558475350282,0.268901727389,0.508887010178,0.2150047618
986,0.122231039378,0.0511314858602,0.0201834164422,0.143140773387,0.0108108614491,0.0373164837339,0.0844734785646,0.00994218653681,0.0184042318868,0.120635020808,0.369924338236,0.0118066837182,17,5,2,20,3.42385577656e-05,3.0814701989e-06,3.42385577656e-05,0.000127966642195,0.000146477796377,1.32585316037e-05,3.42385577656e-05,3.0814701989e-06,3.42385577656e-05,0.271252093663,0.511997951631,0.216319134564
987,0.0102376075779,0.0891928772908,0.062078304608,0.177589649236,0.100851510417,0.0477478123796,0.0870483793632,0.000139601073402,0.301805686735,0.000902584318572,0.0391835739885,0.0832224130124,17,5,2,20,9.79518456426e-07,8.81566610783e-08,9.79518456426e-07,1.37314856622e-05,2.62901287661e-06,1.34192942776e-05,9.79518456426e-07,8.81566610783e-08,9.79518456426e-07,0.271453089299,0.512135702299,0.216377334221
988,0.00673054969978,0.00845739262874,0.0617181380597,0.00738399843662,0.306021455665,0.107238466734,0.114664472172,0.0447806784707,0.00246878049056,0.236731139391,0.0737714573219,0.0300334709299,17,5,2,20,9.2300873895e-06,8.30707865055e-07,9.2300873895e-06,1.32711638749e-05,7.85885492334e-05,5.57489985243e-06,9.2300873895e-06,8.30707865055e-07,9.2300873895e-06,0.271424304556,0.512084132911,0.216355546155
989,0.00361636119961,0.0775559571711,0.045312837267,0.00980047865442,0.078319033106,0.00934186572194,0.0915150376511,0.0850977925581,0.338022440326,0.090210609567,0.0948264853684,0.0763811014092,17,5,2,20,0.000223971777171,2.01574599454e-05,0.000223971777171,0.00231025141009,0.00149428518382,0.000194938732434,0.000223971777171,2.01574599454e-05,0.000223971777171,0.269894342268,0.509785574958,0.21538440542
990,0.0688203563918,0.123091512864,0.00190657443884,0.225684361099,0.191969085542,0.00288240201898,0.249798806669,0.0733973359841,0.0193873096232,0.0104877265646,0.00761176941762,0.024962759388,17,5,2,20,0.00474453895935,0.000427008506342,0.00474453895935,0.115134457364,0.048501438329,0.0113751188857,0.00474453895935,0.000427008506342,0.00474453895935,0.218494278931,0.41241654386,0.174245989781
991,0.0391005208511,0.159537875567,0.0268715527813,0.0487498514725,0.141668853422,0.169113578124,0.132152536001,0.0402576230057,0.100160407283,0.0224168013391,0.0733914295533,0.0465789706002,17,5,2,20,0.000794376624201,7.14938961781e-05,0.000794376624201,0.00753765514283,0.00464262368404,0.00167114928302,0.000794376624201,7.14938961781e-05,0.000794376624201,0.266564316381,0.503524612457,0.212739148763
992,0.137339102723,0.293173441685,0.117505944433,0.0787157264083,0.0769456601986,0.0522087786529,0.0431621607743,0.0558629002647,0.0281927267501,0.0891967932139,0.00616733899987,0.0215294258962,17,5,2,20,0.0015318942785,0.000137870485065,0.0015318942785,0.0466416236482,0.00285584270804,0.00396382464738,0.0015318942785,0.000137870485065,0.0015318942785,0.254969395641,0.481663265568,0.203502729703
993,0.109027590559,0.161888443768,0.147171811332,0.0909879611529,0.114186723414,0.145648520817,0.126979538429,0.029291259904,0.01066952769,0.00492633185287,0.048645270632,0.0105770204493,17,5,2,20,0.00353807253081,0.000318426527773,0.00353807253081,0.0210942617835,0.0236578054021,0.00191479466159,0.00353807253081,0.000318426527773,0.00353807253081,0.254781653254,0.48067651439,0.20308582733
994,0.0371401167013,0.195101572525,0.0373552596843,0.0833094443505,0.129036457633,0.0164510036036,0.0258320948833,0.00811685409371,0.0107652230488,0.0136153203753,0.364473715967,0.078802937134,17,5,2,20,0.000111104468149,9.99940213345e-06,0.000111104468149,0.00149980547272,0.000253239263287,0.000457600893647,0.000111104468149,9.99940213345e-06,0.000111104468149,0.270507611701,0.510943638659,0.215873687333
995,0.0586390656255,0.0333031037808,0.0321157297597,0.143994068915,0.0411656099083,0.0174691448736,0.0439802259901,0.116310590149,0.0732710813163,0.262465222392,0.0272275363073,0.150058620983,17,5,2,20,3.08848471508e-05,2.77963624357e-06,3.08848471508e-05,8.75965112746e-05,0.000108790734062,0.000141581457183,3.08848471508e-05,2.77963624357e-06,3.08848471508e-05,0.2711108084,0.512071792082,0.216350332155
996,0.0169882353565,0.00030768724388,0.0249266636845,0.27365909147,0.00985679844783,0.127332427286,0.0630242313667,0.0215808613409,0.073296442963,0.0242526892027,0.245557852067,0.119217019571,17,5,2,20,0.000108305501457,9.74749513117e-06,0.000108305501457,0.000611292532382,0.000314146506761,0.000449050188686,0.000108305501457,9.74749513117e-06,0.000108305501457,0.270741439854,0.51137529274,0.216056061183
997,0.0688472589458,0.064480897475,0.0955199461298,0.0217971211746,0.171940901163,0.0345364974901,0.0151396153782,0.137716734408,0.0463595030083,0.162001782443,0.000447674502934,0.181212067881,17,5,2,20,1.36049122525e-07,1.22444210273e-08,1.36049122525e-07,7.66242243539e-06,1.84435578066e-07,1.09524486681e-06,1.36049122525e-07,1.22444210273e-08,1.36049122525e-07,0.271462220845,0.5121464101,0.216381858267
998,0.0896138572856,0.0849659695088,0.00179586459528,0.156627725768,0.0391406653139,0.0820930975709,0.254544180674,0.149555429434,0.0352528915722,0.00848763463347,0.0280051921265,0.0699174915168,17,5,2,20,0.00103209017564,9.28881158077e-05,0.00103209017564,0.00265496306443,0.00255632558695,0.000556339284352,0.00103209017564,9.28881158077e-05,0.00103209017564,0.268407909868,0.507212882434,0.214297442828
999,0.0464876285574,0.172620002869,0.0402077715585,0.116042594178,0.0026644566299,0.0281603345976,0.0724262023544,0.265800671875,0.00422551560374,0.00303018132355,0.0376314270653,0.210703213388,17,5,2,20,0.000266909820546,2.40218838491e-05,0.000266909820546,0.0175179093927,0.00391124839861,0.00292166469199,0.000266909820546,2.40218838491e-05,0.000266909820546,0.263731696488,0.499684919493,0.211116878486
