run_ID,t1_initial,t2_initial,t3_initial,t4_initial,t5_initial,t6_initial,t7_initial,t8_initial,t9_initial,t10_initial,t11_initial,t12_initial,alpha,prior_cost_c,lambda,k,sample_amount,learning_parameter,generations,t1_final,t2_final,t3_final,t4_final,t5_final,t6_final,t7_final,t8_final,t9_final,t10_final,t11_final,t12_final
0,0.109179759445,0.288048925564,0.187123982403,0.057569871154,0.00168266128801,0.00854164641321,0.145053497526,0.053567101378,0.0604891919117,0.0491130164357,0.0344569735724,0.00517337290773,1,3,8,20,0.00475361243128,0.000274036296975,0.00475361243128,0.0138376636009,0.043437459977,0.00329668167268,0.00475361243128,0.000274036296975,0.00475361243128,0.169491684979,0.589689253229,0.160684734222
1,0.0707421570339,0.00451495209652,0.112216525431,0.00655894269714,0.00612954215837,0.132153562941,0.131018728841,0.010503205615,0.00264078376832,0.329384639238,0.164467982917,0.0296689772629,1,3,8,20,0.00413894210406,0.000238601775804,0.00413894210406,0.0139054953178,0.0406487807494,0.00395691021621,0.00413894210406,0.000238601775804,0.00413894210406,0.170337455786,0.592631827997,0.161486557966
2,0.0788726457161,0.096193656641,0.12585496286,0.0715548232913,0.0952524438446,0.00551071533301,0.110866073954,0.149772539929,0.085560907814,0.105595107378,0.05304787027,0.021918252969,1,3,8,20,0.003785125481,0.00021820495158,0.003785125481,0.0140177868381,0.0321450014773,0.00628998933785,0.003785125481,0.00021820495158,0.003785125481,0.171722049224,0.597449054697,0.162799206599
3,0.12659355728,0.024953829782,0.199404834486,0.0129818309324,0.0298617467924,0.00611930190661,0.0678078338119,0.267795125339,0.0438571734736,0.0285496787355,0.0102050734623,0.181870013999,1,3,8,20,0.00421314033221,0.000242879156003,0.00421314033221,0.014106393425,0.0212930096312,0.0094522908721,0.00421314033221,0.000242879156003,0.00421314033221,0.172798050361,0.601192638386,0.163819297683
4,0.0490983700207,0.0321263896301,0.0119506373049,0.0642027068536,0.200498217393,0.0661897098814,0.0812131136143,0.121378656969,0.168348633168,0.00349951821823,0.189626038435,0.0118680085116,1,3,8,20,0.00406905502269,0.000234572924638,0.00406905502269,0.0139636735866,0.0355786743051,0.00537760088459,0.00406905502269,0.000234572924638,0.00406905502269,0.171052159841,0.59511840013,0.162164125312
5,0.0714488755547,0.0307837703869,0.0012213390633,0.145157053597,0.0409816577094,0.0516189915833,0.113303544783,0.046192772856,0.0103671934614,0.417071162381,0.0262699779937,0.0455836606301,1,3,8,20,0.00830338389898,0.000478673558042,0.00830338389898,0.013723133474,0.0334344040579,0.00687516859613,0.00830338389898,0.000478673558042,0.00830338389898,0.168004867142,0.584516371149,0.159275172868
6,0.221339029467,0.196367461749,0.0127674869237,0.0626884301892,0.0109200366648,0.00807600032706,0.0447711535103,0.0562382771931,0.0518040873316,0.0970885812539,0.110544311025,0.127395144365,1,3,8,20,0.00645333107771,0.000372021694501,0.00645333107771,0.0138375300275,0.0334953377892,0.00646883942055,0.00645333107771,0.000372021694501,0.00645333107771,0.169450273704,0.589545176641,0.160645474717
7,0.0767759651345,0.152738200313,0.0911285132852,0.0343407418777,0.051197480273,0.0976886905772,0.101802935,0.0198752951975,0.102960976945,0.0227813767958,0.0811987739926,0.167511050608,1,3,8,20,0.00833274102357,0.000480365937854,0.00833274102357,0.0136711320044,0.0381601309602,0.00554345086003,0.00833274102357,0.000480365937854,0.00833274102357,0.167366818157,0.582296494526,0.158670277522
8,0.147526256271,0.019874236435,0.0233458507836,0.0509716325458,0.0203719560049,0.0128199260537,0.000942626234805,0.383028185314,0.0266257490908,0.011781828621,0.0686955774867,0.234016175159,1,3,8,20,0.00526310518375,0.000303407540264,0.00526310518375,0.0139969195042,0.0254543034131,0.0084950092975,0.00526310518375,0.000303407540264,0.00526310518375,0.171431701003,0.596438885817,0.16252394515
9,0.0432957517558,0.0670250573593,0.088239603267,0.029963764926,0.157954728877,0.0141897002428,0.155754295016,0.0315297225584,0.254849115455,0.0229446603939,0.0379637943558,0.0962898057936,1,3,8,20,0.0048809618413,0.000281377737037,0.0048809618413,0.0139207857456,0.0348629104331,0.00575098883219,0.0048809618413,0.000281377737037,0.0048809618413,0.170507501113,0.593223443462,0.161647767575
10,0.0532408194034,0.108761279371,0.147106010133,0.195764459349,0.0135455756614,0.123563865007,0.101916165901,0.0264503209833,0.00570735368497,0.028012670936,0.11681147989,0.0791199996812,1,3,8,20,0.00409454470799,0.000236042354271,0.00409454470799,0.0140360298622,0.0286146476793,0.00735453412951,0.00409454470799,0.000236042354271,0.00409454470799,0.171938406417,0.598201796708,0.163004321664
11,0.127706531167,0.126008246283,0.0118756393108,0.00667982834947,0.402381002056,0.00766596986432,0.0167713050965,0.0064303824802,0.0506558754746,0.100539505515,0.0251548492631,0.11813086514,1,3,8,20,0.00489039160069,0.000281921343901,0.00489039160069,0.0139782798667,0.0293927060887,0.00730163132723,0.00489039160069,0.000281921343901,0.00489039160069,0.171211963785,0.595674384152,0.16231562569
12,0.141234066362,0.014508048155,0.0498350362911,0.0662969311247,0.0553530773471,0.0898365267667,0.0548293804899,0.0855503813455,0.315381069392,0.0101899303087,0.0357404560173,0.0812450963998,1,3,8,20,0.00559609403678,0.000322603684993,0.00559609403678,0.0138217519273,0.0400019291124,0.00444648786315,0.00559609403678,0.000322603684993,0.00559609403678,0.169276947298,0.588942145765,0.160481154517
13,0.0635555931605,0.0241685181291,0.295797321639,0.056608860628,0.0215690456378,0.0600042420331,0.0411230988371,0.093956769608,0.0506233032608,0.192939920201,0.0799294808819,0.0197238459841,1,3,8,20,0.00594110697325,0.000342492994205,0.00594110697325,0.0138314503829,0.0370678688207,0.00534970270431,0.00594110697325,0.000342492994205,0.00594110697325,0.169387744093,0.589327625913,0.160586194205
14,0.115054619436,0.0655638195397,0.0391433948592,0.242324427677,0.0436678305888,0.0474203208886,0.0607712661293,0.11470114586,0.00667419651635,0.09577353381,0.109769471229,0.0591359734656,1,3,8,20,0.00839402168261,0.000483898645899,0.00839402168261,0.0136745379911,0.0374804434065,0.00574876366403,0.00839402168261,0.000483898645899,0.00839402168261,0.167407130034,0.582436746128,0.158708494754
15,0.0901039963849,0.0848598988409,0.251214507194,0.00127685127995,0.0601299307074,0.101550481781,0.0542089480769,0.135258074071,0.0257135661531,0.00233910813569,0.043609392055,0.149735245321,1,3,8,20,0.00634001611697,0.000365489312511,0.00634001611697,0.0139183331383,0.0265486955678,0.00841165946434,0.00634001611697,0.000365489312511,0.00634001611697,0.170443297977,0.593000070265,0.161586900495
16,0.0812046471662,0.0509091804057,0.00533966361368,0.0886530837057,0.0048607852667,0.098637565098,0.0495439737912,0.133125559391,0.130593862233,0.221142645189,0.126719035876,0.00926999826364,1,3,8,20,0.00595912620593,0.000343531767111,0.00595912620593,0.0138709340388,0.0332436410103,0.0064361622743,0.00595912620593,0.000343531767111,0.00595912620593,0.169871258422,0.591009851231,0.161044584665
17,0.0672485083269,0.211732433542,0.03376872768,0.020304903339,0.225477468711,0.0147924539879,0.0363031089712,0.0300961830648,0.0078189175412,0.169999205144,0.0653197370678,0.117138352624,1,3,8,20,0.00922355260745,0.00053171945295,0.00922355260745,0.0137863567626,0.0220907051232,0.0102801796178,0.00922355260745,0.00053171945295,0.00922355260745,0.168758238351,0.587137472624,0.159989398186
18,0.0601384913995,0.0630381473011,0.160228848399,0.0100774909532,0.0105603773443,0.250914138068,0.278143521835,0.0635804059092,0.00339757457408,0.0227875935437,0.0488535717392,0.0282798389335,1,3,8,20,0.00360478963244,0.000207808948779,0.00360478963244,0.014297797294,0.00682890413861,0.0134192566394,0.00360478963244,0.000207808948779,0.00360478963244,0.175158249636,0.609404157128,0.166056858737
19,0.081919917313,0.0772916195636,0.277835549272,0.00361233336689,0.0226311831926,0.0688070227561,0.000474848431823,0.084342417961,0.0037773265377,0.11510434722,0.0704234857299,0.193779948655,1,3,8,20,0.00804485373521,0.000463769808576,0.00804485373521,0.0137056577506,0.0365944502743,0.00592616320004,0.00804485373521,0.000463769808576,0.00804485373521,0.167796723633,0.583792205888,0.159077844696
20,0.0171561691621,0.11754149262,0.0337567085892,0.121055766308,0.0828808716527,0.0269892883653,0.174649451837,0.0357110203489,0.0729620574008,0.0249777770444,0.126053857996,0.166265538677,1,3,8,20,0.00605253004487,0.000348916312552,0.00605253004487,0.0139656676929,0.0237742911979,0.00913665569166,0.00605253004487,0.000348916312552,0.00605253004487,0.171030186702,0.595041951992,0.162143293919
21,0.105452889655,0.156808137016,0.0217342643771,0.110347542552,0.204717721712,0.0367740743448,0.0210549189087,0.165219304645,0.0770824241881,0.00973095717057,0.0525103903716,0.0385673750588,1,3,8,20,0.00441863141756,0.000254725308146,0.00441863141756,0.014003680718,0.0297633208271,0.00709749299384,0.00441863141756,0.000254725308146,0.00441863141756,0.171534331634,0.596795954545,0.162621242995
22,0.10108728809,0.208512171024,0.0083675501301,0.0315045303881,0.00405558256641,0.0980483737802,0.00291040977826,0.276860801912,0.0443088564653,0.0352926952608,0.14416740217,0.0448843384356,1,3,8,20,0.00679227334919,0.000391561041957,0.00679227334919,0.0138136150966,0.0337626459539,0.0064644441051,0.00679227334919,0.000391561041957,0.00679227334919,0.169149226205,0.588497783224,0.160360069935
23,0.160781341178,0.00850366159194,0.169086636531,0.0978189514724,0.0969252866195,0.0413312398984,0.0755178415347,0.105107804853,0.0320816354038,0.133623832939,0.0310875330641,0.0481342349147,1,3,8,20,0.00475724045252,0.000274245445179,0.00475724045252,0.0140536723959,0.0230718236114,0.00906312201504,0.00475724045252,0.000274245445179,0.00475724045252,0.172139136815,0.598900170545,0.163194621918
24,0.0193444046598,0.0109232619454,0.0575265957474,0.0278872432702,0.255337207311,0.00168260976158,0.190315482556,0.095759923867,0.0113747471894,0.240511087273,0.0620584078457,0.0272790285746,1,3,8,20,0.00471207580584,0.000271641793176,0.00471207580584,0.0140596212063,0.0227760606544,0.00913735649061,0.00471207580584,0.000271641793176,0.00471207580584,0.172213105968,0.599157521309,0.163264747563
25,0.168104904502,0.0914111879848,0.133100153176,0.0359767407001,0.0989507386918,0.0440790237406,0.0701013936269,0.0456074521989,0.171197343199,0.0470412699016,0.0932334124788,0.00119637979883,1,3,8,20,0.00376520215661,0.000217056411576,0.00376520215661,0.0140189242337,0.0321545624522,0.00628309254121,0.00376520215661,0.000217056411576,0.00376520215661,0.171736456058,0.597499178426,0.16281286484
26,0.0514253435844,0.00433991504958,0.0646673696805,0.00638262690962,0.0290422606966,0.239382515869,0.314738601022,0.0963942275054,0.0109038826669,0.0451063126545,0.048972056307,0.0886448880536,1,3,8,20,0.00894142765019,0.000515455510592,0.00894142765019,0.0137046955555,0.0314341293013,0.00757564747305,0.00894142765019,0.000515455510592,0.00894142765019,0.167763950179,0.583678181688,0.159046774182
27,0.107051941306,0.0320181939523,0.271711331511,0.0682076970125,0.219638029118,0.065603365436,0.0974977715692,0.00965068626563,0.0375898701526,0.0140265985045,0.0607664473394,0.0162380678334,1,3,8,20,0.00484823566576,0.000279491138142,0.00484823566576,0.0141054582325,0.0176615409693,0.0106139539429,0.00484823566576,0.000279491138142,0.00484823566576,0.172771726575,0.601101053635,0.163794341706
28,0.10134029289,0.0102260066152,0.0325987345584,0.0104310183427,0.0563587603788,0.0066995443778,0.11088183922,0.0508350661689,0.0607807990985,0.279634437743,0.0894556074053,0.190757893201,1,3,8,20,0.00409216595782,0.000235905224058,0.00409216595782,0.0139227549609,0.0392971659998,0.00432972601542,0.00409216595782,0.000235905224058,0.00409216595782,0.170550095175,0.593371635161,0.161688148408
29,0.13693904825,0.0724367924681,0.113907798218,0.030111697494,0.0143329975332,0.232626478593,0.0435753532194,0.0218832917197,0.0541222482754,0.0573492481002,0.168962993515,0.0537520526128,1,3,8,20,0.00613622575266,0.000353741203551,0.00613622575266,0.0139232442335,0.02727968743,0.00816185125992,0.00613622575266,0.000353741203551,0.00613622575266,0.170508260161,0.593226084315,0.161648487182
30,0.0454509799603,0.0230947514788,0.0313897779188,0.0521825527645,0.027847632028,0.21619371226,0.305913296267,0.0128686744743,0.122124970945,0.0342280812869,0.00826815721531,0.120437413401,1,3,8,20,0.0136130282608,0.000784763989309,0.0136130282608,0.0132273491853,0.0490320585997,0.00357599901185,0.0136130282608,0.000784763989309,0.0136130282608,0.161803981906,0.562942478691,0.153396491585
31,0.043570700527,0.0670164611392,0.103216381005,0.00696825993241,0.196139930478,0.00522471646511,0.0317032466602,0.169349825915,0.073754537101,0.0421013434959,0.0347183336053,0.226236263676,1,3,8,20,0.0047556097278,0.000274151437144,0.0047556097278,0.0141616546545,0.0129112652364,0.0119393158029,0.0047556097278,0.000274151437144,0.0047556097278,0.173462671993,0.60350496559,0.164449384937
32,0.272986168525,0.0117585174776,0.000920574724442,0.044283564851,0.0160772504866,0.136489485739,0.0527901592228,0.0433667244713,0.12991558193,0.10594212345,0.162768406541,0.0227014425802,1,3,8,20,0.0051227220352,0.000295314731112,0.0051227220352,0.0140325708686,0.0229187244087,0.00918332883823,0.0051227220352,0.000295314731112,0.0051227220352,0.17187195109,0.597970587772,0.16294131942
33,0.0598376783234,0.0845817962901,0.0477163307108,0.342863287827,0.0142308910051,0.0445976696441,0.026352131084,0.218330585306,0.0234219419638,0.0498738356694,0.00950833638922,0.0786855157866,1,3,8,20,0.00740938338857,0.000427136207678,0.00740938338857,0.0138720575841,0.024644134554,0.00917575119012,0.00740938338857,0.000427136207678,0.00740938338857,0.16985109267,0.590939691287,0.161025466745
34,0.0207851012809,0.177479563796,0.0181303702295,0.00323091091748,0.0734244573941,0.0148332456056,0.0701286427894,0.26275772452,0.210290165272,0.0477899899061,0.0276571641974,0.0734926640921,1,3,8,20,0.00514344140334,0.000296509161454,0.00514344140334,0.0140937987487,0.0170307432965,0.0108546216145,0.00514344140334,0.000296509161454,0.00514344140334,0.17262191283,0.600579827147,0.163652312427
35,0.0533388732989,0.0581338534176,0.010719791526,0.235308868844,0.107632808183,0.045098245177,0.102087171324,0.00667516050303,0.17178676117,0.0808853293009,0.0502861536368,0.078046983619,1,3,8,20,0.00541436270404,0.000312127235306,0.00541436270404,0.0139778425723,0.0263651625086,0.00826894813363,0.00541436270404,0.000312127235306,0.00541436270404,0.171194342897,0.595613078202,0.162298920399
36,0.00133507379849,0.0524479431199,0.0698042783764,0.139416914766,0.0366445334939,0.118246829091,0.148520299201,0.0514840793104,0.143636453544,0.0824799095375,0.0176888305514,0.13829485521,1,3,8,20,0.00377205949543,0.000217451723513,0.00377205949543,0.0143169300547,0.00404727500931,0.0142419364348,0.00377205949543,0.000217451723513,0.00377205949543,0.175388838342,0.610206412897,0.166275465833
37,0.0439350290638,0.0220093942667,0.0294723756985,0.0832885185592,0.0706193248653,0.0705848895319,0.117860916354,0.258212458148,0.00294139421598,0.0599478026196,0.179190776493,0.0619371201838,1,3,8,20,0.00462429545759,0.000266581430782,0.00462429545759,0.0141846299555,0.0115164442926,0.0123065847008,0.00462429545759,0.000266581430782,0.00462429545759,0.173747344231,0.604495386796,0.164719265332
38,0.145370425958,0.0729379991025,0.0458917837917,0.0745234493878,0.0313769178771,0.00293747561618,0.0483372864523,0.116356143175,0.268336687646,0.0311565383046,0.101693746796,0.0610815458925,1,3,8,20,0.00755901711675,0.000435762294336,0.00755901711675,0.0137486025612,0.0353951608384,0.00616351714338,0.00755901711675,0.000435762294336,0.00755901711675,0.168334450438,0.585663045264,0.1595876307
39,0.316070319002,0.110504776529,0.0239663034448,0.0722413925765,0.0173688214591,0.0840344831076,0.0410248101924,0.102328721462,0.0866944657712,0.103444185687,0.0299637298938,0.0123579908749,1,3,8,20,0.00453443646753,0.000261401238824,0.00453443646753,0.0140972512625,0.0202723196873,0.00980882720093,0.00453443646753,0.000261401238824,0.00453443646753,0.172678479929,0.600776633326,0.163705940246
40,0.246147047221,0.120695687581,0.0730163507033,0.100736468198,0.0206308020839,0.178111036619,0.0454911397971,0.0351840209276,0.0187351059335,0.101758059096,0.0254510590896,0.034043222749,1,3,8,20,0.0040574751534,0.000233905368218,0.0040574751534,0.0142407336607,0.00955210399918,0.0127434993617,0.0040574751534,0.000233905368218,0.0040574751534,0.174448249599,0.606933951045,0.165383750984
41,0.0451096082852,0.132371774239,0.0409106629168,0.135775567002,0.109267716881,0.0431227547002,0.106123147963,0.0809287139461,0.174400571468,0.0250926937168,0.0596359349426,0.0472608539385,1,3,8,20,0.00462165024682,0.000266428939645,0.00462165024682,0.0140650048319,0.0227986071166,0.00911195631079,0.00462165024682,0.000266428939645,0.00462165024682,0.172281206991,0.599394455892,0.163329309991
42,0.105471941221,0.0160302462573,0.0876563896676,0.167577215155,0.0529036644513,0.157568866352,0.0352068637146,0.138567051679,0.0454639227525,0.0498469823058,0.0553584223189,0.0883484341251,1,3,8,20,0.00467462295294,0.000269482710737,0.00467462295294,0.014067977125,0.0222084231792,0.00929018269543,0.00467462295294,0.000269482710737,0.00467462295294,0.172316397662,0.599516889984,0.163362672121
43,0.0580735579623,0.0750175266302,0.135929051615,0.00649885733108,0.0899140540009,0.0855640143546,0.177409974687,0.113574986208,0.0612761322157,0.0463325558302,0.132371395358,0.0180378938069,1,3,8,20,0.00383112460709,0.00022085670966,0.00383112460709,0.0140306454912,0.030664531043,0.00671879648295,0.00383112460709,0.00022085670966,0.00383112460709,0.171878576392,0.597993638279,0.162947600465
44,0.000853533303628,0.0586931036513,0.127675377124,0.112503653024,0.0140102556667,0.00529262663745,0.149787790693,0.0944991325637,0.0348423021053,0.0440520101125,0.252644696875,0.105145518243,1,3,8,20,0.0058461645608,0.000337019753062,0.0058461645608,0.0139350926037,0.0278625652521,0.00793583201985,0.0058461645608,0.000337019753062,0.0058461645608,0.170660268629,0.593754946602,0.161792597144
45,0.169857632115,0.0307649805191,0.00594052756141,0.0430547475247,0.0432759826328,0.157455885141,0.00115267888723,0.0303061030305,0.0147839555289,0.137258430877,0.0756748569567,0.290474219225,1,3,8,20,0.00489301933538,0.000282072827576,0.00489301933538,0.0139995341005,0.0273755256614,0.0078732641475,0.00489301933538,0.000282072827576,0.00489301933538,0.171472407265,0.596580509553,0.162562536276
46,0.000928547903872,0.0428491348088,0.225516893547,0.0222832882771,0.0436053582248,0.237663545709,0.0085216872247,0.0854969573603,0.0137931798238,0.103559837879,0.140226072794,0.0755554964483,1,3,8,20,0.00409122720899,0.000235851107056,0.00409122720899,0.0141814278489,0.0149400371492,0.0112252299323,0.00409122720899,0.000235851107056,0.00409122720899,0.173720571258,0.604402239252,0.164693883509
47,0.0201539006554,0.0141995724742,0.112480808563,0.00423898208318,0.172769444662,0.0296178987734,0.0237807327683,0.0738091082184,0.085667398524,0.144544924014,0.197861191732,0.120876037533,1,3,8,20,0.00662357073076,0.000381835671723,0.00662357073076,0.0139296209709,0.0238248842681,0.00924242601372,0.00662357073076,0.000381835671723,0.00662357073076,0.170575013306,0.593458329406,0.161711771769
48,0.104747521683,0.00532558957232,0.0960287661895,0.0617400116658,0.0111020183605,0.00243612553881,0.0298372427852,0.372566618062,0.19607630165,0.0223845090767,0.0512976752513,0.0464576201646,1,3,8,20,0.00374461290741,0.000215869482333,0.00374461290741,0.0140486213293,0.0294781810892,0.0070364678243,0.00374461290741,0.000215869482333,0.00374461290741,0.172100923735,0.598767221001,0.163158394427
49,0.0695422078531,0.0166447291811,0.182156845917,0.0359836783548,0.00408777927718,0.0329184458307,0.104270530845,0.13805896325,0.0913308183904,0.18269332613,0.100164159564,0.0421485154058,1,3,8,20,0.00586448423077,0.00033807584558,0.00586448423077,0.0137944065613,0.0410055271616,0.0042188053227,0.00586448423077,0.00033807584558,0.00586448423077,0.168935505222,0.587754213019,0.160157454099
50,0.061149123388,0.323711702855,0.0689178076107,0.053666647999,0.061813174965,0.0143186837478,0.0281203135345,0.0355198692434,0.103036177463,0.0562805397494,0.0434410183568,0.150024941088,1,3,8,20,0.00643478122971,0.000370952332678,0.00643478122971,0.0140594479844,0.0127030465614,0.012351405073,0.00643478122971,0.000370952332678,0.00643478122971,0.172170670837,0.599009882558,0.163224517402
51,0.165035551938,0.11197651899,0.0344497886935,0.11870417505,0.0412607966061,0.0535042571983,0.112865993957,0.150004538376,0.0285797311962,0.0131063328708,0.0765237765959,0.0939885385274,1,3,8,20,0.00371499753604,0.000214162215108,0.00371499753604,0.0140488272419,0.0296322352436,0.00698662553143,0.00371499753604,0.000214162215108,0.00371499753604,0.172104140539,0.598778412787,0.163161444082
52,0.112086203784,0.0524483803571,0.0949635937636,0.0384155152927,0.0663916291904,0.0138131984244,0.0131925390764,0.0305133109891,0.00740406335614,0.177397881221,0.233411969212,0.159961715333,1,3,8,20,0.00635464720166,0.000366332765428,0.00635464720166,0.014040619966,0.0149456476868,0.0116996537332,0.00635464720166,0.000366332765428,0.00635464720166,0.171941778225,0.598213527781,0.16300751827
53,0.00105161085978,0.0336453039292,0.234303392881,0.000409881099407,0.00729501228429,0.122742442227,0.0135381872512,0.0626442423511,0.242778124879,0.228580221157,0.00762434791894,0.0453872331625,1,3,8,20,0.00375894339028,0.000216695606152,0.00375894339028,0.0139600971672,0.0377317363108,0.00470283298722,0.00375894339028,0.000216695606152,0.00375894339028,0.171015581783,0.594991139093,0.162129447885
54,0.0283334825782,0.0100376159743,0.0200386075331,0.308059950084,0.014496579797,0.00867574074333,0.0730716282948,0.00329788730988,0.0842879260445,0.0350774479402,0.217801440903,0.196821692798,1,3,8,20,0.00445256420359,0.000256681465734,0.00445256420359,0.0139333623478,0.0361873929069,0.00528592221244,0.00445256420359,0.000256681465734,0.00445256420359,0.170671672371,0.59379462208,0.161803408336
55,0.0489229906998,0.078850613914,0.162145050535,0.122306662246,0.0408472326646,0.00651861749529,0.176044449026,0.0779677851982,0.0201512904632,0.0725085152686,0.164549251909,0.02918754058,1,3,8,20,0.00580270329587,0.000334514297627,0.00580270329587,0.0137667405404,0.0439730310592,0.00336568788722,0.00580270329587,0.000334514297627,0.00580270329587,0.168597859141,0.58657948716,0.159837352433
56,0.0316782450823,0.00384248195561,0.00116089102631,0.0151865466335,0.0368518167319,0.242893835258,0.0325621167138,0.0332640976523,0.0314449020342,0.197665874211,0.154154542625,0.219294650075,1,3,8,20,0.00704661138383,0.000406223123521,0.00704661138383,0.0137209624373,0.0409993894083,0.00446915212689,0.00704661138383,0.000406223123521,0.00704661138383,0.168007666574,0.584526110831,0.159277826839
57,0.00998009262136,0.0990885609314,0.034091170355,0.0676993691676,0.076331381046,0.163661387001,0.0508152609314,0.220387633305,0.0196524051573,0.0376178583839,0.0511795447854,0.169495336314,1,3,8,20,0.00561512717374,0.000323700907463,0.00561512717374,0.0138509396149,0.0371414698909,0.00526030993537,0.00561512717374,0.000323700907463,0.00561512717374,0.169634244177,0.590185239964,0.160819885908
58,0.224514722734,0.0711751557881,0.0619261613616,0.0275108777372,0.268826097888,0.0318694611043,0.0114594335999,0.176548213184,0.0943505818297,0.0126755068215,0.0158711942562,0.00327259369523,1,3,8,20,0.0070604304233,0.000407019763647,0.0070604304233,0.0138459502237,0.0291467126225,0.00782764759112,0.0070604304233,0.000407019763647,0.0070604304233,0.169539270437,0.58985481081,0.160729847095
59,0.139641308488,0.184363610071,0.0655992268865,0.0208854953686,0.100750575658,0.0774124646115,0.0127497428137,0.117602928911,0.0592884765375,0.0916558231438,0.112003312071,0.0180470354399,1,3,8,20,0.00946710038722,0.000545759497793,0.00946710038722,0.0135758292216,0.0404924709854,0.00512170969782,0.00946710038722,0.000545759497793,0.00946710038722,0.166172184122,0.578140167611,0.157537717818
60,0.196129988621,0.0124655347495,0.0033247309005,0.321200738322,0.128538708936,0.0429656871245,0.0422736109639,0.0143361470978,0.0808884314604,0.00698727408524,0.101163218726,0.0497259290137,1,3,8,20,0.00392178032987,0.000226082831674,0.00392178032987,0.0141725581577,0.0167678081754,0.0106721372854,0.00392178032987,0.000226082831674,0.00392178032987,0.17361582399,0.604037806399,0.164594579009
61,0.164619750928,0.0819455670409,0.0535444676661,0.108289328095,0.139962608067,0.0178441853128,0.0092540530109,0.0436574962906,0.174138776344,0.0685453219912,0.0260958974688,0.112102547784,1,3,8,20,0.00653116084381,0.000376508425636,0.00653116084381,0.0138512521655,0.0317471198643,0.00698014225263,0.00653116084381,0.000376508425636,0.00653116084381,0.169616639424,0.590123990152,0.160803195915
62,0.0397988803568,0.0085021939407,0.241412806638,0.00940639474972,0.116589056512,0.103650846124,0.318087239053,0.0505327531826,0.0626090329486,0.0130366921792,0.0273072287042,0.00906687561072,1,3,8,20,0.00517296914398,0.000298211376942,0.00517296914398,0.0139478837608,0.0306005417127,0.00701911116108,0.00517296914398,0.000298211376942,0.00517296914398,0.170832797973,0.594355204365,0.161956161697
63,0.0137437807136,0.0392593846651,0.0137384075887,0.105018006758,0.0968436522941,0.0499550695826,0.0222303588177,0.0051989416254,0.238848781327,0.00602750693548,0.266753200407,0.142382909285,1,3,8,20,0.010090572325,0.000581701414295,0.010090572325,0.0135119458538,0.0428577340914,0.00458320474002,0.010090572325,0.000581701414295,0.010090572325,0.165374600749,0.575365244795,0.156781577643
64,0.16464717693,0.0186475372818,0.0616330074179,0.0294325536255,0.526282863624,0.003451016203,0.0177581590731,0.0583502111634,0.0211746803397,0.0612301956193,0.0269556125674,0.0104369861552,1,3,8,20,0.00608347306287,0.000350700115963,0.00608347306287,0.0139443249157,0.0256031978738,0.00862538485341,0.00608347306287,0.000350700115963,0.00608347306287,0.170767872411,0.594129317732,0.16189460973
65,0.118648610945,0.0796156726935,0.00454283224142,0.0259955722303,0.405575060742,0.00346003820595,0.0122660663453,0.00152910047442,0.11989867076,0.0514646510474,0.0355768103749,0.141426913941,1,3,8,20,0.00504731231697,0.000290967510922,0.00504731231697,0.0140387367941,0.0227796484713,0.00920684320528,0.00504731231697,0.000290967510922,0.00504731231697,0.171949289087,0.598239659293,0.16301463886
66,0.0132778341412,0.20389709532,0.0202148975153,0.0477422106145,0.279902304983,0.00926125373634,0.0137968031624,0.0138341978322,0.113569668219,0.231054037033,0.0394379571962,0.0140117402468,1,3,8,20,0.00702148610554,0.000404774701227,0.00702148610554,0.0138462145509,0.0293499017351,0.00776193285274,0.00702148610554,0.000404774701227,0.00702148610554,0.169543421507,0.589869253059,0.160733782471
67,0.00793428274057,0.101291960362,0.223003586807,0.0609162370049,0.0566059646518,0.00280284619396,0.227701387114,0.0216360994307,0.0553353540144,0.0690566315679,0.0439306408397,0.129785009274,1,3,8,20,0.00440513407616,0.000253947213274,0.00440513407616,0.0139734462908,0.0326899439151,0.00626610360713,0.00440513407616,0.000253947213274,0.00440513407616,0.171164075729,0.595507773783,0.162270225943
68,0.00882083668237,0.0150684576132,0.0337013826731,0.0519609494271,0.281542256419,0.109241059322,0.104650065637,0.308894092938,0.0288294910483,0.00146856537926,0.0198821581327,0.0359406847287,1,3,8,20,0.00582493582053,0.000335795958431,0.00582493582053,0.0141556506261,0.00721404633532,0.0137771311726,0.00582493582053,0.000335795958431,0.00582493582053,0.173364060256,0.60316187925,0.16435589716
69,0.0639615482471,0.126969670393,0.139635641393,0.0180861991825,0.245566827055,0.108619794182,0.12443597804,0.0991294681742,0.0359048586688,0.0311436537304,0.00478930209833,0.00175705883497,1,3,8,20,0.00606978734096,0.00034991116133,0.00606978734096,0.0139378588773,0.0262923425799,0.00842740418257,0.00606978734096,0.00034991116133,0.00606978734096,0.170688940916,0.593854702168,0.161819779591
70,0.019168050072,0.200128258695,0.207474248793,0.00586461254148,0.0877816091269,0.095108428804,0.0198572452197,0.0509949065641,0.00480180811798,0.0726264052491,0.124315010289,0.111879416529,1,3,8,20,0.010235406117,0.000590050794186,0.010235406117,0.0136625651278,0.0278236920836,0.0088699238502,0.010235406117,0.000590050794186,0.010235406117,0.167217294099,0.581776275906,0.158528522877
71,0.221896268698,0.115886378555,0.0872065764761,0.00950125114543,0.00881002936052,0.0166508317191,0.00014231327074,0.0789698769831,0.0840144750925,0.219541545705,0.0603877983214,0.0969926546727,1,3,8,20,0.00412776514572,0.000237957446398,0.00412776514572,0.013888855448,0.0422814358934,0.00349234167377,0.00412776514572,0.000237957446398,0.00412776514572,0.170133768846,0.591923167868,0.161293454795
72,0.0157580683603,0.146092040412,0.112702947045,0.0633479857579,0.221102861428,0.0556516593936,0.0428329069625,0.0477853481688,0.0358170101588,0.0895289036232,0.100526229832,0.0688540388584,1,3,8,20,0.00802164779002,0.000462432032015,0.00802164779002,0.0136019852183,0.0464945654095,0.00311847969636,0.00802164779002,0.000462432032015,0.00802164779002,0.1665265923,0.579373211544,0.157873710607
73,0.0454353749459,0.0993548096567,0.00297905243252,0.37762127415,0.0213703229628,0.113041349591,0.0317941624871,0.130845777712,0.0556719478771,0.0871635051798,0.0132289598434,0.0214934631628,1,3,8,20,0.00394523361262,0.000227434866753,0.00394523361262,0.0140196814723,0.0310288573051,0.0066396506324,0.00394523361262,0.000227434866753,0.00394523361262,0.17174152443,0.597516812121,0.162817669855
74,0.00978576280522,0.0802499964418,0.00353964687101,0.106023927888,0.134186386511,0.129694197616,0.335075541649,0.00355051549477,0.0252135117355,0.030223162696,0.0915210305682,0.0509363197228,1,3,8,20,0.00290327393304,0.000167367964725,0.00290327393304,0.0140029410122,0.0387079474886,0.00424650671617,0.00290327393304,0.000167367964725,0.00290327393304,0.171560725333,0.596887782536,0.162646265253
75,0.0448894532623,0.200820266969,0.0151787063847,0.0521110636646,0.227347671915,0.0255499190881,0.0738434431773,0.0734692787171,0.0988383273563,0.0726596933831,0.110190903232,0.00510127285095,1,3,8,20,0.00538940254388,0.000310688331743,0.00538940254388,0.0139604628488,0.0281482231682,0.00775889986758,0.00538940254388,0.000310688331743,0.00538940254388,0.170981910386,0.594873990804,0.162097526086
76,0.134844711787,0.194397263943,0.0369988569904,0.0827028529031,0.0132693008961,0.12828023115,0.0326064838018,0.0431862974769,0.038640866082,0.244281016081,0.025117349132,0.0256747697573,1,3,8,20,0.0062947667384,0.000362880775883,0.0062947667384,0.0139181859002,0.0268275738954,0.00832319049741,0.0062947667384,0.000362880775883,0.0062947667384,0.17044255219,0.592997475552,0.16158619346
77,0.0266138669909,0.123476150373,0.0448496973671,0.127398051328,0.0976123667806,0.00628851165594,0.00794260061365,0.398633420788,0.0446537730896,0.000231155849381,0.0422611139718,0.080039291192,1,3,8,20,0.00289083346165,0.000166650796305,0.00289083346165,0.0141002611171,0.0296148935032,0.00681820796518,0.00289083346165,0.000166650796305,0.00289083346165,0.172753831546,0.601038793908,0.163777376521
78,0.308777504749,0.130693963276,0.0344010584793,0.0347675326135,0.0575930721274,0.0313605896588,0.100392853789,0.0292787830399,0.00161424925205,0.154996251482,0.0268954839689,0.0892286575651,1,3,8,20,0.00513753808727,0.00029616884703,0.00513753808727,0.0140846263998,0.0179291978046,0.0105990203273,0.00513753808727,0.00029616884703,0.00513753808727,0.172509629016,0.600189173421,0.163545862988
79,0.218321117492,0.281097399269,0.0236718996668,0.00874373428893,0.0552140754335,0.0223747494768,0.120934975232,0.0918063284062,0.125682215898,0.036724614915,0.012210048484,0.00321884143682,1,3,8,20,0.00568743112267,0.000327869086234,0.00568743112267,0.0139873800395,0.023867620392,0.00903345072019,0.00568743112267,0.000327869086234,0.00568743112267,0.171304850051,0.595997550639,0.162403685496
80,0.0270010778472,0.00997809673183,0.208063073953,0.130998636021,0.0873590676395,0.0526016769024,0.0216244161694,0.0648455984707,0.132034549471,0.0950285533045,0.0461266531339,0.124338600356,1,3,8,20,0.00576033400182,0.00033207179214,0.00576033400182,0.0139366505432,0.0282185154401,0.00781700889165,0.00576033400182,0.00033207179214,0.00576033400182,0.170681372165,0.593828369249,0.16181260412
81,0.132768882206,0.0227973921605,0.033022647602,0.0541814532387,0.118456286841,0.0502441423721,0.149120219393,0.0329885065972,0.118536888247,0.153817534619,0.123416052892,0.0106499938308,1,3,8,20,0.0106061428422,0.000611423028627,0.0106061428422,0.0134756146557,0.0432599908647,0.00457775046344,0.0106061428422,0.000611423028627,0.0106061428422,0.164917238662,0.573774007399,0.15634798053
82,0.0662061916384,0.0275002606093,0.0149928200908,0.210173766085,0.0594858436971,0.0536328525449,0.0156731284663,0.112429721528,0.171984489306,0.148990597128,0.0285018201256,0.0904285087806,1,3,8,20,0.00455201451453,0.000262414578254,0.00455201451453,0.0140659712958,0.0231154164664,0.00900762015146,0.00455201451453,0.000262414578254,0.00455201451453,0.172294682073,0.599441337903,0.163342084895
83,0.132411703684,0.00164681635061,0.312227551323,0.0966045171165,0.0376999631467,0.0472676000806,0.023688070217,0.0467205348837,0.114142450857,0.0500628362263,0.0745592717481,0.0629686843669,1,3,8,20,0.00614177742951,0.000354061246674,0.00614177742951,0.0140196740952,0.0181651051578,0.0107434312098,0.00614177742951,0.000354061246674,0.00614177742951,0.171690033982,0.597337668444,0.1627688549
84,0.00297686089593,0.020934798573,0.0143019699086,0.0600924025915,0.0460521729866,0.151533742921,0.0243504131082,0.218656796609,0.189974813283,0.098854726037,0.139800173089,0.0324711299966,1,3,8,20,0.00874253633715,0.000503989822189,0.00874253633715,0.0136987414703,0.0331597458995,0.00704528321667,0.00874253633715,0.000503989822189,0.00874253633715,0.167695627385,0.58344047553,0.158982001506
85,0.00205558307863,0.172229948749,0.0328311115438,0.0503659630473,0.235369579763,0.116164854175,0.0356571852122,0.0151580193519,0.0646509208638,0.0252447167787,0.160671673318,0.0896004441181,1,3,8,20,0.00821033580174,0.000473309520402,0.00821033580174,0.0137407451936,0.0323206294969,0.00717091860572,0.00821033580174,0.000473309520402,0.00821033580174,0.16822290458,0.585274959005,0.159481880871
86,0.0743649073174,0.0188090440788,0.100712495763,0.022360639037,0.1575793631,0.0584289438138,0.0187484904346,0.133407553969,0.187388817871,0.0209972645456,0.027079284816,0.180123195253,1,3,8,20,0.00510283928817,0.000294168530313,0.00510283928817,0.0139913533505,0.0269171668163,0.00804715578903,0.00510283928817,0.000294168530313,0.00510283928817,0.171367229086,0.596214577489,0.162462823256
87,0.092524056983,0.096943114187,0.158540595765,0.010821838669,0.025519348036,0.0725850770233,0.047541910996,0.191327235073,0.0420432640773,0.0185302133707,0.163961432598,0.0796619132225,1,3,8,20,0.00369135226433,0.000212799112247,0.00369135226433,0.0140488430458,0.0297692294999,0.00694286858594,0.00369135226433,0.000212799112247,0.00369135226433,0.17210488755,0.598781011759,0.163162152278
88,0.000736221526526,0.0421232739673,0.124198693826,0.00582554844055,0.017427782647,0.163666493704,0.0923032286838,0.0378218605394,0.000238460416535,0.169250495536,0.20443711377,0.141970826942,1,3,8,20,0.00425411866832,0.000245241475533,0.00425411866832,0.0138450689128,0.0456653778677,0.00256089315105,0.00425411866832,0.000245241475533,0.00425411866832,0.169594137399,0.59004570193,0.160781863116
89,0.0282069459072,0.0267414501836,0.0895427686123,0.0152746810302,0.0893657059906,0.197591207464,0.151471294768,0.13175592654,0.0212739477412,0.00455688205482,0.177743047946,0.0664761417625,1,3,8,20,0.0044898432262,0.000258830527202,0.0044898432262,0.0140618268355,0.02386987192,0.00878095264145,0.0044898432262,0.000258830527202,0.0044898432262,0.17224533985,0.599269668251,0.163295306542
90,0.0301733372565,0.00206731799587,0.00731708811759,0.12639731602,0.0982243536243,0.105572526305,0.253214673593,0.0928573553732,0.0253577567137,0.057219335257,0.0948735166247,0.106725423119,1,3,8,20,0.00571513448988,0.000329466130224,0.00571513448988,0.0139294750066,0.0291590489881,0.00754123043602,0.00571513448988,0.000329466130224,0.00571513448988,0.17059448206,0.593526064382,0.161730228908
91,0.0558182649576,0.0712073389528,0.0590005326391,0.0506881170473,0.00199984863618,0.479040905821,0.0923119757954,0.0125507937288,0.160806123254,0.00233206942832,0.0131171351617,0.00112689457824,1,3,8,20,0.00472960549211,0.000272652344705,0.00472960549211,0.0141415381668,0.0149581977698,0.0113543436866,0.00472960549211,0.000272652344705,0.00472960549211,0.173216720449,0.602649259999,0.164216213271
92,0.0414305150341,0.00114403618854,0.0289757321117,0.270582529421,0.0382267031192,0.0164543949322,0.0831606125223,0.0857188755754,0.317473448252,0.00760052001657,0.00715888315729,0.102073749669,1,3,8,20,0.00611421463336,0.000352472306326,0.00611421463336,0.0137935836618,0.0396204402096,0.00466345466242,0.00611421463336,0.000352472306326,0.00611421463336,0.168919575464,0.587698790789,0.160142352067
93,0.0320781432582,0.0977472005988,0.0543884680621,0.160356569464,0.0412608049647,0.0488147173107,0.139272466255,0.00886589606357,0.0146628428928,0.0977566010491,0.112546301028,0.192249989053,1,3,8,20,0.00604114014484,0.000348259707481,0.00604114014484,0.0139973597104,0.0208561441938,0.00996041147866,0.00604114014484,0.000348259707481,0.00604114014484,0.171418890103,0.596394314604,0.162511799917
94,0.00111382701151,0.0715984943826,0.0161395535354,0.232259667828,0.0281315241482,0.198506370845,0.00933634062104,0.0198722433607,0.0759434093803,0.199997196391,0.0995130952275,0.0475882772698,1,3,8,20,0.00366764110999,0.000211432211385,0.00366764110999,0.0141009814618,0.0249975379264,0.00828878667931,0.00366764110999,0.000211432211385,0.00366764110999,0.172744482917,0.601006268498,0.163768513655
95,0.00543386892581,0.0554598326542,0.0123407824923,0.220203880606,0.021770905977,0.0342346534449,0.180787908702,0.0786712723199,0.0293370090728,0.225238675272,0.0450188916405,0.0915023188921,1,3,8,20,0.0060972640195,0.000351495137169,0.0060972640195,0.0139989157826,0.0203808890302,0.0101067633039,0.0060972640195,0.000351495137169,0.0060972640195,0.171436648959,0.596456100566,0.162528636006
96,0.0167741932363,0.294795563922,0.0821349056438,0.151654709039,0.0224010092767,0.104644852402,0.036314994945,0.0184058059329,0.0893472190693,0.00234516227252,0.163710960142,0.0174706241172,1,3,8,20,0.0103687312425,0.000597736722356,0.0103687312425,0.0134687709001,0.0452950002851,0.00395169351101,0.0103687312425,0.000597736722356,0.0103687312425,0.164838912911,0.573501499318,0.15627372466
97,0.0909723161561,0.000110667406265,0.098589282593,0.134648181179,0.142634453261,0.0617719858212,0.0695784296109,0.107666279025,0.112021291909,0.00494765824009,0.12487870523,0.0521807495697,1,3,8,20,0.00763365474009,0.000440065004793,0.00763365474009,0.0139202052111,0.0187959546998,0.0108785842344,0.00763365474009,0.000440065004793,0.00763365474009,0.170435971577,0.592974580525,0.161579954782
98,0.115061384036,0.0191313075243,0.0385247561256,0.0251347555468,0.143614816149,0.149002917988,0.111941489012,0.00176741878373,0.162187401919,0.043926595151,0.00593052182438,0.18377663594,1,3,8,20,0.00578229208779,0.0003333376321,0.00578229208779,0.0139143153737,0.0301935105971,0.00726248962524,0.00578229208779,0.0003333376321,0.00578229208779,0.170407104753,0.59287414813,0.161552587906
99,0.105079810048,0.0371361923915,0.0590085394434,0.08958659603,0.031293501214,0.0464033906558,0.346914978247,0.0970878911421,0.0392372940629,0.0125603988475,0.114746425628,0.0209449822896,1,3,8,20,0.00430684814099,0.0002482812247,0.00430684814099,0.0139881032474,0.0318851345475,0.00647328150481,0.00430684814099,0.0002482812247,0.00430684814099,0.171346020342,0.596140788806,0.162442716539
100,0.024382893561,0.0773559389876,0.163573870315,0.056933582028,0.00908362568912,0.189379912044,0.0314017545727,0.130543408899,0.0523707341856,0.0426231343926,0.0499221584599,0.172428986866,1,3,8,20,0.00432143741328,0.000249122267215,0.00432143741328,0.0141202734081,0.0193514881445,0.010024726993,0.00432143741328,0.000249122267215,0.00432143741328,0.17296563778,0.601775702387,0.163978177099
101,0.0057622557203,0.00287694098306,0.0705314363038,0.210641052447,0.190385977681,0.0999916926275,0.0199622979477,0.0618361786414,0.0055281545548,0.146750192999,0.141593131512,0.0441406885833,1,3,8,20,0.0062283062004,0.000359049458124,0.0062283062004,0.0138805801606,0.0307586386955,0.00719629697966,0.0062283062004,0.000359049458124,0.0062283062004,0.169983188306,0.591399273576,0.161150698564
102,0.00562845195222,0.0804093510895,0.000651806917241,0.290602668208,0.0592577303995,0.125609905214,0.0700744617788,0.0354643841277,0.134357301702,0.136765742914,0.0247602765134,0.0364179191833,1,3,8,20,0.00503346843537,0.000290169438697,0.00503346843537,0.0139567964193,0.0305781300328,0.00699611816863,0.00503346843537,0.000290169438697,0.00503346843537,0.170945301374,0.594746622072,0.162062819314
103,0.0205437388729,0.173663338171,0.0393124682251,0.00276729724002,0.00280363319785,0.0335628345206,0.0438519745043,0.0667789663249,0.0834795542695,0.095632709529,0.115993693811,0.321609791334,1,3,8,20,0.00622038518531,0.000358592827366,0.00622038518531,0.0138649403467,0.0322780364246,0.0067644772792,0.00622038518531,0.000358592827366,0.00622038518531,0.169791682476,0.590732993516,0.160969143561
104,0.0877022802699,0.158191693173,0.112326964841,0.127036639461,0.118864064567,0.0551806700173,0.000619381274383,0.182863763208,0.0178261901327,0.00825616092917,0.094207211064,0.0369249810624,1,3,8,20,0.00359153575184,0.000207044888938,0.00359153575184,0.0140031807568,0.0346544406381,0.00553883349517,0.00359153575184,0.000207044888938,0.00359153575184,0.171547558182,0.596841971864,0.162633782279
105,0.0262585975336,0.100447462857,0.0084038152089,0.022390941354,0.00161892697247,0.264585243618,0.0863375246136,0.172198890152,0.0196113828268,0.187604898331,0.0143122784244,0.0962300381077,1,3,8,20,0.00402784798192,0.00023219742074,0.00402784798192,0.0141425997236,0.0189681838485,0.0100714997591,0.00402784798192,0.00023219742074,0.00402784798192,0.173246152958,0.602751660503,0.164244116439
106,0.0207601359134,0.0945306275997,0.229282685482,0.00506172787257,0.00874968981346,0.0481036481239,0.0223855282911,0.107047254932,0.118577231467,0.145542174502,0.0102954244026,0.1896638716,1,3,8,20,0.00810883681717,0.000467458305924,0.00810883681717,0.0137372483489,0.0332444200708,0.00688804007094,0.00810883681717,0.000467458305924,0.00810883681717,0.168182420217,0.585134107296,0.159443500115
107,0.124342530844,0.169579327417,0.0423853767421,0.0544358250665,0.00765745543687,0.00334067552315,0.15783817939,0.146676724646,0.0480372027209,0.149072837788,0.0889026242061,0.00773124021894,1,3,8,20,0.00497692031106,0.000286909551861,0.00497692031106,0.0140835961864,0.0189669129297,0.0102714557524,0.00497692031106,0.000286909551861,0.00497692031106,0.172500760608,0.600158318783,0.163537455392
108,0.0515074342789,0.0315282272495,0.0443624204278,0.0351446455655,0.09399788593,0.043892512596,0.163159935273,0.0421733040457,0.109475099018,0.0390497800852,0.253608403492,0.0921003520382,1,3,8,20,0.00407217599892,0.000234752842707,0.00407217599892,0.0141051986705,0.0222311178962,0.00915705905872,0.00407217599892,0.000234752842707,0.00407217599892,0.172786705338,0.601153167197,0.163808542158
109,0.304109960029,0.0353417718517,0.0197408907743,0.00380657680081,0.100338460971,0.248599711472,0.000639145255301,0.0519133189635,0.0126705618368,0.0251484060358,0.0471997966466,0.150491399364,1,3,8,20,0.00353402613155,0.000203729573772,0.00353402613155,0.0140797846286,0.0277764621259,0.00747395051632,0.00353402613155,0.000203729573772,0.00353402613155,0.172487808129,0.600113254991,0.163525175935
110,0.161363040313,0.0533283568929,0.0700662156319,0.0257909010775,0.203507692127,0.0601168139758,0.127754042093,0.062840546336,0.0282315394356,0.0175419535148,0.183354621588,0.00610427701422,1,3,8,20,0.00888852020496,0.000512405501661,0.00888852020496,0.0136008226297,0.0415270702084,0.0047071270027,0.00888852020496,0.000512405501661,0.00888852020496,0.166492057727,0.579253060125,0.157840970484
111,0.118598933123,0.244913531156,0.00334103506343,0.160949046848,0.0563769315421,0.0288339447759,0.0198771929827,0.0256503607856,0.145384012356,0.152100379504,0.0158304114511,0.0281442204122,1,3,8,20,0.00545656834019,0.000314560306241,0.00545656834019,0.0140120681815,0.0228945021423,0.0092603964442,0.00545656834019,0.000314560306241,0.00545656834019,0.171612845398,0.597069116752,0.162695677108
112,0.0639704263298,0.0484929771142,0.00181357423346,0.0149953173565,0.0807793840388,0.0484426046373,0.0110734717907,0.274308419105,0.0819878751513,0.0418788801177,0.246685693083,0.0855713770423,1,3,8,20,0.010026483544,0.000578006823609,0.010026483544,0.0135341111992,0.0411454793656,0.00505447968906,0.010026483544,0.000578006823609,0.010026483544,0.165647772567,0.576315654165,0.157040555192
113,0.0812159576908,0.02358523669,0.163549397094,0.139626750776,0.00516523021669,0.175520824831,0.160469897158,0.0337047393354,0.0454840722398,0.0393688353814,0.106750755667,0.0255583029196,1,3,8,20,0.00654197572038,0.000377131881748,0.00654197572038,0.0140760470821,0.0105118878164,0.0129942836507,0.00654197572038,0.000377131881748,0.00654197572038,0.172371611199,0.599708986896,0.16341501671
114,0.0375505777017,0.0644956705937,0.294420358165,0.0174213185412,0.347541142254,0.0326394469461,0.00759311304948,0.00647876491771,0.0473514527873,0.0268372757264,0.104317583754,0.0133532955633,1,3,8,20,0.00905366808674,0.000521925948401,0.00905366808674,0.0136510787115,0.0358265764872,0.00635571484463,0.00905366808674,0.000521925948401,0.00905366808674,0.167104162668,0.581382673181,0.158421269864
115,0.0722935247591,0.0231253697695,0.00558861976365,0.055523230098,0.00868892720617,0.115030773871,0.0160327940014,0.103565739887,0.0852274795652,0.0394858283628,0.261753163614,0.213684549102,1,3,8,20,0.00398561821746,0.000229762958856,0.00398561821746,0.0141359207012,0.019844561283,0.00981450897868,0.00398561821746,0.000229762958856,0.00398561821746,0.173165278942,0.602470286594,0.164167444714
116,0.227652460933,0.191750616,0.0462339120922,0.0388078713783,0.240335695573,0.0179160253133,0.021463865936,0.00180383457085,0.0401842343525,0.149929843315,0.014522717232,0.00939892330431,1,3,8,20,0.00988326518894,0.000569750570445,0.00988326518894,0.0134939266294,0.0457689722276,0.00371541147707,0.00988326518894,0.000569750570445,0.00988326518894,0.165158597117,0.574613732884,0.156576797768
117,0.0913175166531,0.068217023046,0.00472926410232,0.207868613627,0.0174692841775,0.0918773837088,0.00846853471963,0.01452284831,0.128756618061,0.0428158983024,0.216697482876,0.107259532416,1,3,8,20,0.00712145357794,0.000410537627076,0.00712145357794,0.013750231058,0.0378044520528,0.00538940469381,0.00712145357794,0.000410537627076,0.00712145357794,0.168364649465,0.585768112609,0.159616260556
118,0.024299806551,0.000435701490076,0.0378658229123,0.130578277734,0.0419432898574,0.0431190349901,0.186833851255,0.0873574341767,0.0530266241322,0.147281964347,0.0866141224013,0.160644070153,1,3,8,20,0.0064052921461,0.000369252345692,0.0064052921461,0.0137699568882,0.0401409372274,0.0045773132475,0.0064052921461,0.000369252345692,0.0064052921461,0.168623179853,0.586667582052,0.159861357457
119,0.054486469282,0.105579893232,0.0598219431908,0.109297500007,0.0975699115349,0.00498525687609,0.0197746991047,0.26756394274,0.121984646762,0.0112028062025,0.0313449383821,0.116387992686,1,3,8,20,0.00648795695368,0.000374017807346,0.00648795695368,0.0138443441348,0.0326507711495,0.00671522515812,0.00648795695368,0.000374017807346,0.00648795695368,0.169532981338,0.589832930007,0.160723884783
120,0.153946961347,0.036813488033,0.0318569259788,0.0222690113432,0.156115354726,0.0948301245528,0.0907453180308,0.0819793217319,0.0190796573123,0.00591721470861,0.116888618346,0.189558003891,1,3,8,20,0.005051159062,0.000291189268118,0.005051159062,0.0139548540162,0.0306574633902,0.00697737870544,0.005051159062,0.000291189268118,0.005051159062,0.170921080119,0.594662352368,0.162039856618
121,0.00284313044658,0.294451281439,0.00740916173879,0.145579999644,0.105150248601,0.00514456531641,0.00742190023221,0.0349097607363,0.0616227964026,0.258832526917,0.0497547965974,0.0268798319289,1,3,8,20,0.00634971368107,0.000366048357784,0.00634971368107,0.013987582836,0.0199697455662,0.0102762531966,0.00634971368107,0.000366048357784,0.00634971368107,0.171291837965,0.595952279466,0.16239134953
122,0.00677585507916,0.304329572856,0.0436310767005,0.0134471048973,0.149417797225,0.139176217352,0.0244884925211,0.166034986703,0.0837165060402,0.010219455753,0.0291561788147,0.0296067560578,1,3,8,20,0.00647576817254,0.000373315148368,0.00647576817254,0.0137712921975,0.0396024182965,0.00474459391246,0.00647576817254,0.000373315148368,0.00647576817254,0.168637897057,0.586718785609,0.159875309941
123,0.00373563605444,0.0027355513595,0.0489309279441,0.00127891817946,0.175237013402,0.0269934066355,0.110613233127,0.00743581338086,0.120780338847,0.0918907368911,0.273816364109,0.136552060069,1,3,8,20,0.00371698902401,0.000214277020426,0.00371698902401,0.0140544109854,0.0290946772055,0.00713923140856,0.00371698902401,0.000214277020426,0.00371698902401,0.172172531734,0.599016356924,0.163226281605
124,0.126045879606,0.314004171644,0.0472808717584,7.65861604999e-05,0.0332607633757,0.0374634618372,0.197960863398,0.0535350056657,0.0033319915056,0.0166139513101,0.0391038645851,0.131322589154,1,3,8,20,0.00600849715011,0.000346377903795,0.00600849715011,0.0139740230693,0.0232452419697,0.00927717342349,0.00600849715011,0.000346377903795,0.00600849715011,0.171133625727,0.595401833251,0.162241358152
125,0.0693574306246,0.143133611502,0.0389396682548,0.187725215193,0.0670912240711,0.0168294655248,0.0123572472521,0.0667677006812,0.0566875601593,0.0416846604167,0.0966930772795,0.202733139041,1,3,8,20,0.00625313563588,0.000360480825669,0.00625313563588,0.0137443988374,0.0434392063861,0.00361154689455,0.00625313563588,0.000360480825669,0.00625313563588,0.168313485177,0.585590103696,0.159567754814
126,0.0373010012954,0.270149844964,0.0393889742144,0.0411696587068,0.109669772648,0.0332200654781,0.0317778259403,0.188877796693,0.0761324417984,0.00978950384111,0.113499196873,0.0490239175474,1,3,8,20,0.00437217906089,0.000252047422224,0.00437217906089,0.0140127321952,0.029182880647,0.00725205109343,0.00437217906089,0.000252047422224,0.00437217906089,0.171646359114,0.597185716443,0.162727449419
127,0.15338079103,0.0527640226555,0.0105232523769,0.0834557962783,0.150060285219,0.00731980446403,0.0449024333959,0.02798658101,0.069931358966,0.193689271727,0.0379428630853,0.168043539792,1,3,8,20,0.00482675592428,0.00027825287379,0.00482675592428,0.0139637996464,0.0311291923997,0.00679663492141,0.00482675592428,0.00027825287379,0.00482675592428,0.171035974394,0.595062088317,0.162148780876
128,0.0143618595531,0.0533489258555,0.00863147953155,0.0504030104284,0.0967911614837,0.00667565284568,0.0356437054122,0.0147031592965,0.126149146447,0.116360092579,0.0683667107068,0.408565095861,1,3,8,20,0.00466440953283,0.000268893927392,0.00466440953283,0.0139344705049,0.034842313591,0.00571127758347,0.00466440953283,0.000268893927392,0.00466440953283,0.170680297357,0.593824629817,0.16181158516
129,0.119916778089,0.0119938980519,0.129676814657,0.0441359585769,0.0335719277572,0.0528202430422,0.124478058264,0.269827180119,0.00411348808639,0.0625559393861,0.142342032703,0.00456768126752,1,3,8,20,0.00470441515651,0.000271200171987,0.00470441515651,0.0140487830429,0.0238416989454,0.00883405453542,0.00470441515651,0.000271200171987,0.00470441515651,0.172080446029,0.598695975716,0.163138980762
130,0.0829238584499,0.0949684591701,0.0250229252573,0.0586650745707,0.100230034306,0.0144258216573,0.0833883077563,0.0220720580101,0.120495879611,0.119941552702,0.0564185472096,0.221447481299,1,3,8,20,0.00530083716374,0.000305582713824,0.00530083716374,0.013833210995,0.0406519020924,0.0042003807519,0.00530083716374,0.000305582713824,0.00530083716374,0.169424305816,0.589454830117,0.160620856145
131,0.0715268227223,0.00621370553843,0.0851685110994,0.00683580939976,0.0164840643736,0.342669533873,0.0570825868548,0.0456653426223,0.28886852763,0.0321237888101,0.0198987433863,0.0274625636903,1,3,8,20,0.00584977738081,0.000337228024947,0.00584977738081,0.0139012022685,0.0310333045783,0.0070389297201,0.00584977738081,0.000337228024947,0.00584977738081,0.170244803282,0.592309474803,0.161398719775
132,0.116126721636,0.0321246846905,0.0135931566078,0.152931913704,0.163439973954,0.064229388001,0.00481726429624,0.183011316083,0.111811922845,0.0909045734067,0.037185892354,0.0298231924214,1,3,8,20,0.00817498405376,0.000471271562481,0.00817498405376,0.0138561989128,0.021653878571,0.0101833278689,0.00817498405376,0.000471271562481,0.00817498405376,0.169638803664,0.590201103163,0.16082420848
133,0.0304156076338,0.00872390175284,0.00819208008087,0.0225012236607,0.102589739972,0.00300931014047,0.291312145623,0.355701728799,0.00980465268277,0.0894353456548,0.073487515592,0.00482674840779,1,3,8,20,0.00564480546698,0.000325411802008,0.00564480546698,0.0137982225129,0.04193271633,0.00391011062921,0.00564480546698,0.000325411802008,0.00564480546698,0.168987416445,0.587934820644,0.160206667966
134,0.197841809202,0.121147688699,0.0203889568976,0.0563272311121,0.138309689676,0.00157262744475,0.0696698919865,0.225544852556,0.0268151450129,0.00635912222107,0.0585580535098,0.0774649316817,1,3,8,20,0.00580255360562,0.000334505668282,0.00580255360562,0.0139571973605,0.0260360849456,0.00844375178225,0.00580255360562,0.000334505668282,0.00580255360562,0.170932218647,0.594701105128,0.162050416378
135,0.0603332072299,0.0395761903737,0.0832729961719,0.137658410845,0.226298755669,0.243628972108,0.0867218310159,0.0233336062648,0.0284314032772,0.0375593916812,0.00259316132308,0.0305920740403,1,3,8,20,0.0050974475133,0.000293857705221,0.0050974475133,0.0140421242843,0.0221669783529,0.0093908388636,0.0050974475133,0.000293857705221,0.0050974475133,0.171989635066,0.598380029546,0.163052888424
136,0.0384216809692,0.0558437211601,0.000546907503033,0.0472001732717,0.0111557371386,0.00625598229138,0.19899740795,0.164020945952,0.286343387955,0.134340920745,0.0252848741816,0.0315882608826,1,3,8,20,0.00771096241146,0.000444521638206,0.00771096241146,0.013850134827,0.0249426379953,0.00915466649984,0.00771096241146,0.000444521638206,0.00771096241146,0.169575336793,0.589980291554,0.160764039408
137,0.0618547926048,0.207787150032,0.128199461012,0.0132808214916,0.143109590434,0.0788818446704,0.0643147413593,0.155221227772,0.046100119361,0.00481116207049,0.0821212344971,0.0143178546958,1,3,8,20,0.00457604917934,0.000263800128851,0.00457604917934,0.0141211742618,0.0177754641145,0.0105244587559,0.00457604917934,0.000263800128851,0.00457604917934,0.172970721178,0.601793388357,0.163982996358
138,0.169077103674,0.106803589869,0.0678555680993,0.0626085940509,0.118835198002,0.106092025876,0.0321162609317,0.131069235248,0.0404289609032,0.0797630954657,0.00597586958852,0.0793744982917,1,3,8,20,0.00414429613307,0.000238910424922,0.00414429613307,0.0141680748989,0.0158868524845,0.0109683395534,0.00414429613307,0.000238910424922,0.00414429613307,0.17355566745,0.603828511971,0.16453754826
139,0.113048456072,0.0382091278899,7.43922493215e-05,0.0341622588909,0.0480309559433,0.100965998383,0.0112003968633,0.0136849391448,0.018178823304,0.34359893138,0.268642340904,0.010203378975,1,3,8,20,0.00503370579705,0.000290183122125,0.00503370579705,0.013936280032,0.0325090378109,0.00644951238594,0.00503370579705,0.000290183122125,0.00503370579705,0.170693834351,0.593871727229,0.161824418759
140,0.0355621433782,0.0529265906175,0.0485912909137,0.119126147188,0.101016556628,0.0516428518596,0.0820912431644,0.226330311033,0.00441712049889,0.242471062188,0.00642595200242,0.0293987305293,1,3,8,20,0.00521450964791,0.000300606104328,0.00521450964791,0.0139398240072,0.031116345375,0.00688181919044,0.00521450964791,0.000300606104328,0.00521450964791,0.170733040608,0.594008132199,0.16186158782
141,0.0587404239032,0.0118714677779,0.0742403858034,0.179839782896,0.0702390966934,0.082195186437,0.0797689735196,0.0122955456311,0.243115765864,0.156256083619,0.0166451957498,0.0147920921051,1,3,8,20,0.0101792458685,0.000586813267622,0.0101792458685,0.0136147929056,0.032651942751,0.0074911959331,0.0101792458685,0.000586813267622,0.0101792458685,0.166633082516,0.579743708396,0.157974667489
142,0.276986216069,0.101959123607,0.0881012002624,0.0369710342233,0.132541195161,0.00525269879374,0.00369279461384,0.0615020162545,0.100272931406,0.035915497129,0.138631572027,0.0181737204539,1,3,8,20,0.0043454559512,0.00025050688813,0.0043454559512,0.014117120429,0.0195077768242,0.00998553165355,0.0043454559512,0.00025050688813,0.0043454559512,0.172926430885,0.601639295195,0.163941007432
143,0.0123683728886,0.0151371684023,0.132817444992,0.0134005802041,0.034742312364,0.138216704303,0.289901324127,0.0139478036115,0.25671693471,0.015160706191,0.0573685487259,0.020222099479,1,3,8,20,0.00600846943063,0.000346376305822,0.00600846943063,0.0138967040096,0.030527556732,0.00721548503735,0.00600846943063,0.000346376305822,0.00600846943063,0.170185956393,0.592104736867,0.161342930627
144,0.0903962786841,0.0479345475639,0.15754785403,0.041834088852,0.122441471194,0.150288660052,0.0775271977152,0.0777542423785,0.086811816524,0.0121315955332,0.0565970015278,0.0787352459454,1,3,8,20,0.0100189104469,0.000577570249629,0.0100189104469,0.0134889647617,0.0454418661318,0.00383654496867,0.0100189104469,0.000577570249629,0.0100189104469,0.165094607257,0.574391101711,0.156516132883
145,0.0757008638543,0.0364592470313,0.0572342716498,0.0799647330283,0.0600779867411,0.0102532519743,0.029373316842,0.310577423493,0.177876060772,0.000782117651962,0.100101404633,0.061599322329,1,3,8,20,0.00568107524841,0.000327502682731,0.00568107524841,0.013889459981,0.0331272640153,0.00641063359362,0.00568107524841,0.000327502682731,0.00568107524841,0.170104830279,0.591822485868,0.161266019904
146,0.0741505312806,0.132439064195,0.0597122132559,0.0559291366746,0.172054836889,0.0457708568673,0.154874421817,0.133512417955,0.0367312734974,0.0461048119808,0.0100423504459,0.0786780851413,1,3,8,20,0.00661517154933,0.000381351475628,0.00661517154933,0.0136785903974,0.0475169251172,0.00253325009264,0.00661517154933,0.000381351475628,0.00661517154933,0.167498424645,0.58275437499,0.15879504561
147,0.0645435958651,0.241946499138,0.00822759717157,0.0328363534226,0.0243845682404,0.323336052633,0.0131315236011,0.0437509171564,0.0589303831773,0.0360404973358,0.0883996695406,0.0644723427182,1,3,8,20,0.00304936849522,0.000175790025506,0.00304936849522,0.0140689587944,0.0316345563465,0.00627976594846,0.00304936849522,0.000175790025506,0.00304936849522,0.17236646123,0.599691069311,0.163410134338
148,0.0414392058802,0.104604361098,4.86122123929e-05,0.112959176248,0.0498070229028,0.0559326152736,0.0687995285023,0.0387720723987,0.0422061605332,0.194384310528,0.263149991121,0.0278969433021,1,3,8,20,0.0133091471487,0.000767245847917,0.0133091471487,0.0132638139674,0.0473774240695,0.00398053130202,0.0133091471487,0.000767245847917,0.0133091471487,0.16225802766,0.564522178025,0.153826944686
149,0.0462076367116,0.0042174656735,0.0128632746237,0.331466434503,0.0444881521264,0.188565511538,0.142894567281,0.0536936162991,0.0307913218279,0.0819791303883,0.0615750970128,0.00125779201364,1,3,8,20,0.00562845613802,0.000324469295729,0.00562845613802,0.0139652809137,0.0262943830352,0.00833401164309,0.00562845613802,0.000324469295729,0.00562845613802,0.171035369603,0.59505998415,0.162148207511
150,0.0741816974248,0.0152905914145,0.0715667226857,0.0467375810083,0.174173024431,0.115988916319,0.0697264085161,0.0325136798248,0.112290393869,0.0185388237585,0.259588675615,0.009403485133,1,3,8,20,0.00584712629234,0.000337075194972,0.00584712629234,0.0139410419109,0.0272966082197,0.00809626131872,0.00584712629234,0.000337075194972,0.00584712629234,0.170733164496,0.594008563225,0.161861705271
151,0.00272183396894,0.155753368576,0.0549005763675,0.0793162139631,0.0806605798033,0.066338643635,0.0272889704594,0.0266377277412,0.0314162793689,0.0862482099333,0.0167262675469,0.371991328637,1,3,8,20,0.00451437050694,0.000260244476128,0.00451437050694,0.0140052335429,0.0290563579994,0.00731777448557,0.00451437050694,0.000260244476128,0.00451437050694,0.171551123677,0.596854376807,0.162637162508
152,0.211049049342,0.191018132696,0.00413063283279,0.0151319595488,0.0364899436368,0.0286033955948,0.20230010902,0.0521233636467,0.0251819884412,0.133253399789,0.00533177476598,0.0953862506857,1,3,8,20,0.00708642664927,0.000408518394341,0.00708642664927,0.0138174158357,0.0316819196092,0.00711537704551,0.00708642664927,0.000408518394341,0.00708642664927,0.169188927094,0.588635909102,0.160397707928
153,0.260090794692,0.0683284580683,0.0812871988196,0.0229979339158,0.0835352727876,0.0251171626541,0.0221851930096,0.148451544764,0.155746188609,0.120154939234,0.00113238702006,0.010972926426,1,3,8,20,0.0075119421495,0.000433048516154,0.0075119421495,0.0136982646265,0.0404118488354,0.00473335177989,0.0075119421495,0.000433048516154,0.0075119421495,0.167718579304,0.583520329003,0.159003760821
154,0.0868035710616,0.0208395354969,0.114605546056,0.160913578107,0.210119307122,0.0904637852876,0.0562714573198,0.0190100653792,0.0674529464984,0.0148423588372,0.0986071843412,0.0600706644937,1,3,8,20,0.00736887997393,0.000424801266426,0.00736887997393,0.0138663050897,0.0254231379879,0.0089466908443,0.00736887997393,0.000424801266426,0.00736887997393,0.169781534355,0.590697686548,0.160959522747
155,0.106342335363,0.0182050306712,0.0273135651744,0.00458468045031,0.295672637642,0.135305123673,0.0241851289174,0.130756851169,0.16097358349,0.0453524677236,0.0141607238089,0.0371478719161,1,3,8,20,0.00794534541868,0.00045803335215,0.00794534541868,0.0137164859862,0.0361574010045,0.00602896814715,0.00794534541868,0.00045803335215,0.00794534541868,0.167931769688,0.584262053167,0.159205873628
156,0.192864792602,0.0242476757906,0.1118620486,0.0276051264707,0.022093844275,0.019889133265,0.0175559851137,0.197861357092,0.0255158793529,0.0065732676769,0.334647177124,0.0192837126379,1,3,8,20,0.00488569617086,0.000281650661715,0.00488569617086,0.0140837613536,0.019485627259,0.0101054184658,0.00488569617086,0.000281650661715,0.00488569617086,0.172504919681,0.600172788878,0.163541398355
157,0.024662085759,0.0904720348956,0.0342876058124,0.0646422711793,0.211188969575,0.0471358390341,0.01262353811,0.00961244832561,0.000374717187855,0.447569459213,0.012402297272,0.0450287336352,1,3,8,20,0.00331016471965,0.00019082440886,0.00331016471965,0.0139118979324,0.044899643531,0.00257915901499,0.00331016471965,0.00019082440886,0.00331016471965,0.170435323903,0.592972327161,0.161579340762
158,0.275292883361,0.0333590920961,0.0349059350027,0.013675749167,0.0874529236583,0.0597216651025,0.115983795822,0.130370195146,0.036931899559,0.0170792366788,0.0856425172965,0.10958410711,1,3,8,20,0.00500651597329,0.000288615682894,0.00500651597329,0.0140457003101,0.0223627336141,0.00931629545246,0.00500651597329,0.000288615682894,0.00500651597329,0.172035592875,0.598539924268,0.163096458221
159,0.021387605717,0.182154170827,0.0161693564847,0.0189311367425,0.0448063923376,0.0666272906913,0.156514199987,0.0525175675992,0.0246750351852,0.271468273181,0.135236008634,0.00951296261359,1,3,8,20,0.00522138983869,0.000301002733635,0.00522138983869,0.0139880302842,0.0265358314185,0.00818004690722,0.00522138983869,0.000301002733635,0.00522138983869,0.171323725408,0.596063221089,0.162421580071
160,0.546680283902,0.0205974819449,0.104504488683,0.0741654210061,0.0373694050616,0.0374218590396,0.0108278452113,0.028478859609,0.010556025791,0.00689570267429,0.0835554082005,0.0389472188767,1,3,8,20,0.00390094388062,0.00022488165184,0.00390094388062,0.014216562228,0.0127453986735,0.0118065320978,0.00390094388062,0.00022488165184,0.00390094388062,0.174155652539,0.605915958087,0.165106357549
161,0.0566512904426,0.08362118334,0.100554306085,0.0128182867272,0.172958911328,0.220140176313,0.0335581415795,0.0439903625305,0.00446057366733,0.147178155683,0.0580970170879,0.0659715952161,1,3,8,20,0.007365660304,0.000424615658862,0.007365660304,0.0139548459893,0.017102933934,0.0113015311854,0.007365660304,0.000424615658862,0.007365660304,0.170866821455,0.594473577616,0.161988417286
162,0.0135100978287,0.079797988649,0.00259315253862,0.0198163422892,0.134234002421,0.205789941237,0.0686422305562,0.283240574801,0.0114824342273,0.0220251606824,0.0972500835119,0.0616179912571,1,3,8,20,0.00409122913145,0.000235851217882,0.00409122913145,0.0142366297521,0.00974093689198,0.0126971379182,0.00409122913145,0.000235851217882,0.00409122913145,0.174397159713,0.606756200986,0.165335315777
163,0.00877932034454,0.442676807019,0.0550904949195,0.0405528470334,0.0197507088838,0.103164591967,0.057924665508,0.0405895929723,0.100153791216,0.0991399987038,0.01626869524,0.0159084861923,1,3,8,20,0.00839990860887,0.000484238015483,0.00839990860887,0.0137695623182,0.0284962753567,0.00829349279168,0.00839990860887,0.000484238015483,0.00839990860887,0.168571668913,0.586488367079,0.159812523075
164,0.118291561174,0.0112029269225,0.0108167592629,0.00357938198145,0.116022973054,0.0564307670932,0.192665759272,0.146146376226,0.184752342821,0.0700213193924,0.0411380951549,0.0489317376452,1,3,8,20,0.00565840198664,0.00032619561431,0.00565840198664,0.0139088255981,0.0314361392091,0.006884636448,0.00565840198664,0.00032619561431,0.00565840198664,0.170342717764,0.592650135279,0.161491546527
165,0.0570616264258,0.226792028506,0.00300839193295,0.141962519375,0.0126619014132,0.0792712034961,0.156499538631,0.0256329322456,0.0443879181705,0.0871940595323,0.0622044556638,0.103323424609,1,3,8,20,0.00363610402152,0.000209614160994,0.00363610402152,0.0141289510214,0.0225479792976,0.00897564419798,0.00363610402152,0.000209614160994,0.00363610402152,0.173088033034,0.602201535463,0.164094212578
166,0.0340937896302,0.125438057828,0.0796655243715,0.116937182966,0.213937499382,0.0408031772236,0.0637110666811,0.0718552969742,0.0354337064035,0.156002289709,0.0237930221601,0.0383293866709,1,3,8,20,0.00653566715987,0.000376768205789,0.00653566715987,0.0139071783064,0.026453427844,0.00847977723998,0.00653566715987,0.000376768205789,0.00653566715987,0.170301999177,0.592508468665,0.161452943717
167,0.136960908801,0.132135552662,0.242758123224,0.0233855466741,0.0130649922504,0.0813345241212,0.15965213525,0.0365677059849,0.108871928664,0.00459467712398,0.0400173752805,0.0206565299643,1,3,8,20,0.00509354570892,0.000293632773964,0.00509354570892,0.0139677698099,0.0291927683986,0.00740095996612,0.00509354570892,0.000293632773964,0.00509354570892,0.17107839217,0.595209666688,0.162188994584
168,0.00416500933024,0.0905406073263,0.242701668111,0.061208618633,0.012353683268,0.0374973134683,0.0730272240034,0.120778043964,0.10750419502,0.0921295194611,0.0225476689511,0.135546448463,1,3,8,20,0.0048813636081,0.000281400898093,0.0048813636081,0.014114270924,0.0166375143057,0.0109108312479,0.0048813636081,0.000281400898093,0.0048813636081,0.172878965137,0.601474154107,0.16389600805
169,0.0803986482388,0.0899448552932,0.0679099774637,0.106389371472,0.0689448043255,0.052041829261,0.022169300789,0.162845005158,0.117055287802,0.00294027710557,0.0546762971652,0.174684345926,1,3,8,20,0.00747192915163,0.000430741846453,0.00747192915163,0.0138833231183,0.023216800773,0.00959299478352,0.00747192915163,0.000430741846453,0.00747192915163,0.169987706394,0.591414992743,0.161154981889
170,0.136117096271,0.0174642222518,0.002856165026,0.200399635585,0.14752768145,0.144256109559,0.0239955987752,0.010902122036,0.0243692121673,0.00505134965082,0.200600179877,0.0864606273495,1,3,8,20,0.00464357194827,0.000267692682109,0.00464357194827,0.0141126818921,0.0181798431922,0.0104241762338,0.00464357194827,0.000267692682109,0.00464357194827,0.172865053408,0.601425752929,0.163882819188
171,0.165112181523,0.0719384333089,0.0169301801038,0.0694907493467,0.221692480123,0.000437220485034,0.00606166367688,0.224971654647,0.0220462085115,0.0784815771734,0.00293353286536,0.119904118235,1,3,8,20,0.00549452564381,0.00031674846926,0.00549452564381,0.0140108560564,0.0227863602492,0.00929899496587,0.00549452564381,0.00031674846926,0.00549452564381,0.171597100629,0.597014338132,0.162680750453
172,0.0109963673731,0.104231055673,0.0382132849211,0.0397092066836,0.00269329376794,0.189427440061,0.0608513964268,0.125866173651,0.0473640969364,0.18141785985,0.0213590282634,0.177870796393,1,3,8,20,0.0058921598729,0.000339671291274,0.0058921598729,0.0137656229534,0.0435543706673,0.00350302735993,0.0058921598729,0.000339671291274,0.0058921598729,0.168582067987,0.586524547156,0.159822381803
173,0.198725280412,0.136053166419,0.12045178772,0.000764360010713,0.056456581094,0.0651245653605,0.000173291226426,0.135037748759,0.043572686446,0.144005068316,0.0608911255814,0.0387443386549,1,3,8,20,0.00643405785423,0.000370910631521,0.00643405785423,0.0139477292001,0.0232293098875,0.00937118215537,0.00643405785423,0.000370910631521,0.00643405785423,0.170801393587,0.594245943377,0.161926389113
174,0.0154436242778,0.10537989989,0.098749791013,0.232431869172,0.0705885533743,0.0394764240912,0.0324839474546,0.0312697493229,0.170639437603,0.081553629887,0.0316548037435,0.0903282701701,1,3,8,20,0.00521262116697,0.00030049723716,0.00521262116697,0.0140639822254,0.0194337938018,0.0101888474275,0.00521262116697,0.00030049723716,0.00521262116697,0.172254844335,0.599302735904,0.163304317164
175,0.00952323087812,0.148800945082,0.014919262624,0.0263994346488,0.129184127666,0.00334931060572,0.0180209964014,0.0933333108211,0.292628369836,0.0945944379604,0.0866651286132,0.0825814448628,1,3,8,20,0.00852621841305,0.000491519524337,0.00852621841305,0.0137024671396,0.0340757547821,0.00674046055987,0.00852621841305,0.000491519524337,0.00852621841305,0.167746353409,0.583616959652,0.159030091757
176,0.000558553922875,0.017681653465,0.156639625851,0.0362915522945,0.0400989914213,0.0576803985395,0.0870177453004,0.136744149801,0.0321428715852,0.404030392557,0.0168574715199,0.0142565937423,1,3,8,20,0.00566490332264,0.000326570403393,0.00566490332264,0.0140098794186,0.021880496091,0.00959128403134,0.00566490332264,0.000326570403393,0.00566490332264,0.171581143448,0.596958820491,0.162665622422
177,0.182929758468,0.193487675181,0.194575074305,0.0177113058798,0.0173614532659,0.0787301950172,0.0635831527961,0.030828683827,0.0213980828258,0.1057989238,0.0776970717811,0.0158986228536,1,3,8,20,0.00549703019835,0.000316892851845,0.00549703019835,0.0139245532099,0.0308999656138,0.007002494001,0.00549703019835,0.000316892851845,0.00549703019835,0.17053926122,0.593333942062,0.161677877396
178,0.250469626978,0.0349768880836,0.100285465499,0.0229929826815,0.0432981144093,0.0594485872676,0.0146362144229,0.15764613012,0.203142307363,0.0157765331485,0.060156763577,0.0371703864499,1,3,8,20,0.00519601750125,0.000299540068872,0.00519601750125,0.014026847351,0.0230285154619,0.00916766061896,0.00519601750125,0.000299540068872,0.00519601750125,0.171800084992,0.59772055388,0.162873187553
179,0.161711426263,0.10254554858,0.115641934206,0.0740274757999,0.0189573686004,0.0210117218976,0.00899218258257,0.0893526395863,0.0250567957947,0.0975542222936,0.0994612403175,0.185687444079,1,3,8,20,0.0114052643136,0.000657490791204,0.0114052643136,0.0135701048299,0.0296804127504,0.0085903000372,0.0114052643136,0.000657490791204,0.0114052643136,0.16605666862,0.577738270313,0.157428204613
180,0.00409324248794,0.27814785182,0.0510991839355,0.0485384260115,0.0382142136674,0.0860383230637,0.198738763517,0.0318921588155,0.0181529883514,0.0217672622274,0.0449007707073,0.178416815395,1,3,8,20,0.00536078564014,0.000309038624191,0.00536078564014,0.0139662616631,0.0277696725324,0.0078600523083,0.00536078564014,0.000309038624191,0.00536078564014,0.171053653871,0.595123598105,0.162165541711
181,0.0726133420446,0.0506242115438,0.0512281820957,0.087746921051,0.0776857763923,0.0271592505717,0.0520350535603,0.108678036805,0.0478955580244,0.118274723947,0.209153242764,0.096905701199,1,3,8,20,0.00563235870492,0.000324694270945,0.00563235870492,0.0139980912252,0.0231813485536,0.00921615776742,0.00563235870492,0.000324694270945,0.00563235870492,0.171437421652,0.596458788891,0.162529368549
182,0.00288793072232,0.0174075335047,0.00188810660408,0.0078688056666,0.217095143698,0.0905277246302,0.1170972928,0.0378563457736,0.261336798895,0.0390425337271,0.0033746716109,0.203617112367,1,3,8,20,0.00523757835927,0.000301935969631,0.00523757835927,0.0139919315,0.0260735917028,0.00831431528432,0.00523757835927,0.000301935969631,0.00523757835927,0.171371162292,0.596228261756,0.162466552089
183,0.233474101537,0.0719718300798,0.0451926682837,0.0615374720588,0.0354140659274,0.0645902548049,0.016183439432,0.105054003004,0.0884969006946,0.0372365259259,0.0376069116606,0.203241826591,1,3,8,20,0.0090173077185,0.000519829845529,0.0090173077185,0.0136789853709,0.033411190383,0.00703188347594,0.0090173077185,0.000519829845529,0.0090173077185,0.167447054708,0.582575650592,0.158746344905
184,0.038701673262,0.0671297357709,0.0611996180313,0.267497530239,0.0355148128573,0.0998841882771,0.0723015435956,0.0879388070515,0.0240971243427,0.0437765384854,0.107572563622,0.0943858644642,1,3,8,20,0.00680704243575,0.000392412450407,0.00680704243575,0.0139524685129,0.0205984963882,0.0101944279844,0.00680704243575,0.000392412450407,0.00680704243575,0.170850753529,0.594417674677,0.161973184265
185,0.137571098717,0.0714093624691,0.0289377226626,0.0297133546465,0.0881050609713,0.0425001023177,0.290678794143,0.023590005245,0.153532279437,0.0213297424227,0.106121187602,0.00651128936653,1,3,8,20,0.00388446653693,0.000223931765766,0.00388446653693,0.0141174955788,0.022172309991,0.00913423151416,0.00388446653693,0.000223931765766,0.00388446653693,0.172941816293,0.601692823544,0.1639555934
186,0.0323263758945,0.121779610996,0.0678899974937,0.0979212536287,0.125915401807,0.086630790658,0.146736425932,0.0302056487081,0.0116650791421,0.0389584245327,0.151847647936,0.0881233432724,1,3,8,20,0.00596949263758,0.000344129371266,0.00596949263758,0.0138083863728,0.039073864225,0.00478775877789,0.00596949263758,0.000344129371266,0.00596949263758,0.169104393155,0.588341801722,0.160317566454
187,0.105376077207,0.105316001657,0.0169613522114,0.157152108975,0.0315731652385,0.117878554684,0.0615450933369,0.0645270092986,0.01913080075,0.043800844122,0.00594751197477,0.270791480545,1,3,8,20,0.0055649386084,0.000320807636546,0.0055649386084,0.01396809371,0.02640146666,0.00829033724125,0.0055649386084,0.000320807636546,0.0055649386084,0.171071331302,0.595185100774,0.162182300605
188,0.068569727841,0.0859798117007,0.0959253593236,0.125726295801,0.20169156816,0.0231666706431,0.220168683349,0.0305252052139,0.00862003529025,0.0548980803732,0.0558179205355,0.0289106417685,1,3,8,20,0.00493780734933,0.000284654767452,0.00493780734933,0.0138813007666,0.0382488042866,0.00480436972155,0.00493780734933,0.000284654767452,0.00493780734933,0.1700222187,0.591535066691,0.161187700902
189,0.112090517117,0.0146121970339,0.153162661018,0.249231660764,0.166391109115,0.0108763403939,0.0548495741956,0.00717051726684,0.0410554616679,0.0311201089245,0.0198519942708,0.139587858233,1,3,8,20,0.00317873258377,0.000183247607777,0.00317873258377,0.0141635465035,0.0219683445379,0.00904355527684,0.00317873258377,0.000183247607777,0.00317873258377,0.173522759233,0.603714018911,0.164506349987
190,0.052157185651,0.207871171242,0.00265722662989,0.00409575878961,0.030313972758,0.163624095836,0.133174599052,0.0712052716487,0.000804725413423,0.135101308247,0.0832507485894,0.115743936143,1,3,8,20,0.00712622136079,0.000410812480269,0.00712622136079,0.0138205619292,0.0311525458629,0.0072736161509,0.00712622136079,0.000410812480269,0.00712622136079,0.169226556339,0.588766827392,0.160433381922
191,0.0692399699996,0.00966028966242,0.265260414263,0.0622321022209,0.0700022312147,0.0504176573972,0.0143415628297,0.0220644093366,0.117325645168,0.107807706931,0.153903292374,0.0577447186019,1,3,8,20,0.00627406089288,0.000361687125094,0.00627406089288,0.0140060265557,0.0186757319136,0.0106266887079,0.00627406089288,0.000361687125094,0.00627406089288,0.171519665851,0.59674492989,0.16260733926
192,0.0439824211802,0.162168555483,0.00949727588953,0.0790467709939,0.316731727313,0.0245543535676,0.0112145265342,0.0307564781501,0.133270206926,0.109543412011,0.0433184454006,0.0359158265507,1,3,8,20,0.00606448480056,0.000349605480428,0.00606448480056,0.0139936224503,0.0210714090121,0.0099043777927,0.00606448480056,0.000349605480428,0.00606448480056,0.171372537668,0.596233046914,0.162467855999
193,0.164216990819,0.0797492434911,0.0322858032755,0.0994981148885,0.0310870593474,0.0278891896023,0.000260972292792,0.130833629954,0.148313765094,0.0830860713637,0.199512744838,0.00326641503374,1,3,8,20,0.00610938487348,0.00035219388028,0.00610938487348,0.0140561364741,0.0149206762676,0.0116551430559,0.00610938487348,0.00035219388028,0.00610938487348,0.172137697338,0.598895162372,0.163193257238
194,0.0811999247409,0.36014532415,0.0158956428462,0.259535653609,0.0312842871524,0.0285716828309,0.00179603577235,0.00223616896159,0.061049700279,0.0934004265154,0.0411799055201,0.0237052476221,1,3,8,20,0.00535976455681,0.000308979760769,0.00535976455681,0.0140185482972,0.0228511329139,0.00925231614991,0.00535976455681,0.000308979760769,0.00535976455681,0.171694534932,0.597353327983,0.162773121976
195,0.10799312223,0.260090446987,0.182948612831,0.190562926996,0.0311921343232,0.0922765540033,0.00681613369439,0.0144490215688,0.00123224724938,0.0866878238874,0.00132363975387,0.0244273364755,1,3,8,20,0.00550821147947,0.00031753743045,0.00550821147947,0.0140379138522,0.0201578183603,0.0100460347816,0.00550821147947,0.00031753743045,0.00550821147947,0.171928417373,0.598167043193,0.162994851661
196,0.0499489999359,0.169491394051,0.0670601907393,0.138066338597,0.0602759479443,0.0556072817561,0.00158529664349,0.0286906408657,0.0278766971849,0.072444515224,0.0423634928074,0.286589204251,1,3,8,20,0.00553827183426,0.000319270350084,0.00553827183426,0.0141181133172,0.0124283265315,0.0122406386951,0.00553827183426,0.000319270350084,0.00553827183426,0.17291068795,0.601584522954,0.163926082515
197,0.426149132222,0.123214749787,0.00342023906012,0.0375667604533,0.00886175653821,0.0150019827507,0.0109133672335,0.0584271244027,0.0656334712698,0.0925990386718,0.0482281675808,0.109984210029,1,3,8,20,0.00541538554422,0.000312186200007,0.00541538554422,0.0139029759998,0.0334103415204,0.00627461574738,0.00541538554422,0.000312186200007,0.00541538554422,0.170276708172,0.592420477127,0.161428966856
198,0.144030067106,0.0577878978325,0.0253157213163,0.00488217001668,0.317893262302,0.0438071102225,0.0353132368065,0.198414860858,0.038034786924,0.0393305522246,0.0770689092723,0.0181214251185,1,3,8,20,0.00711052285935,0.000409907492901,0.00711052285935,0.0137084708205,0.0418015803533,0.00425548634979,0.00711052285935,0.000409907492901,0.00711052285935,0.167853066075,0.583988230447,0.159131259531
199,0.08206350978,0.0482597753439,0.0123029766704,0.116691015604,0.0803199463321,0.030711153592,0.209779287876,0.0489161947613,0.0262325877552,0.188728586187,0.000824596096819,0.155170370002,1,3,8,20,0.00538655522716,0.000310524189601,0.00538655522716,0.0139640527156,0.027826794027,0.00784930026298,0.00538655522716,0.000310524189601,0.00538655522716,0.171025976632,0.595027304468,0.162139302607
200,0.408767096329,0.00550218695667,0.0455967415425,0.00768396708731,0.035659470548,0.000219681462378,0.194987210319,0.0185238641577,0.138453231236,0.0638520373632,0.00579317579032,0.0749613372084,1,3,8,20,0.00572455592688,0.000330009257318,0.00572455592688,0.0140469340015,0.0180412128263,0.0106907616962,0.00572455592688,0.000330009257318,0.00572455592688,0.172033911325,0.598534073882,0.163094864046
201,0.122210670212,0.211820318862,0.00326273129994,0.0475159929915,0.0439414904124,0.155192373933,0.206031549547,0.0407896386997,0.0716332711006,0.0490026863159,0.0165281118203,0.0320711648057,1,3,8,20,0.00508343986762,0.000293050192323,0.00508343986762,0.0140777369195,0.0188949065215,0.0103142431194,0.00508343986762,0.000293050192323,0.00508343986762,0.172426453226,0.599899791265,0.163467009093
202,0.408972626281,0.0706292250313,0.0355981342672,0.00587420740639,0.0525031357924,0.0335337308593,0.0357418366831,0.0813889202727,0.0104452855492,0.000889871536027,0.197836812093,0.0665862142282,1,3,8,20,0.00528153512873,0.000304469989916,0.00528153512873,0.0139718350749,0.0277088956901,0.00786059182029,0.00528153512873,0.000304469989916,0.00528153512873,0.171123819531,0.595367715894,0.162232061495
203,0.0341520668884,0.035486709938,0.157254324694,0.178103767233,0.0101577031694,0.0272359340083,0.0184155929857,0.014046558343,0.136905700547,0.176884888375,0.0938394510695,0.117517302748,1,3,8,20,0.00720263891599,0.000415217800255,0.00720263891599,0.0138984102514,0.0233729929273,0.00949214199685,0.00720263891599,0.000415217800255,0.00720263891599,0.170178925086,0.592080273801,0.161336264673
204,0.0735928525415,0.0133376986652,0.0197110787859,0.169363032389,0.0511288437706,0.0039300752081,0.165496550585,0.0354859889301,0.228714746795,0.0708382903985,0.0427520374943,0.125648804437,1,3,8,20,0.00622022066893,0.000358583343325,0.00622022066893,0.0138880730113,0.030100292779,0.00738097962404,0.00622022066893,0.000358583343325,0.00622022066893,0.1700752145,0.591719447734,0.161237942989
205,0.00547280270226,0.00523231435697,0.27316725797,0.00897991050319,0.306340019407,0.0199288696557,0.00861463355189,0.0402968960627,0.0805542077198,0.00945170691623,0.0239763455612,0.217985035593,1,3,8,20,0.00700213281282,0.000403659022415,0.00700213281282,0.0138292097007,0.0310648180317,0.00727235597155,0.00700213281282,0.000403659022415,0.00700213281282,0.169335452472,0.589145694822,0.160536619706
206,0.351409260241,0.0155320565391,0.101265804157,0.0122177370919,0.0640366214774,0.0959678688151,0.113227898815,0.115671499368,0.0186770438617,0.0206467689555,0.0765561138747,0.0147913268039,1,3,8,20,0.00475609571497,0.000274179453337,0.00475609571497,0.0139841968395,0.0296219545531,0.00720848590914,0.00475609571497,0.000274179453337,0.00475609571497,0.171287628424,0.595937633787,0.162387358721
207,0.260336830738,0.00210247838572,0.0176251599289,0.109416429081,0.10085487072,0.00110218440631,0.039513558192,0.203189962861,0.240799601049,0.0143887664786,0.00834547844446,0.00232467971526,1,3,8,20,0.00592074365179,0.000341319089246,0.00592074365179,0.0139613131809,0.0249562431327,0.00877431993299,0.00592074365179,0.000341319089246,0.00592074365179,0.17097989898,0.594866992793,0.162095619195
208,0.061411029374,0.0371978986342,0.177024358488,0.0878489391648,0.104027768105,0.0714292110079,0.0945967944732,0.00575244615856,0.0236866687779,0.00764954883029,0.231238383357,0.0981369536295,1,3,8,20,0.0034824353737,0.000200755469247,0.0034824353737,0.0141399767285,0.022409531086,0.00898252248041,0.0034824353737,0.000200755469247,0.0034824353737,0.173226766795,0.602684212877,0.1642257376
209,0.0134921348094,0.245793469117,0.0173955725515,0.0425590043885,0.0147839637834,0.0789188707952,0.0270062780987,0.144831528311,0.18228321808,0.106493119231,0.0170761998844,0.109366640951,1,3,8,20,0.0064792801759,0.000373517608373,0.0064792801759,0.0138839380106,0.0289725123844,0.00775474535632,0.0064792801759,0.000373517608373,0.0064792801759,0.170018471288,0.591522028832,0.161184148209
210,0.0587151467994,0.0346640343799,0.0412497795913,0.275926186228,0.115111532977,0.0527833353837,0.0508643206655,0.00418594596329,0.0547219035772,0.115805621591,0.114929225535,0.0810429673079,1,3,8,20,0.00468928144742,0.000270327743773,0.00468928144742,0.0140881966735,0.0202182323991,0.00985670467534,0.00468928144742,0.000270327743773,0.00468928144742,0.172563877877,0.60037791407,0.163597293027
211,0.0194068933256,0.206158956249,0.00325676348611,0.139510775035,0.122794497499,0.00070381519222,0.0413060634427,0.0249508700877,0.160064218903,0.135311761116,0.123094007091,0.0234413785721,1,3,8,20,0.00557845210094,0.0003215866625,0.00557845210094,0.0139953696884,0.0237533850068,0.00904287267833,0.00557845210094,0.0003215866625,0.00557845210094,0.171405326259,0.596347123776,0.162498940863
212,0.178176397301,0.13555339291,0.134656987373,0.0151611687772,0.101010635578,0.0563551831322,0.0765582842329,0.098453479024,0.0443298209161,0.0299680753565,0.053571037026,0.0762055383726,1,3,8,20,0.00781067241029,0.000450269721215,0.00781067241029,0.0138055377613,0.0285589607869,0.00815182576791,0.00781067241029,0.000450269721215,0.00781067241029,0.169026394455,0.588070431505,0.160243620641
213,0.0670884083473,0.146515125154,0.035231901771,0.0850490146677,0.055395167623,0.269142380492,0.158296209991,0.0375005683074,0.00746418595765,0.0445848300041,0.0708119305762,0.0229202771085,1,3,8,20,0.0092816778621,0.000535070258211,0.0092816778621,0.0137540585937,0.0247922275053,0.00952758077781,0.0092816778621,0.000535070258211,0.0092816778621,0.16836101196,0.585755457138,0.15961281206
214,0.0270669644465,0.0331760205216,0.149416897297,0.0481453775579,0.0136753117753,0.0138577749018,0.0781331627182,0.0904394773598,0.0167496641042,0.0988916371639,0.0883560219134,0.34209169024,1,3,8,20,0.00574377925554,0.000331117443961,0.00574377925554,0.0140594744183,0.0167475320789,0.011061056034,0.00574377925554,0.000331117443961,0.00574377925554,0.172187164558,0.599067266907,0.163240154093
215,0.363120110027,0.00439404679593,0.169564745267,0.0936964230373,0.0436242798076,0.00230321821182,0.0462184244331,0.0166629019065,0.0526782509278,0.0499122231058,0.0691151300808,0.0887102463988,1,3,8,20,0.0047113527584,0.00027160011093,0.0047113527584,0.0141942031738,0.0101049420022,0.0127245012089,0.0047113527584,0.00027160011093,0.0047113527584,0.173862642309,0.60489652764,0.164828572411
216,0.0417411828297,0.0805908166496,0.0234954819302,0.107288021223,0.0532629951435,0.0972134706777,0.0891190084006,0.0603423178187,0.270755586754,0.00743599536311,0.100780981274,0.0679741419357,1,3,8,20,0.00435947573773,0.000251315100923,0.00435947573773,0.0139534612497,0.0348396041166,0.00564791506445,0.00435947573773,0.000251315100923,0.00435947573773,0.17092019519,0.594659273556,0.162039017671
217,0.0734472273823,0.040604643932,0.0729216442398,0.0423865857628,0.10569573911,0.11495710564,0.307198740734,0.0954293297798,0.0763438970459,0.00811757428696,0.0530676198538,0.00982989223223,1,3,8,20,0.00446520906809,0.000257410417009,0.00446520906809,0.0141065577388,0.01980124895,0.00992763217938,0.00446520906809,0.000257410417009,0.00446520906809,0.172794165781,0.601179123296,0.163815614949
218,0.0630960091923,0.24325188285,0.0513633990119,0.194505991613,0.032432399054,0.0586299074066,0.00975551145658,0.119718292759,0.0815382429639,0.091792813083,0.00707663322514,0.0468389173845,1,3,8,20,0.00410552981642,0.000236675623912,0.00410552981642,0.0141693367106,0.0159950528717,0.0109295543308,0.00410552981642,0.000236675623912,0.00410552981642,0.173572040138,0.603885475227,0.164553070208
219,0.0511068501608,0.195195599894,0.120561505366,0.110685552145,0.0156420723936,0.0134259774983,0.0394770870968,0.108803663598,0.014379660467,0.122940263484,0.15648396144,0.0512978064568,1,3,8,20,0.00498382321519,0.000287307490548,0.00498382321519,0.0139674284653,0.0298675264764,0.00718685509871,0.00498382321519,0.000287307490548,0.00498382321519,0.171076775992,0.595204043741,0.162187462384
220,0.0295955861198,0.037908945341,0.148889958224,0.021987026106,0.269650452742,0.245288303287,0.0444321417591,0.0736694457145,0.0484482381737,0.0576978245682,0.0161846592493,0.00624741871473,1,3,8,20,0.00815175494454,0.00046993245056,0.00815175494454,0.0136509456239,0.0411213247584,0.00466705023506,0.00815175494454,0.00046993245056,0.00815175494454,0.167123636604,0.581450426185,0.158439731915
221,0.0814722974398,0.0588724330398,0.0559092774117,0.160392682813,0.0503878283296,0.0707286940829,0.0700693418175,0.0382423172332,0.0219540619567,0.262146672587,0.0241604726613,0.105663920628,1,3,8,20,0.00854500600762,0.000492602591777,0.00854500600762,0.0136696018352,0.0370610797269,0.00589924193542,0.00854500600762,0.000492602591777,0.00854500600762,0.167343096374,0.582213962569,0.158647788345
222,0.0336094795513,0.21583350808,0.24158566371,0.0276301900102,0.0629366151968,0.0040427815973,0.0480151492993,0.0967229237095,0.064762783108,0.0861029858016,0.0183542271687,0.100403692768,1,3,8,20,0.00503253760429,0.000290115778137,0.00503253760429,0.0140201710586,0.0246147585952,0.00868420137936,0.00503253760429,0.000290115778137,0.00503253760429,0.17172208174,0.597449167828,0.162799237426
223,0.010284436308,0.0814994677593,0.0486238221183,0.0271263454791,0.0153715674578,0.0831284246833,0.00129040286493,0.0925099963929,0.148553906025,0.174703875908,0.0524747795607,0.264432975442,1,3,8,20,0.00367170873479,0.00021166670186,0.00367170873479,0.0139688493934,0.0374183292683,0.00477321504595,0.00367170873479,0.00021166670186,0.00367170873479,0.171124895781,0.595371460345,0.162233081823
224,0.0473318331778,0.0148904127199,0.0429998137948,0.043625494245,0.0272528838518,0.0461110455912,0.0362529977947,0.0835506095146,0.0319279666774,0.0827127254154,0.187181723193,0.356162494025,1,3,8,20,0.00881063900985,0.000507915805746,0.00881063900985,0.0136594825977,0.0364584147574,0.00612572566811,0.00881063900985,0.000507915805746,0.00881063900985,0.16721285285,0.581760824076,0.1585243124
225,0.0416247586465,0.0246801454974,0.0192854419489,0.0313327560727,0.0920906922216,0.036170076846,0.300396070383,0.0301094821375,0.101258952487,0.0364027829157,0.202759003446,0.0838898373972,1,3,8,20,0.00642143145513,0.00037018274474,0.00642143145513,0.0138043801461,0.036804323736,0.00552532987628,0.00642143145513,0.00037018274474,0.00642143145513,0.16904471482,0.588134171049,0.160260989063
226,0.119993787286,0.0141059342224,0.0976049257221,0.0921529534535,0.0209682216629,0.0769282523501,0.098327704531,0.0715329050026,0.0295086017753,0.225577757093,0.0544515998127,0.0988473570882,1,3,8,20,0.00550058000241,0.000317097490984,0.00550058000241,0.0138538608311,0.0375372063063,0.00512418370905,0.00550058000241,0.000317097490984,0.00550058000241,0.169672728851,0.590319134429,0.160856370881
227,0.027159697792,0.0289741655839,0.00358513888379,0.196640985507,0.00704272672893,0.274099863791,0.227414832486,0.0238777085558,0.0692987532762,0.0910038090102,0.0153962876002,0.0355060307852,1,3,8,20,0.00565510701892,0.000326005665978,0.00565510701892,0.0140540787293,0.0177750396702,0.0107515119177,0.00565510701892,0.000326005665978,0.00565510701892,0.17212310664,0.598844398949,0.163179424686
228,0.102341600373,0.0359835168895,0.114175479968,0.00954069490619,0.0133459623829,0.0733019338398,0.0885092976749,0.120361856113,0.0865043784334,0.229738481331,0.117409382061,0.00878741602691,1,3,8,20,0.00457694559428,0.000263851805389,0.00457694559428,0.01413736557,0.0162452657284,0.0109578588904,0.00457694559428,0.000263851805389,0.00457694559428,0.17316915084,0.602483757559,0.164171115425
229,0.0767497174368,0.0149851441169,0.0231553409852,0.307405697296,0.0521555587636,0.0462957650157,0.143202619005,0.0128583266613,0.114842992636,0.086130606472,0.0386551706705,0.0835630609408,1,3,8,20,0.00588091967694,0.000339023316346,0.00588091967694,0.0140505712128,0.0167828768857,0.011079891169,0.00588091967694,0.000339023316346,0.00588091967694,0.17207483225,0.598676444462,0.16313365868
230,0.00738222780785,0.0015777552214,0.360991434421,0.0227915918959,0.0384591677822,0.12744878129,0.146298262973,0.0150041354009,0.0746932041675,0.0506809964121,0.0695844889886,0.08508795364,1,3,8,20,0.010710071245,0.000617414294234,0.010710071245,0.0135404016212,0.0365494754674,0.00649940879798,0.010710071245,0.000617414294234,0.010710071245,0.165708875618,0.576528241658,0.157098483269
231,0.0582249321943,0.0313123990047,0.0552948556781,0.184907555455,0.049975208046,0.00663054489399,0.109078608609,0.0285773478526,0.0141325674842,0.278672848637,0.16942075976,0.0137723723853,1,3,8,20,0.00773060991742,0.000445654277825,0.00773060991742,0.0137396369346,0.0352346082109,0.00624505799896,0.00773060991742,0.000445654277825,0.00773060991742,0.168220546859,0.58526675611,0.15947964566
232,0.204640366278,0.0060210261061,0.169962359665,0.0331949100729,0.0612326021873,0.0213352567237,0.0839948615995,0.169428353273,0.0331718371281,0.0174850089941,0.108243683689,0.0912897342827,1,3,8,20,0.00440448736681,0.000253909931766,0.00440448736681,0.0142188403185,0.00958174954504,0.0128080854293,0.00440448736681,0.000253909931766,0.00440448736681,0.174171791094,0.605972106754,0.165121657528
233,0.128509851543,0.0368023306956,0.0655707445363,0.144018020197,0.0209732774105,0.068943313903,0.0214903346159,0.177338584302,0.110727975681,0.151015182624,0.0484224587528,0.0261879257397,1,3,8,20,0.0116560555671,0.000671948407895,0.0116560555671,0.0134820597748,0.0365039698857,0.006711238556,0.0116560555671,0.000671948407895,0.0116560555671,0.164971665619,0.573963367671,0.15639957941
234,0.000252239673771,0.0884540821671,0.0539210729115,0.0139401530199,0.0171303326771,0.403092155963,0.00478566028314,0.123982514762,0.0982337587612,0.072539339948,0.0371951631089,0.0864735267242,1,3,8,20,0.00405633205726,0.000233839471,0.00405633205726,0.0140022263512,0.0320221678846,0.00638180106345,0.00405633205726,0.000233839471,0.00405633205726,0.171524983974,0.596763432508,0.162612381048
235,0.0167680094841,0.0635996178499,0.0353599734351,0.151719369413,0.194642003565,0.0521466610274,0.0192373974534,0.208394195895,0.0637726003108,0.0849709792443,0.0105233389486,0.0988658533739,1,3,8,20,0.00826502055389,0.000476461987541,0.00826502055389,0.0137726995021,0.02899080123,0.00812512064378,0.00826502055389,0.000476461987541,0.00826502055389,0.168613276605,0.586633127037,0.159851968792
236,0.0109208835381,0.0347130370775,0.234112433477,0.0149895258496,0.261232657898,0.0276465583439,0.0938586103014,0.041870473134,0.0259254894666,0.0261952084228,0.109303711389,0.119231411102,1,3,8,20,0.00594913560413,0.000342955828798,0.00594913560413,0.0138697500117,0.0334136681271,0.00638592512461,0.00594913560413,0.000342955828798,0.00594913560413,0.169856980043,0.590960174416,0.161031048204
237,0.0399886867669,0.0447000035178,0.135355976295,0.104289886025,0.240208757881,0.100272850675,0.0691769381703,0.0669735243033,0.0163592041776,0.117836568395,0.0354431327423,0.0293944710515,1,3,8,20,0.00770017513192,0.000443899773007,0.00770017513192,0.0137069792496,0.0384886584751,0.00531740925831,0.00770017513192,0.000443899773007,0.00770017513192,0.167820986359,0.583876619876,0.159100846708
238,0.12507007514,0.0259740503228,0.00037590017773,0.25979386928,0.0593331926573,0.129507261834,0.015691318696,0.208763597856,0.0227067817001,0.0894456411843,0.00323129459334,0.0601070165584,1,3,8,20,0.00564670648181,0.00032552139173,0.00564670648181,0.0138611916407,0.0359909520337,0.00559267223841,0.00564670648181,0.00032552139173,0.00564670648181,0.169759160346,0.590619843717,0.160938311313
239,0.0667837977904,0.392060290028,0.218086650983,0.0321373545896,0.0711445233644,0.114091708365,0.00625880015266,0.00100901590428,0.0240638899566,0.00870080089507,0.0106139483133,0.0550492196573,1,3,8,20,0.00903510486794,0.000520855815778,0.00903510486794,0.0137625855133,0.0254332336794,0.00929425078387,0.00903510486794,0.000520855815778,0.00903510486794,0.168471293045,0.586139143042,0.159717362833
240,0.0210603744874,0.0501644602487,0.0216479598466,0.154017344439,0.0493866567673,0.208392869806,0.0072298723384,0.206766711077,0.077062645263,0.0278657541399,0.054683509625,0.121721841961,1,3,8,20,0.00605816139481,0.000349240948669,0.00605816139481,0.0140243819065,0.0182114207511,0.0107127338836,0.00605816139481,0.000349240948669,0.00605816139481,0.171749692465,0.597545230047,0.16282541347
241,0.0584327486952,0.0438703027882,0.0274398931758,0.0438196761539,0.0874599010456,0.1502246146,0.0998569224626,0.0256488315405,0.0545281381547,0.0372553844486,0.0245135187016,0.346950068233,1,3,8,20,0.00477436910492,0.000275232877904,0.00477436910492,0.0140396191192,0.0242950884641,0.00872040805187,0.00477436910492,0.000275232877904,0.00477436910492,0.171966490389,0.598299505434,0.163030946366
242,0.0291042876414,0.0379795197522,0.0116120310733,0.0403699020171,0.00437057951793,0.0848783253168,0.320555393313,0.0534325980557,0.133039190523,0.0510349153851,0.113900346853,0.119722910551,1,3,8,20,0.0114294210123,0.000658883376812,0.0114294210123,0.0135060611624,0.0355707689673,0.00692777258298,0.0114294210123,0.000658883376812,0.0114294210123,0.165271144738,0.575005304439,0.156683497307
243,0.156373868786,0.263088532641,0.0638198495857,0.0270643655209,0.00182857246371,0.0178861634319,0.146398491193,0.0338424779969,0.122050622591,0.11781465071,0.0482861332978,0.00154627178156,1,3,8,20,0.00451455734881,0.00026025524719,0.00451455734881,0.0139677229163,0.032588132608,0.00631793965421,0.00451455734881,0.00026025524719,0.00451455734881,0.17109136598,0.59525480469,0.162201294262
244,0.0152606381072,0.208445922085,0.0389928538359,0.0906145759626,0.00513584041717,0.14117088251,0.0528654673048,0.0158415483559,0.2098776644,0.0493038038974,0.155927544828,0.016563258297,1,3,8,20,0.00404927867793,0.000233432857718,0.00404927867793,0.0141349141738,0.0195665204649,0.0099066128121,0.00404927867793,0.000233432857718,0.00404927867793,0.173151452642,0.602422182638,0.164154336842
245,0.0611283115749,0.0173662697912,0.0781051200484,0.077256341999,0.222569456863,0.0830875384621,0.16312381596,0.00500024851457,0.0112237531123,0.0436223358508,0.0296583670472,0.207858440776,1,3,8,20,0.00565894919471,0.000326227159766,0.00565894919471,0.0138572888965,0.0362868231567,0.00551148343981,0.00565894919471,0.000326227159766,0.00565894919471,0.169711039427,0.590452423179,0.160892690803
246,0.0347198179465,0.0309098862802,0.11463144302,0.0381300780587,0.0134701986258,0.0251616897042,0.122593677232,0.210453000175,0.0870930842744,0.130802685381,0.120166104412,0.0718683348908,1,3,8,20,0.00555098132584,0.000320003026982,0.00555098132584,0.0138490398392,0.0376960782375,0.00508980550435,0.00555098132584,0.000320003026982,0.00555098132584,0.169612460396,0.590109450632,0.160799234033
247,0.0530278292886,0.0491662378271,0.067603923604,0.129527433373,0.0601940521258,0.113812280719,0.0374224808765,0.00364447747092,0.0348153552825,0.00911195452859,0.372600133572,0.069073841332,1,3,8,20,0.0055383262384,0.000319273486375,0.0055383262384,0.0140275006235,0.020962196604,0.00982464208946,0.0055383262384,0.000319273486375,0.0055383262384,0.171800081736,0.597720542553,0.162873184467
248,0.263095010795,0.0102357094459,0.00966973794444,0.15096119584,0.0861531642399,0.0298524386709,0.0268933793209,0.264727767228,0.0224837250567,0.0923907608749,0.021596568977,0.0219405416066,1,3,8,20,0.00738197109019,0.000425555943227,0.00738197109019,0.0137463570299,0.036643553374,0.00577285310991,0.00738197109019,0.000425555943227,0.00738197109019,0.168311070775,0.585581703597,0.159565465867
249,0.00400583656542,0.0030362693382,0.0309224038116,0.120536439582,0.0461110136673,0.122062219001,0.0246498422389,0.138617614569,0.154341877055,0.243220192741,0.0778594931641,0.0346367982665,1,3,8,20,0.00717249638077,0.000413480143084,0.00717249638077,0.0137575506037,0.0368161330081,0.00567994049503,0.00717249638077,0.000413480143084,0.00717249638077,0.168453167899,0.586076082698,0.159700179487
250,0.139017693172,0.0794494317142,0.0677449574364,0.0831590768496,0.00586699337939,0.0197919668313,0.0265431369554,0.0225549696327,0.00698286517716,0.0286962816157,0.0577095906631,0.462483036573,1,3,8,20,0.00361197887931,0.000208223394554,0.00361197887931,0.0140016428041,0.0346795610788,0.0055360210189,0.00361197887931,0.000208223394554,0.00361197887931,0.171528229709,0.596774724951,0.162615458132
251,0.0145656999423,0.0175003702838,0.141087395076,0.00929397095353,0.0235332481697,0.0391461327242,0.292169643236,0.127170547404,0.190839015195,0.0894895976222,0.0136815212476,0.0415228581467,1,3,8,20,0.00400720501957,0.00023100739504,0.00400720501957,0.0141640899644,0.017065064481,0.0106059469839,0.00400720501957,0.00023100739504,0.00400720501957,0.173510033629,0.603669744456,0.164494285617
252,0.102465465568,0.137294544397,0.0171566948867,0.0554259628504,0.14479832833,0.0113110227589,0.022098176686,0.154716978287,0.0157181062768,0.169341275373,0.0393043016381,0.130369142948,1,3,8,20,0.00516069851378,0.000297503999529,0.00516069851378,0.0138280927704,0.0419546993552,0.00380207616287,0.00516069851378,0.000297503999529,0.00516069851378,0.169364853008,0.589247984087,0.160564492562
253,0.00157762457681,0.0634468883954,0.206529707427,0.23572799622,0.0491092674817,0.0441307472831,0.133981675197,0.0297617819655,0.0312475822332,0.0878383537397,0.036349582675,0.0802987928063,1,3,8,20,0.00670830018525,0.000386720156162,0.00670830018525,0.0137099540169,0.0440175763957,0.00354352975353,0.00670830018525,0.000386720156162,0.00670830018525,0.16788065722,0.584084224546,0.159157417014
254,0.2646385307,0.0642254857801,0.00553521684528,0.0614610899867,0.268623077739,0.0136077902748,0.0139378738972,0.0221135448296,0.0296274213709,0.0194359893073,0.158272384686,0.0785215945837,1,3,8,20,0.00944993084419,0.000544769707805,0.00944993084419,0.013776338335,0.0217084480268,0.0104360085517,0.00944993084419,0.000544769707805,0.00944993084419,0.168630148993,0.586691828828,0.159867964473
255,0.345794370582,0.0127851521381,0.00341056267975,0.084251126689,0.201248518582,0.14382910896,0.0267344719806,0.0405372677564,0.015400503148,0.0626923297985,0.0315588937893,0.0317576938953,1,3,8,20,0.00454963275129,0.000262277274343,0.00454963275129,0.0138795976852,0.0406826189603,0.00403370130193,0.00454963275129,0.000262277274343,0.00454963275129,0.170010428133,0.591494045382,0.161176522984
256,0.00794447839578,0.0358646549764,0.0324489180023,0.265271930929,0.00256959985514,0.0963975202059,0.0176475330156,0.0996959112361,0.00167156568464,0.0974313832419,0.149944881126,0.193111623331,1,3,8,20,0.00508374158023,0.000293067585454,0.00508374158023,0.01395748997,0.0302183756878,0.00710854032534,0.00508374158023,0.000293067585454,0.00508374158023,0.170952625547,0.594772104064,0.162069762915
257,0.129513562815,0.0754019900158,0.0516647562527,0.0325450974213,0.0937599383135,0.0123896308507,0.0401944700156,0.110204454702,0.0206407938354,0.10611144002,0.0621688004688,0.265405065289,1,3,8,20,0.00773764186593,0.000446059655663,0.00773764186593,0.0138427726852,0.0254797747403,0.00900820958296,0.00773764186593,0.000446059655663,0.00773764186593,0.169484477543,0.589664177382,0.160677901292
258,0.139585011169,0.0417521917359,0.158961000834,0.00224920764348,0.020228495896,0.0519990409081,0.0649311206293,0.153198814155,0.0201677732726,0.0550719091443,0.11369909565,0.178156338962,1,3,8,20,0.00884983393268,0.000510175315049,0.00884983393268,0.0136330716111,0.0387163326198,0.00549473370275,0.00884983393268,0.000510175315049,0.00884983393268,0.166888226366,0.58063139552,0.158216553819
259,0.0560890486162,0.205656536214,0.0840201662219,0.0095751304124,0.0946397335141,0.0174010733807,0.121794253635,0.0390640751674,0.132020738684,0.0453088452264,0.0896295469706,0.104800851957,1,3,8,20,0.00413298163353,0.00023825816654,0.00413298163353,0.0139886411375,0.0328527542851,0.00616277520868,0.00413298163353,0.00023825816654,0.00413298163353,0.171356681602,0.59617788107,0.162452823829
260,0.263159812129,0.0292141169162,0.00700557647982,0.0098295237858,0.0800319970379,0.234549806111,0.108735074532,0.0169356156961,0.141826074514,0.0340313952696,0.00800238486655,0.066678622662,1,3,8,20,0.0129417357083,0.000746065309527,0.0129417357083,0.013288782007,0.0471776655234,0.00395981551644,0.0129417357083,0.000746065309527,0.0129417357083,0.162572648899,0.565616796699,0.154125217903
261,0.0446776914576,0.170576222968,0.000964641242749,0.0562911712925,0.0161600261991,0.0650023356774,0.183030172177,0.0116261187506,0.0132041850586,0.137920385727,0.16409815476,0.13644889469,1,3,8,20,0.008093776684,0.000466590119217,0.008093776684,0.0136934172151,0.0374607765482,0.00569118800324,0.008093776684,0.000466590119217,0.008093776684,0.167645551279,0.583266252578,0.158934527403
262,0.0416360892791,0.0947876876111,0.0267987768553,0.395605197836,0.00473306347372,0.0965382268817,0.0787640956787,0.08551963166,0.0724054447966,0.0523809223093,0.0185356385013,0.0322952251172,1,3,8,20,0.00804154458118,0.000463579042431,0.00804154458118,0.0137095315535,0.0362489839748,0.00602327158309,0.00804154458118,0.000463579042431,0.00804154458118,0.16784428078,0.58395766497,0.159122930728
263,0.0103141228052,0.229401607073,0.00310126148551,0.175598884999,0.00744577105459,0.11569118301,0.0244935493961,0.191504938483,0.0398766649576,0.0767582783152,0.0217284305991,0.104085307822,1,3,8,20,0.00915251486888,0.000527624268686,0.00915251486888,0.0137145411385,0.0292705717176,0.00823256126499,0.00915251486888,0.000527624268686,0.00915251486888,0.167879684175,0.584080839162,0.159156494529
264,0.0327671383195,0.0553865186985,0.044189694956,0.0909360470652,0.000631245064597,0.00491518274154,0.118530117799,0.11017970932,0.0191725815277,0.147396992292,0.256753194453,0.119141577763,1,3,8,20,0.00757671309617,0.000436782432335,0.00757671309617,0.0138565885325,0.025121062533,0.00907591954293,0.00757671309617,0.000436782432335,0.00757671309617,0.169657578869,0.590266425167,0.160842008107
265,0.0339975171226,0.125773524533,0.0123928185345,0.0412637362516,0.0276518672993,0.0428444592492,0.0904672450974,0.175235465761,0.26734771421,0.0118408049362,0.0406722053085,0.130512641696,1,3,8,20,0.0108620476607,0.000626175432162,0.0108620476607,0.0134934830703,0.0400783355506,0.00553232144343,0.0108620476607,0.000626175432162,0.0108620476607,0.16513025667,0.57451513184,0.156549929918
266,0.0357365103799,0.0181215055076,0.00189638327425,0.0232361939264,0.348521343661,0.0753651173509,0.108983530388,0.0908626872422,0.177732987844,0.00849310790196,0.0412243189664,0.0698263135584,1,3,8,20,0.00646270048862,0.000372561822395,0.00646270048862,0.0139268006926,0.0250326719442,0.00886665942075,0.00646270048862,0.000372561822395,0.00646270048862,0.17054421067,0.593351162006,0.161682569667
267,0.0625897905844,0.00483948223478,0.016530902854,0.0895843832026,0.00987834185339,0.0016694526197,0.00210694321925,0.231416104461,0.0493229839317,0.108583597933,0.236795157696,0.18668285941,1,3,8,20,0.00493614092695,0.000284558701518,0.00493614092695,0.014121198324,0.0156642569197,0.0111978883645,0.00493614092695,0.000284558701518,0.00493614092695,0.172962589804,0.601765097979,0.163975287498
268,0.0231022790941,0.0814650149779,0.255328577762,0.00822025662174,0.228893677254,0.0933680520929,0.0822123659437,0.0527196524198,0.00388617843486,0.0372200288372,0.0683210972675,0.0652628192948,1,3,8,20,0.00996162381398,0.000574267789245,0.00996162381398,0.0135384185081,0.0411196659169,0.00504814725632,0.00996162381398,0.000574267789245,0.00996162381398,0.165702083341,0.576504610218,0.157092043926
269,0.0842016899515,0.0313638216392,0.0562307717711,0.160302502177,0.230668760208,0.0744958504045,0.0139528383334,0.0361279210495,0.0583592750737,0.0240196742227,0.202315031106,0.0279618640631,1,3,8,20,0.00401289016545,0.000231335132387,0.00401289016545,0.0141655392011,0.0168952747467,0.0106552114628,0.00401289016545,0.000231335132387,0.00401289016545,0.173527663331,0.603731081069,0.164510999263
270,0.145957828551,0.0716211540176,0.040964295237,0.0130804808153,0.030608564722,0.0562649186695,0.0914548572979,0.120966751035,0.110703423262,0.109590559151,0.158996184587,0.0497909826539,1,3,8,20,0.0105800415553,0.00060991834138,0.0105800415553,0.0134925265551,0.0418200417373,0.00497992250331,0.0105800415553,0.00060991834138,0.0105800415553,0.165125132091,0.574497302592,0.156545071617
271,0.0115538580315,0.0889784210535,0.0242340303598,0.0879496332493,0.480465009911,0.0713623185883,0.00760545680333,0.0712636436987,0.038369088012,0.0104778437176,0.0999846751105,0.00775602146446,1,3,8,20,0.0037927479135,0.000218644369645,0.0037927479135,0.0140598618719,0.0281376002346,0.00742612028095,0.0037927479135,0.000218644369645,0.0037927479135,0.172237568365,0.599242629984,0.16328793887
272,0.0806836383653,0.0771914912712,0.103725417132,0.0935182297243,0.110883859339,0.0226928711306,0.17130650505,0.185598428875,0.0102967267743,0.113203829174,0.0208619574359,0.0100370457277,1,3,8,20,0.00537826549648,0.000310046303124,0.00537826549648,0.0141294503188,0.0122976774205,0.0122439761307,0.00537826549648,0.000310046303124,0.00537826549648,0.173053385434,0.602080990804,0.1640613653
273,0.160678087603,0.03129275819,0.25409764922,0.0015498737344,0.0601926587069,0.0968308510919,0.0160442493213,0.080533094537,0.154593333499,0.106028950972,0.0158119617928,0.022346531331,1,3,8,20,0.0058545714228,0.000337504391927,0.0058545714228,0.0138731157525,0.0336505039086,0.00629898751546,0.0058545714228,0.000337504391927,0.0058545714228,0.169900445473,0.591111397747,0.161072255129
274,0.107162944307,0.130970311884,0.0651505115095,0.0715206193451,0.0251176545001,0.0677785748338,0.0646970657043,0.0134315216932,0.0509962449977,0.209429551925,0.160847706841,0.0328972924594,1,3,8,20,0.00484906411542,0.000279538896616,0.00484906411542,0.0140270070763,0.0250454658389,0.00852367896675,0.00484906411542,0.000279538896616,0.00484906411542,0.171810161535,0.597755611819,0.16288274051
275,0.0203379211974,0.175095895271,0.114028360712,0.200307695434,0.0246623750514,0.0216571715731,0.106025878109,0.128946378313,0.146612094742,0.0401326542803,0.0105889752292,0.0116046000872,1,3,8,20,0.00391562376995,0.000225727918246,0.00391562376995,0.0141352915219,0.0203137542137,0.00966695634762,0.00391562376995,0.000225727918246,0.00391562376995,0.173159205233,0.602449155167,0.164161686601
276,0.0400427523976,0.0617824543541,0.0644011001014,0.07619761491,0.127375066277,0.0327760872939,0.0498646297274,0.0421063025423,0.118228996351,0.311728619217,0.048480335182,0.0270160416462,1,3,8,20,0.00419476170371,0.000241819664643,0.00419476170371,0.0141308661444,0.0190957295694,0.0100704935871,0.00419476170371,0.000241819664643,0.00419476170371,0.17309843314,0.602237719131,0.164104072284
277,0.195379790828,0.0425086300596,0.0834161652378,0.0832205507194,0.0555105448822,0.320775602899,0.0234502749488,0.0240626092895,0.0401663443093,0.0973548048211,0.00529384007009,0.028860841935,1,3,8,20,0.00722438163151,0.000416471224537,0.00722438163151,0.0137688866798,0.035444590539,0.00607914713791,0.00722438163151,0.000416471224537,0.00722438163151,0.168590895688,0.586555260171,0.159830750809
278,0.0834490611688,0.00249815251975,0.114135744825,0.0615925837177,0.153772638061,0.13899267892,0.106016585625,0.0781659590727,0.118163813042,0.111434814069,0.000556893463426,0.031221075515,1,3,8,20,0.00517454179245,0.000298302036996,0.00517454179245,0.0141384353625,0.0126445815931,0.0121029202951,0.00517454179245,0.000298302036996,0.00517454179245,0.173168278877,0.602480723858,0.16417028877
279,0.0412559269627,0.298466873065,0.0171687747634,0.087389066746,0.0516844385953,0.0757119659963,0.185125047984,0.0214639430205,0.0895319360848,0.0478717275075,0.0527127082688,0.031617591006,1,3,8,20,0.0081714505104,0.000471067860738,0.0081714505104,0.0137349305448,0.0330960100023,0.00694322424246,0.0081714505104,0.000471067860738,0.0081714505104,0.168152546597,0.585030172093,0.159415178757
280,0.00100230428704,0.0116758419969,0.0775754700233,0.145986207313,0.0157602446269,0.0261839416286,0.195273620814,0.232611372185,0.0802808821463,0.112312477869,0.0576519763562,0.0436856607536,1,3,8,20,0.00827012932059,0.000476756497774,0.00827012932059,0.0136883839506,0.0369019848643,0.00588647460066,0.00827012932059,0.000476756497774,0.00827012932059,0.167579733767,0.583037262707,0.158872129832
281,0.0865883519951,0.123812545734,0.000856472534355,0.0566010439108,0.00803455073778,0.0191797113993,0.200523686397,0.0690383034398,0.167342871889,0.0295305383251,0.200702312148,0.0377896114897,1,3,8,20,0.00842483459084,0.000485674948741,0.00842483459084,0.0138071869818,0.0248066826912,0.00934328859183,0.00842483459084,0.000485674948741,0.00842483459084,0.169032236668,0.588090757519,0.160249159287
282,0.0106227665053,0.324570876823,0.049279214098,0.00967931958418,0.118893181922,0.0818685615407,0.0729911138246,0.00881767303544,0.131960910477,0.0547297717423,0.0611970623681,0.0753895480788,1,3,8,20,0.00283144412009,0.000163227118949,0.00283144412009,0.0140173488075,0.0377716599651,0.00449647104692,0.00283144412009,0.000163227118949,0.00283144412009,0.171738996987,0.597508018735,0.16281527374
283,0.101661255761,0.00189780626888,0.000127291240823,0.189969482573,0.0245338573712,0.198957431401,0.0487565216274,0.0236990245181,0.253115573016,0.0634433005091,0.0289861096603,0.0648523460524,1,3,8,20,0.00594394245875,0.000342656454301,0.00594394245875,0.0138952207912,0.0310451645154,0.00705537561391,0.00594394245875,0.000342656454301,0.00594394245875,0.170169287114,0.592046741722,0.1613271275
284,0.0584596942203,0.282279717509,0.0141671530481,0.190039670069,0.0280416058072,0.0197771409905,0.0620049187753,0.0423357364404,0.0386549149737,0.151031448671,0.00364002966367,0.109567969832,1,3,8,20,0.0044421045978,0.000256078490275,0.0044421045978,0.0140771422367,0.0227070089374,0.00910012886343,0.0044421045978,0.000256078490275,0.0044421045978,0.172434171937,0.599926645921,0.163474326732
285,0.0505023846893,0.026993220652,0.042428143261,0.10171498883,0.113745931051,0.325898799478,0.0965179948078,0.070388130229,0.00452069198306,0.123982873123,0.0345937996869,0.00871304220879,1,3,8,20,0.00966091429283,0.000556932483762,0.00966091429283,0.0137893872139,0.0192438016948,0.0111781411944,0.00966091429283,0.000556932483762,0.00966091429283,0.168785146984,0.587231092154,0.16001490862
286,0.191969709395,0.0469273774277,0.145232679877,0.116073579677,0.127376024842,0.147635518479,0.0104069698246,0.0100041525901,0.0753944900928,0.00313631943962,0.0684005876924,0.0574425906629,1,3,8,20,0.00904960800612,0.000521691892833,0.00904960800612,0.0135418524201,0.0461376309918,0.00343571756408,0.00904960800612,0.000521691892833,0.00904960800612,0.165765513025,0.576725292447,0.157152177742
287,0.0470313672649,0.0356364673988,0.0148205820195,0.000431053832961,0.0757923763778,0.372860498262,0.116725170567,0.00628588044396,0.102877149973,0.215984604493,0.0049199471092,0.00663490225833,1,3,8,20,0.0070266168775,0.00040507048002,0.0070266168775,0.01370283957,0.042823359455,0.00394856639035,0.0070266168775,0.00040507048002,0.0070266168775,0.167786009438,0.583754929455,0.159067687221
288,0.0399180336841,0.0661565769744,0.00523216630853,0.23320343094,0.0820306689961,0.0387707402576,0.0575523032696,0.0673512593832,0.124981337912,0.159420907099,0.0857690337181,0.0396135414579,1,3,8,20,0.00680392928738,0.000392232983598,0.00680392928738,0.0138144895802,0.0336120192795,0.00650953906293,0.00680392928738,0.000392232983598,0.00680392928738,0.169159671659,0.588534124667,0.160369972634
289,0.0216593251555,0.122498647131,0.00760991246303,0.0319274380616,0.0596920577524,0.151220054192,0.115829381726,0.100787352629,0.0678399562018,0.034535069676,0.0193973010823,0.267003503929,1,3,8,20,0.00518105459994,0.000298677487388,0.00518105459994,0.0140372394471,0.0221373880168,0.00941679925163,0.00518105459994,0.000298677487388,0.00518105459994,0.171927807055,0.598164919799,0.162994273056
290,0.0150422944065,0.00597584148375,0.0361588501167,0.375372571101,0.0176494189996,0.304921071217,0.0261488410565,0.0200303233626,0.0576402672141,0.0723436812389,0.055795555443,0.012921284361,1,3,8,20,0.00510902605516,0.000294525185118,0.00510902605516,0.0139203740102,0.0335659906156,0.00616612079605,0.00510902605516,0.000294525185118,0.00510902605516,0.170497117833,0.593187318335,0.16163792382
291,0.195815087454,0.151962723286,0.00152242130449,0.187751745983,0.0128720522583,0.0733288205388,0.0588462247341,0.0212822538999,0.151878986993,0.0367511172156,0.0193653826093,0.0886231837235,1,3,8,20,0.00646656040238,0.000372784338742,0.00646656040238,0.0140092315083,0.0172464719957,0.0110718077384,0.00646656040238,0.000372784338742,0.00646656040238,0.171554443155,0.596865925813,0.162640309503
292,0.0100261533251,0.0180988151064,0.0142881644682,0.0541138307238,0.149806125631,0.163273517199,0.0336838978567,0.172569135237,0.205376909929,0.011744665968,0.0643217985519,0.102696986004,1,3,8,20,0.0039630257074,0.000228460545611,0.0039630257074,0.014010141615,0.0318231485506,0.00641852211377,0.0039630257074,0.000228460545611,0.0039630257074,0.171624181725,0.597108557686,0.162706424389
293,0.29687054246,0.0472531273097,0.0352038298357,0.121647949395,0.109952396331,0.011860876656,0.166699985821,0.0393091846475,0.0531122583606,0.0606104710346,0.0324710083483,0.0250083698009,1,3,8,20,0.00981369154819,0.000565739788507,0.00981369154819,0.0137578489162,0.0213194108519,0.0106226494222,0.00981369154819,0.000565739788507,0.00981369154819,0.168395019147,0.585873773693,0.1596450522
294,0.158507743718,0.348704055859,0.0691956249757,0.0248636726312,8.94749789261e-05,0.00630551545128,0.174428964442,0.0526930946462,0.0294246966208,0.0332053665026,0.0619915141148,0.0405902760593,1,3,8,20,0.0070105184706,0.000404142438898,0.0070105184706,0.0137907187698,0.0346409029698,0.00626170079059,0.0070105184706,0.000404142438898,0.0070105184706,0.168863487706,0.58750365232,0.160089178683
295,0.0966444785597,0.0342978134665,0.107382806193,0.00284791692907,0.064943757257,0.0215068814419,0.156506199695,0.000610062582333,0.0145180193467,0.0181793280014,0.0253515405905,0.457211195938,1,3,8,20,0.00804667779805,0.000463874962169,0.00804667779805,0.0136884617815,0.0382033378274,0.00547105765667,0.00804667779805,0.000463874962169,0.00804667779805,0.167585916568,0.583058773681,0.158877991369
296,0.266587342299,0.00745415155776,0.056673147183,0.0355151875414,0.123519177022,0.0902364888084,0.0758048919498,0.0212675157556,0.119913550957,0.0142217933789,0.0666187788984,0.122187974649,1,3,8,20,0.00438530870589,0.00025280432013,0.00438530870589,0.0140473050166,0.0258498074187,0.00819843249266,0.00438530870589,0.00025280432013,0.00438530870589,0.172069797652,0.598658928272,0.163128885684
297,0.013586593771,0.235311358456,0.00468659373797,0.194880398887,0.0959117411234,0.0708439077225,0.00248605955293,0.0282942351513,0.00652036459266,0.189440922089,0.15149026687,0.00654755804575,1,3,8,20,0.00507569998796,0.000292604003663,0.00507569998796,0.014028075548,0.0236175007824,0.00897561051431,0.00507569998796,0.000292604003663,0.00507569998796,0.171817954009,0.597782723108,0.162890128079
298,0.0322787068061,0.0443401401612,0.0705316675585,0.180431022956,0.0518620636831,0.00822697329928,0.0291986625212,0.238868735691,0.0518928889929,0.0837083894409,0.112420551773,0.0962401971163,1,3,8,20,0.00463161359486,0.000267003306833,0.00463161359486,0.0139646171229,0.0321950854163,0.00645383221442,0.00463161359486,0.000267003306833,0.00463161359486,0.171050560301,0.595112835068,0.162162608885
299,0.0971710762377,0.0708875982682,0.0340866120378,0.139969279184,0.073901475847,0.0411189253118,0.213109909294,0.00759648042389,0.0384197118438,0.0249178526103,0.0486015678774,0.210219511064,1,3,8,20,0.00441184229973,0.000254333929013,0.00441184229973,0.0140003291379,0.0301187448575,0.00699544176281,0.00441184229973,0.000254333929013,0.00441184229973,0.171493411474,0.596653586625,0.162582449086
300,0.14840027277,0.174211300808,0.0058783653725,0.12155944055,0.0676610302361,0.00223541035267,0.014896584944,0.00551060561024,0.0261874337615,0.187240786472,0.0921637188863,0.154055050237,1,3,8,20,0.00671405132044,0.000387051697661,0.00671405132044,0.014067434874,0.0103152215253,0.0130861501141,0.00671405132044,0.000387051697661,0.00671405132044,0.172262028037,0.599327729178,0.163311127594
301,0.00671992568993,0.01083420929,0.0286316763871,0.11722415423,0.144485445472,0.14364998564,0.112342160293,0.106599329911,0.0619124469847,0.0210378708491,0.081338976701,0.165223818552,1,3,8,20,0.00545582321429,0.000314517351216,0.00545582321429,0.0138677836542,0.0364880370401,0.00541179941566,0.00545582321429,0.000314517351216,0.00545582321429,0.169844422867,0.590916485952,0.161019143511
302,0.0561666103847,0.172322144564,0.00477697135923,0.0578766964179,0.0738736075332,0.078330046845,0.0362422581207,0.0957521337991,0.0085707461283,0.283875460342,0.0347074014822,0.0975059230238,1,3,8,20,0.0107544914365,0.000619975029874,0.0107544914365,0.0135274476277,0.0375093686587,0.00623699708603,0.0107544914365,0.000619975029874,0.0107544914365,0.165549064049,0.57597223111,0.156946975663
303,0.141749019717,0.112332078856,0.00563797315341,0.0408995807577,0.0456699916578,0.0636653216344,0.401649468872,0.010514680678,0.0022192320491,0.0842695209066,0.0703783792982,0.0210147524199,1,3,8,20,0.00416858951011,0.000240310889765,0.00416858951011,0.0141689707985,0.015660195382,0.011037617081,0.00416858951011,0.000240310889765,0.00416858951011,0.173566079672,0.603864737793,0.164547419454
304,0.14218414569,0.0108848143626,0.0691312560996,0.0400863401182,0.0502880283293,0.00891722147011,0.0722140768009,0.0584826581358,0.126711247112,0.178322463258,0.219722630199,0.0230551184249,1,3,8,20,0.0067339172048,0.000388196926362,0.0067339172048,0.0138658048078,0.0291890277501,0.00774699994555,0.0067339172048,0.000388196926362,0.0067339172048,0.169790260983,0.590728047911,0.160967795931
305,0.0149268167671,0.0327628529295,0.0936151985034,0.222067182399,0.0306701927307,0.161844023258,0.228939760695,0.0204809694852,0.000711697350392,0.0978567834864,0.00122438698449,0.0949001354109,1,3,8,20,0.00545837486735,0.000314664448937,0.00545837486735,0.0137984612393,0.0430020960642,0.00356815293849,0.00545837486735,0.000314664448937,0.00545837486735,0.168994704977,0.587960178636,0.160213577778
306,0.0556327213293,0.0289673632083,0.0196952806266,0.000645890147927,0.00753621846404,0.0143934699651,0.164311275136,0.129173627174,0.00872444788814,0.239573306867,0.0188245483222,0.312521850872,1,3,8,20,0.00768552739162,0.000443055359927,0.00768552739162,0.0136313011709,0.0457020452117,0.00327216026997,0.00768552739162,0.000443055359927,0.00768552739162,0.166893772014,0.580650689736,0.158221811311
307,0.00870003853034,0.0357880989959,0.11873693495,0.000277050897261,0.0707890712674,0.176529518,0.122875071549,0.0419689206143,0.112710438024,0.137224672733,0.0649347321371,0.109465452302,1,3,8,20,0.00408380051001,0.000235422972639,0.00408380051001,0.0141330888772,0.0195362494344,0.00992244295664,0.00408380051001,0.000235422972639,0.00408380051001,0.173128272858,0.602341536386,0.164132361503
308,0.0277817876598,0.191865881173,0.0866408026954,0.038700125629,0.0624361527085,0.0231524081554,0.0379371406995,0.057031438317,0.19201573646,0.048073772209,0.16089148807,0.0734732662235,1,3,8,20,0.00406872121064,0.000234553681038,0.00406872121064,0.0140682050293,0.0257355290429,0.00816420518712,0.00406872121064,0.000234553681038,0.00406872121064,0.172333369347,0.599575937247,0.163378761941
309,0.16978712314,0.10765835929,0.00719863962581,0.117483433988,0.167477673463,0.0158891015777,0.0767514501441,0.063874468184,0.0533779636902,0.00164670185804,0.0109422179278,0.207912867112,1,3,8,20,0.00850896220443,0.00049052473825,0.00850896220443,0.0137759410322,0.0272568163402,0.00866732841541,0.00850896220443,0.00049052473825,0.00850896220443,0.168647298459,0.586751494622,0.159884222837
310,0.0272077375465,0.0233249785935,0.00972396576904,0.146282821609,0.134161471739,0.0497858864509,0.00211371021677,0.273551144233,0.0471674295741,0.0617234063552,0.0671289866059,0.157828461307,1,3,8,20,0.00332913909043,0.000191918243576,0.00332913909043,0.0139986077998,0.03662190853,0.00492664357527,0.00332913909043,0.000191918243576,0.00332913909043,0.171497649396,0.596668331048,0.162586466802
311,0.0277495291196,0.0288026099201,0.0507416957633,0.141487778335,0.184943132062,0.0420669470174,0.0551021032177,0.0162776525369,0.304325803116,0.0561059451206,0.0918216595366,0.000575144254597,1,3,8,20,0.00467498300087,0.000269503466784,0.00467498300087,0.0139144578161,0.0366652462246,0.00519741419415,0.00467498300087,0.000269503466784,0.00467498300087,0.170434762104,0.59297037257,0.161578808154
312,0.0550774835874,0.0296978252585,0.0271222372758,0.0368321571627,0.00599010005759,0.086251457741,0.100222944771,0.01592588959,0.0402952895793,0.0803690699667,0.0236960550591,0.498519489951,1,3,8,20,0.00417295242592,0.000240562403179,0.00417295242592,0.0140626653078,0.0256468289185,0.00821123742772,0.00417295242592,0.000240562403179,0.00417295242592,0.172263032058,0.599331222332,0.163312079446
313,0.0597658705851,0.183836644008,0.202443344974,0.0583919401466,0.0154258820862,0.106034507397,0.0265779957992,0.178165467545,0.024330223421,0.0319633679763,0.0956601610529,0.0174045950087,1,3,8,20,0.00489270868487,0.000282054919193,0.00489270868487,0.0140154441287,0.0258788885027,0.0082969089716,0.00489270868487,0.000282054919193,0.00489270868487,0.171667417632,0.597258982469,0.162747413717
314,0.00377087907561,0.0943888544619,0.0235620508057,0.0408202554149,0.249996695322,0.0575433892134,0.136177852758,0.0947001576199,0.0828655305573,0.0516473890328,0.0276271491636,0.136899796575,1,3,8,20,0.00487214869599,0.000280869676748,0.00487214869599,0.0140448145889,0.0232330993245,0.00904162951192,0.00487214869599,0.000280869676748,0.00487214869599,0.172027881181,0.598513094024,0.163089147233
315,0.0227854566556,0.186098169365,0.0674174396412,0.0753658572893,0.123746643568,0.10859229574,0.102275785113,0.036712484653,0.0615748451489,0.0801578882091,0.127768751358,0.00750438325739,1,3,8,20,0.00667573288276,0.000384842715983,0.00667573288276,0.0139909588645,0.0177423915177,0.0109753992426,0.00667573288276,0.000384842715983,0.00667573288276,0.171325587665,0.596069700184,0.162423345563
316,0.109256080768,0.132321406406,0.0144953600466,0.00730448758638,0.0275586298049,0.116511943709,0.190775882534,0.0961728868976,0.0479255293817,0.0628198156004,0.176418824222,0.0184391530422,1,3,8,20,0.00450901803041,0.000259935916507,0.00450901803041,0.0141239230743,0.0179091520637,0.010472513516,0.00450901803041,0.000259935916507,0.00450901803041,0.173005980872,0.601916062593,0.164016423926
317,0.0147371173824,0.0862653646388,0.11339650516,0.0475088197843,0.0389852993136,0.1789054088,0.294814938583,0.026927349473,0.00322239130708,0.150360789116,0.0198463600228,0.0250296564183,1,3,8,20,0.00891832832275,0.000514123880333,0.00891832832275,0.0137946763668,0.0230947385644,0.00993173889684,0.00891832832275,0.000514123880333,0.00891832832275,0.168867350914,0.587517093051,0.160092841155
318,0.0214021639928,0.125549972437,0.117543286848,0.0545504742193,0.0201367402228,0.00295654535516,0.0716200700666,0.151694027714,0.0331488423953,0.16409869814,0.127945408997,0.109353769611,1,3,8,20,0.0107788170882,0.000621377355289,0.0107788170882,0.013691312805,0.0219335629924,0.0106517502369,0.0107788170882,0.000621377355289,0.0107788170882,0.167556927283,0.582957915224,0.158850508395
319,0.0182698990893,0.0704876415337,0.0262616698684,0.0160228386866,0.215051734535,0.00398401480895,0.037817148464,0.369043877672,0.133047227352,0.0275033399949,0.0804885931788,0.00202201481545,1,3,8,20,0.00595602977709,0.00034335326415,0.00595602977709,0.0140494012544,0.016453171683,0.011189029545,0.00595602977709,0.00034335326415,0.00595602977709,0.172058734912,0.598620439194,0.163118397775
320,0.0172042522433,0.126239568547,0.0775352341993,0.341098172505,0.137670807614,0.0277672505368,0.00654546996208,0.00738458467094,0.079475343446,0.00161985189884,0.0844816823152,0.0929777820621,1,3,8,20,0.00547976894661,0.000315897775032,0.00547976894661,0.0140853187304,0.015859656436,0.0112568977386,0.00547976894661,0.000315897775032,0.00547976894661,0.172510106303,0.600190833981,0.163546315475
321,0.0368464292839,0.227449278044,0.129579480849,0.0686600775442,0.209413383254,0.0486752265805,0.000895553457892,0.0826511176668,0.0913467166658,0.0169423240414,0.0392762784428,0.0482641341698,1,3,8,20,0.00529929933668,0.000305494061154,0.00529929933668,0.013921565996,0.0323393565494,0.00655340660899,0.00529929933668,0.000305494061154,0.00529929933668,0.170507275072,0.593222657027,0.161647553278
322,0.377266514519,0.0310087660723,0.121445980544,0.0282374745176,0.0413012226697,0.0300356806041,0.0401816453032,0.0264379756334,0.180930036098,0.0441355644644,0.0631110600781,0.0159080794971,1,3,8,20,0.00421414214482,0.000242936908506,0.00421414214482,0.0140162038714,0.0297814783746,0.00704934699832,0.00421414214482,0.000242936908506,0.00421414214482,0.171692608243,0.597346624717,0.162771295399
323,0.0718829723429,0.0169479875815,0.111842968885,0.0587784736774,0.0245954803701,0.0439592779453,0.286214954303,0.0857975475683,0.112006600674,0.0858017451054,0.0826697320295,0.0195022595178,1,3,8,20,0.00336414278484,0.000193936136902,0.00336414278484,0.0141903546043,0.0183575856215,0.0101047834936,0.00336414278484,0.000193936136902,0.00336414278484,0.173846997141,0.604842095546,0.164813740181
324,0.00620007665131,0.110794568686,0.0401870546874,0.0325123612476,0.0246639346941,0.102013676326,0.135466528901,0.0570668452069,0.105591909337,0.0699526645761,0.110951298949,0.204599080737,1,3,8,20,0.00557570632382,0.000321428373913,0.00557570632382,0.0141109912838,0.0128798603526,0.0121206785175,0.00557570632382,0.000321428373913,0.00557570632382,0.172822519943,0.601277772058,0.163842495802
325,0.146726311478,0.0190635379463,0.0720932018807,0.153867846735,0.132745790229,0.0112477035924,0.024547460171,0.114652824726,0.189779789629,0.0896252872043,0.0180509576611,0.027599288747,1,3,8,20,0.00342388039115,0.000197379891028,0.00342388039115,0.0140733187114,0.0290305305496,0.00709574916527,0.00342388039115,0.000197379891028,0.00342388039115,0.172411135324,0.59984649778,0.163452487123
326,0.00965549756136,0.0359236385238,0.0262571180905,0.10487537027,0.221184213913,0.00125511174035,0.0340591485907,0.14079789928,0.233466449975,0.107758963622,0.046290785065,0.0384758033684,1,3,8,20,0.0128967479355,0.000743471853954,0.0128967479355,0.013391763555,0.0377420180272,0.00662166286294,0.0128967479355,0.000743471853954,0.0128967479355,0.163835906864,0.570011877471,0.155322835771
327,0.114152558597,0.0964647033411,0.15109419556,0.0178920505975,0.0742748468948,0.00560170187501,0.0874252452319,0.265509185789,0.0945192515543,0.00299897380709,0.0446543873824,0.0454128993702,1,3,8,20,0.00458306959724,0.000264204841972,0.00458306959724,0.0139422586383,0.0345851843761,0.0057669666299,0.00458306959724,0.000264204841972,0.00458306959724,0.170777656902,0.594163359572,0.161903885809
328,0.263888950802,0.04171095776,0.0130362713044,0.0228894503642,0.120965691661,0.0757307995052,0.229946783966,0.130655264977,0.0175083558041,0.0391764657226,0.0290005989958,0.0154904091376,1,3,8,20,0.0063507534496,0.00036610829837,0.0063507534496,0.0138364600554,0.0341968751313,0.00624865573805,0.0063507534496,0.00036610829837,0.0063507534496,0.169439559826,0.589507901311,0.160635317543
329,0.0304684342431,0.0868708722191,0.160966087771,0.175292187044,0.237280152233,0.0347675948756,0.00823800739459,0.0132035164358,0.0216458767714,0.161223928792,0.0601029844089,0.00994035781198,1,3,8,20,0.00399982380291,0.000230581882588,0.00399982380291,0.0138917921845,0.0427541558854,0.00333160388778,0.00399982380291,0.000230581882588,0.00399982380291,0.170172757176,0.592058814635,0.161330417254
330,0.1278028359,0.141308960346,0.107922689081,0.0338450788717,0.0593909348731,0.133789392541,0.0719951678515,0.0519930434604,0.0293014422256,0.144290953162,0.010002912962,0.0883565887258,1,3,8,20,0.00530428158914,0.000305781278093,0.00530428158914,0.0139444508113,0.0301548131658,0.0071729164145,0.00530428158914,0.000305781278093,0.00530428158914,0.170787648866,0.594198123248,0.161913358581
331,0.0979894328526,0.164255515294,0.064271292432,0.0697021649503,0.067995496236,0.120769855284,0.00595351450206,0.0736941775983,0.125916739976,0.142230826397,0.0339958966427,0.0332250878346,1,3,8,20,0.00799036165106,0.000460628448364,0.00799036165106,0.0136450639605,0.0426205066713,0.00420867756178,0.00799036165106,0.000460628448364,0.00799036165106,0.167055323986,0.581212755432,0.158374968887
332,0.0720416934008,0.0360458139919,0.0769096338127,0.032936371339,0.284044941726,0.0518626802173,0.128123644126,0.0410679913171,0.00122849452262,0.0176337360116,0.258025366828,7.96327068938e-05,1,3,8,20,0.0059726053602,0.000344308813531,0.0059726053602,0.0138397740952,0.0360994395263,0.00563049723553,0.0059726053602,0.000344308813531,0.0059726053602,0.169489027559,0.589680007632,0.160682214885
333,0.187519229951,0.0908224655974,0.0275276932464,0.139372889443,0.00109363320743,0.0821891153002,0.070999659605,0.14548086337,0.0118915114871,0.159982337921,0.0408058522123,0.0423147486596,1,3,8,20,0.00516186145971,0.000297571041048,0.00516186145971,0.0140504020015,0.021010105236,0.0097319057339,0.00516186145971,0.000297571041048,0.00516186145971,0.17208958455,0.598727770122,0.163147644436
334,0.0696508032848,0.198018459778,0.0046548523399,0.09186939313,0.101538467879,0.00524394311028,0.0594383738313,0.186712068415,0.0483619365243,0.055217126701,0.0539022049794,0.125392370027,1,3,8,20,0.00569339113855,0.000328212669289,0.00569339113855,0.0139871027451,0.0238588309657,0.00903719250904,0.00569339113855,0.000328212669289,0.00569339113855,0.171301311893,0.59598524081,0.162400331184
335,0.116961459055,0.0572993763259,0.0101753033919,0.112803998669,0.0596151913251,0.0243728724827,0.226802573579,0.109172689294,0.0320293517563,0.150359398188,0.0472918147952,0.0531159711374,1,3,8,20,0.00542452243568,0.000312712923617,0.00542452243568,0.013957381587,0.028232740246,0.00774235834069,0.00542452243568,0.000312712923617,0.00542452243568,0.170943322726,0.594739738032,0.162060943478
336,0.0704543689842,0.182786187109,0.0181494381156,0.101489801381,0.0333700076805,0.0270482960754,0.00646056869202,0.232929093697,0.103034757261,0.00360596699845,0.171276294747,0.0493952192587,1,3,8,20,0.00790530314169,0.000455724994565,0.00790530314169,0.013961536329,0.0133123030676,0.0124881800803,0.00790530314169,0.000455724994565,0.00790530314169,0.170936194511,0.594714937806,0.162054185651
337,0.163183647483,0.017330660245,0.0462884619718,0.00508271718303,0.0453198840077,0.0128875959438,0.13485471568,0.209177013437,0.235776059803,0.0308869763813,0.0934529598207,0.0057593080435,1,3,8,20,0.00503552593044,0.000290288049193,0.00503552593044,0.0138958185627,0.0363091664165,0.00537404784675,0.00503552593044,0.000290288049193,0.00503552593044,0.170197871089,0.592146190041,0.161354226224
338,0.0291379214184,0.00107610256005,0.0701843937759,0.0869108990203,0.0105270550398,0.0105667524939,0.153792064721,0.125526857985,0.0987583991033,0.0322982958747,0.00472193832349,0.376499319684,1,3,8,20,0.00422010237874,0.000243280504131,0.00422010237874,0.014017515171,0.0296230688883,0.00709544748928,0.00422010237874,0.000243280504131,0.00422010237874,0.171708540866,0.597402056914,0.162786400148
339,0.0208322462696,0.056071937453,0.0117954083338,0.218842356052,0.121421959066,0.0684891420703,0.0540055223794,0.081853559869,0.264796814359,0.0405230952123,0.0260005081963,0.0353674507395,1,3,8,20,0.0060350258314,0.000347907229479,0.0060350258314,0.0139668132149,0.0237689188505,0.00913449539509,0.0060350258314,0.000347907229479,0.0060350258314,0.171044636531,0.595092225304,0.16215699292
340,0.149603252833,0.279964362864,0.0414151140328,0.0331172560742,0.248683652167,0.0549330861537,0.000370819013246,0.0237310045666,0.00690214588421,0.0834351973067,0.0446268224011,0.0332172867041,1,3,8,20,0.00382726646262,0.00022063429531,0.00382726646262,0.0139841061545,0.0350703481666,0.00547066241717,0.00382726646262,0.00022063429531,0.00382726646262,0.171308251921,0.596009386299,0.162406910601
341,0.0405478204434,0.151558866608,0.0628047294847,0.00578123497675,0.0652944380739,0.0698598162362,0.264240741257,0.103351992226,0.179433782244,0.0180462092692,0.00860185378618,0.030478515395,1,3,8,20,0.00533862438801,0.000307761072106,0.00533862438801,0.0139194287268,0.0323103371758,0.00656989254805,0.00533862438801,0.000307761072106,0.00533862438801,0.170480159163,0.593128316352,0.161621846338
342,0.00299340205265,0.168768290026,0.150601746233,0.0413114612737,0.0584432447774,0.0411170131828,0.0525131381527,0.031716108588,0.288092804484,0.0318032992813,0.0868035177923,0.0458359741564,1,3,8,20,0.0053332939383,0.000307453782288,0.0053332939383,0.0140522124722,0.0198355647983,0.0101004810714,0.0053332939383,0.000307453782288,0.0053332939383,0.172107763203,0.598791016627,0.163164878509
343,0.0342170241951,0.042827738849,0.0129752795463,0.078827010315,0.38241038949,0.0389749704412,0.105436477542,0.0246651086846,0.039393670604,0.0133207827164,0.00580547266065,0.221146074956,1,3,8,20,0.00434834779326,0.000250673597069,0.00434834779326,0.0140033702325,0.0302041917933,0.00695789772557,0.00434834779326,0.000250673597069,0.00434834779326,0.171532170798,0.596788436645,0.162619194439
344,0.0183962085322,0.0870797421427,0.100588765074,0.210812194983,0.135814216263,0.00023432851157,0.0194140353693,0.120048874954,0.176446283395,0.018022559328,0.0593009660226,0.0538418254244,1,3,8,20,0.00400698787821,0.000230994877273,0.00400698787821,0.0141591893593,0.0175278906283,0.0104748714699,0.00400698787821,0.000230994877273,0.00400698787821,0.173449973877,0.60346078677,0.164437346628
345,0.000686924208428,0.0795155044135,0.111433822467,0.0172448044807,0.20662122104,0.0243470268009,0.00158090450821,0.0362038785882,0.0283160039019,0.119926278922,0.32345999347,0.050663637199,1,3,8,20,0.00703854523632,0.000405758126169,0.00703854523632,0.0139044009166,0.023769816858,0.0093452879278,0.00703854523632,0.000405758126169,0.00703854523632,0.170256190224,0.592349091835,0.161409515041
346,0.0307932394336,0.184640317725,0.0147996738258,0.0210239776926,0.154041638129,0.121304190095,0.195195553086,0.00760815404807,0.0707259126956,0.069107113799,0.00789009413449,0.122870135335,1,3,8,20,0.00543861290087,0.000313525210896,0.00543861290087,0.0137760181086,0.0452316002091,0.00293280610408,0.00543861290087,0.000313525210896,0.00543861290087,0.168720090592,0.587004750341,0.159953232621
347,0.0624062146168,0.0571988999721,0.029044907051,0.0933591032562,0.136291160586,0.181232651832,0.00420918078143,0.337106114758,0.0268791768607,0.0439837593437,0.0087275500435,0.0195612808985,1,3,8,20,0.00461773515929,0.00026620324264,0.00461773515929,0.0139819144931,0.0306472461625,0.00688911937329,0.00461773515929,0.00026620324264,0.00461773515929,0.171262892276,0.595851572686,0.162363907887
348,0.130792926594,0.181747119849,0.0923335762597,0.0539621314217,0.0367727923139,0.016647094844,0.0529581181646,0.0983011248477,0.0722829969045,0.136542474082,0.098658389173,0.0290012555461,1,3,8,20,0.0106159396314,0.000611987794029,0.0106159396314,0.0136426564088,0.0274700961445,0.00905005845145,0.0106159396314,0.000611987794029,0.0106159396314,0.166964375945,0.580896332343,0.158288746593
349,0.0185325385489,0.0702447674206,0.0127926230055,0.285834807917,0.0577223345713,0.1416317879,0.191099171575,0.0301417868714,0.0203989525544,0.0304997022089,0.00830814959771,0.13279337783,1,3,8,20,0.00522145114568,0.000301006267861,0.00522145114568,0.0140580063388,0.0199449072833,0.0100460040455,0.00522145114568,0.000301006267861,0.00522145114568,0.172181393565,0.599047188682,0.163234682967
350,0.0680052962377,0.00363617238248,0.0909917601297,0.0598747721145,0.230497277553,0.106287405378,0.0615050276677,0.113235772878,0.175957624607,0.0352752705936,0.0419194600602,0.0128141603969,1,3,8,20,0.00488960482743,0.000281875987988,0.00488960482743,0.0140515833412,0.0224933620134,0.00925472630288,0.00488960482743,0.000281875987988,0.00488960482743,0.172110434693,0.598800311177,0.163167411186
351,0.204868833921,0.0358291457447,0.0341468798374,0.0599516879075,0.093188106587,0.158551059765,0.0357284700543,0.0055116715283,0.064223012047,0.118441175399,0.12598814027,0.0635718169394,1,3,8,20,0.00756466349259,0.000436087796668,0.00756466349259,0.0136581545074,0.0438807742363,0.00376235842349,0.00756466349259,0.000436087796668,0.00756466349259,0.167225731298,0.5818056303,0.158536521671
352,0.0244269158161,0.177313902167,0.0878320790882,0.278439306441,0.0094760748425,0.0262150356551,0.0590051327715,0.0131966669337,0.0823828449372,0.059939162414,0.063823514525,0.117949364408,1,3,8,20,0.00331819867538,0.00019128755042,0.00331819867538,0.0140136618772,0.035268142618,0.00530760487726,0.00331819867538,0.00019128755042,0.00331819867538,0.171682417443,0.597311169259,0.162761634123
353,0.00833554869722,0.175441518583,0.0401975876186,0.0965549022776,0.412108874373,0.0315259707225,0.00837383140903,0.0282741613731,0.00749265975654,0.00408043833757,0.116022593684,0.0715919131675,1,3,8,20,0.00948493998576,0.000546787915149,0.00948493998576,0.0136906868227,0.0295703398266,0.00821760567448,0.00948493998576,0.000546787915149,0.00948493998576,0.167579532116,0.583036561128,0.158871938659
354,0.0645777749752,0.00239957686583,0.115900679721,0.218050351076,0.3141093937,0.00982788061724,0.104180938468,0.0748083736179,0.0030061960382,0.0479723557441,0.0372436448576,0.00792283431925,1,3,8,20,0.00548318887863,0.000316094927307,0.00548318887863,0.0140966422138,0.014773145687,0.0115652170055,0.00548318887863,0.000316094927307,0.00548318887863,0.172648813857,0.600673420216,0.163677815652
355,0.00845496359681,0.0183734096362,0.0929138541928,0.0228250549359,0.0167508442744,0.10335036839,0.120920558373,0.0423604659484,0.0160454345245,0.0544994513806,0.0543324695205,0.449173125227,1,3,8,20,0.00442860689962,0.000255300374835,0.00442860689962,0.0141629935671,0.014700312075,0.0113640512308,0.00442860689962,0.000255300374835,0.00442860689962,0.173486734531,0.603588683087,0.164472197162
356,0.422110623948,0.0296085069419,0.024725748169,0.0234123541469,0.21310769348,0.0204111667385,0.0353316016824,0.0761845229086,0.0802957372525,0.00504865057247,0.0453447893804,0.0244186047796,1,3,8,20,0.00595739882886,0.00034343218726,0.00595739882886,0.0140760364603,0.0139365660567,0.011901788993,0.00595739882886,0.00034343218726,0.00595739882886,0.172385160352,0.599756126612,0.163427861836
357,0.0203954122784,0.0570181114083,0.0899129427446,0.234776713237,0.0608294519437,0.041039226512,0.0316006554818,0.040257386897,0.127352038094,0.147466917831,0.111376015763,0.0379751278093,1,3,8,20,0.00293035327345,0.000168929034811,0.00293035327345,0.014069268622,0.0323024094814,0.00606566160441,0.00293035327345,0.000168929034811,0.00293035327345,0.172373043673,0.599713970705,0.163416374751
358,0.333091593617,0.0250075085416,0.150604109798,0.0058196129445,0.155976189147,0.0513370773189,0.0480747715956,0.0256041984753,0.0450070625934,0.143488223612,0.011166663676,0.00482298868001,1,3,8,20,0.00581983643615,0.00033550198907,0.00581983643615,0.0139824096362,0.0235602935128,0.00914830317292,0.00581983643615,0.00033550198907,0.00581983643615,0.17124083139,0.595774819261,0.162342993305
359,0.0486437952749,0.0650290177364,0.0236268019119,0.0245717534135,0.11969150467,0.0147085836017,0.0701636338512,0.302533591717,0.0726859759174,0.0271113907908,0.200059725269,0.0311742258463,1,3,8,20,0.00681909221875,0.000393107096417,0.00681909221875,0.0138381379514,0.0312959368601,0.00716842970375,0.00681909221875,0.000393107096417,0.00681909221875,0.169449165832,0.589541322174,0.160644424411
360,0.159883339833,0.134823297665,0.0317052254694,0.0364001046597,0.132757098039,0.00237553581471,0.00298150159933,0.178726367577,0.0785448584145,0.042061745036,0.0702613670793,0.129479558814,1,3,8,20,0.00375873687506,0.000216683700961,0.00375873687506,0.0142309073224,0.0122271929799,0.0119233332721,0.00375873687506,0.000216683700961,0.00375873687506,0.174334802548,0.606539250225,0.165276198751
361,0.0644834073071,0.0656757277847,0.0433229138051,0.151741864156,0.117798890103,0.0171752663796,0.108995981452,0.102331463621,0.0515704806394,0.106529318517,0.0789368156832,0.0914378705527,1,3,8,20,0.00509792495137,0.000293885228576,0.00509792495137,0.0138468871475,0.0405522302254,0.00418592488847,0.00509792495137,0.000293885228576,0.00509792495137,0.169596677387,0.590054538965,0.160784271124
362,0.0402565032472,0.201386010544,0.00417601385636,0.0953334855759,0.124054166844,0.0633158230982,0.20322602563,0.0259697681525,0.00841546872928,0.0745070561861,0.13221448377,0.0271451943663,1,3,8,20,0.00628040681906,0.000362052955109,0.00628040681906,0.0138808762252,0.0304256179241,0.007301534974,0.00628040681906,0.000362052955109,0.00628040681906,0.16998559788,0.591407656876,0.161152982934
363,0.3125709606,0.0608598281554,0.104239176527,0.10262554442,0.141617919202,0.0728289901536,0.044419857998,0.0326776187995,0.00590969165377,0.0356673696649,0.0708442432374,0.0157387995879,1,3,8,20,0.00793480002146,0.000457425430985,0.00793480002146,0.0137771835876,0.0305024708311,0.00762770711979,0.00793480002146,0.000457425430985,0.00793480002146,0.168675963614,0.586851225377,0.159911398523
364,0.0667463477917,0.273248038507,0.0475968955942,0.0116919348766,0.100757182471,0.0050434610957,0.130695662184,0.0518078725931,0.027436504078,0.232858247649,0.0280148599627,0.0241029931961,1,3,8,20,0.00939788619536,0.000541769437369,0.00939788619536,0.0136561948367,0.0333287495461,0.00713526131759,0.00939788619536,0.000541769437369,0.00939788619536,0.167158814201,0.581572814791,0.158473081651
365,0.0861079173437,0.00933476068852,0.0222313919216,0.0169461373794,0.292968890756,0.103060747979,0.0173004188941,0.0377040951547,0.0444851494449,0.0695930889687,0.0779879565124,0.222279444957,1,3,8,20,0.00622413941559,0.000358809251271,0.00622413941559,0.0139900835473,0.0204696685788,0.0101083118261,0.00622413941559,0.000358809251271,0.00622413941559,0.171325426711,0.5960691402,0.162423192973
366,0.00693754456831,0.123471309912,0.0668240960439,0.129717910918,0.201655799351,0.0123478311588,0.0376347809938,0.0856774711772,0.229821010963,0.0390909964255,0.0391904783388,0.0276307701504,1,3,8,20,0.00564985679107,0.00032570300079,0.00564985679107,0.0140551311391,0.0177066692939,0.0107697639699,0.00564985679107,0.00032570300079,0.00564985679107,0.172136128479,0.598889704054,0.163191769898
367,0.041897103319,0.0141330972902,0.0409873546702,0.0304826130301,0.00962956897055,0.00955393124845,0.0461553510304,0.0148180191687,0.401917987581,0.141814555057,0.202064045359,0.0465463732755,1,3,8,20,0.00689320050131,0.000397379291431,0.00689320050131,0.0136802005485,0.0457369503373,0.0030956467612,0.00689320050131,0.000397379291431,0.00689320050131,0.167511653656,0.58280040088,0.158807587229
368,0.0329291872809,0.123178519368,0.00808315058492,0.163215485941,0.0117464407038,0.0995564558346,0.0336296438584,0.0229403287649,0.128615628654,0.153266368287,0.116541382777,0.106297407946,1,3,8,20,0.00507567388335,0.000292602498784,0.00507567388335,0.0138966464732,0.0359960576205,0.00547113487421,0.00507567388335,0.000292602498784,0.00507567388335,0.170207078991,0.592178225835,0.161362955675
369,0.0605010374919,0.0403207983093,0.0702842525172,0.0941028535879,0.0786919634724,0.00394975518395,0.0735216557719,0.138029479942,0.144243564344,0.270914156563,0.00637355911377,0.0190669237023,1,3,8,20,0.00403669508115,0.000232707438405,0.00403669508115,0.014077616821,0.0250366635571,0.0083553243852,0.00403669508115,0.000232707438405,0.00403669508115,0.172449475484,0.59997988946,0.163488835092
370,0.131865862968,0.0597513994968,0.00746268053833,0.042115735011,0.0528729598172,0.0302775984784,0.0616692210775,0.0843851150528,0.185822781611,0.127844819037,0.0336821036806,0.182249723231,1,3,8,20,0.00671255015719,0.000386965158587,0.00671255015719,0.0138083387303,0.0347265037066,0.00617480181917,0.00671255015719,0.000386965158587,0.00671255015719,0.169086421367,0.588279274935,0.160300528497
371,0.051357855731,0.0270641607745,0.0221574589394,0.0855505903011,0.0441859247213,0.0055762089178,0.121564670927,0.171420842447,0.286951931334,0.00566528653316,0.096510002085,0.081995067289,1,3,8,20,0.00453203783436,0.000261262962395,0.00453203783436,0.0139557692139,0.0336115923776,0.00603186612845,0.00453203783436,0.000261262962395,0.00453203783436,0.170944444995,0.59474364259,0.162062007433
372,0.19059534568,0.048597189276,0.00117268701217,0.0588893350718,0.285987196796,0.116284235058,0.0511497730981,0.0518635927022,0.0215983733508,0.0989505485588,0.0475300097832,0.0273817136132,1,3,8,20,0.00549454085193,0.000316749345978,0.00549454085193,0.0139516449221,0.0283629621839,0.00772021678651,0.00549454085193,0.000316749345978,0.00549454085193,0.17087137217,0.594489410296,0.161992731542
373,0.300332094426,0.0135853245426,0.151649678101,0.0315988318795,0.0311290299006,0.0628077438357,0.0224489209016,0.088800459179,0.0683442882676,0.0630596697756,0.109285592347,0.0569583668438,1,3,8,20,0.00449993784886,0.000259412462111,0.00449993784886,0.0140676429923,0.0232629670248,0.00895489532081,0.00449993784886,0.000259412462111,0.00449993784886,0.172316390029,0.599516863428,0.163362664885
374,0.0914164268172,0.252985921358,0.105315394551,0.125453743954,0.0750234447481,0.0410240028643,0.00267748622839,0.0297975842572,0.106531280672,0.0134868593233,0.02792368478,0.128364170447,1,3,8,20,0.00366411161032,0.000211228742753,0.00366411161032,0.0140911323314,0.0259458311694,0.00801957487,0.00366411161032,0.000211228742753,0.00366411161032,0.172623848504,0.600586561676,0.163654147522
375,0.0650235649806,0.033671235139,0.0730413650047,0.0906263842545,0.00939937078457,0.103700347013,0.0425276130291,0.199809857457,0.0675275799524,0.0555918934695,0.240968773675,0.0181120152412,1,3,8,20,0.00468067883162,0.000269831820092,0.00468067883162,0.0140816964021,0.0208808311602,0.00966730838834,0.00468067883162,0.000269831820092,0.00468067883162,0.172484407855,0.600101424884,0.163521952343
376,0.0317579525935,0.150528355868,0.00296489207547,0.00683070056774,0.249716133895,0.00141389533406,0.199389664171,0.00975216257053,0.0117251641719,0.0178274219147,0.0621941381566,0.255899518681,1,3,8,20,0.00614317948663,0.000354142072477,0.00614317948663,0.0139526175536,0.024472489919,0.00895805413028,0.00614317948663,0.000354142072477,0.00614317948663,0.17086811493,0.594478077825,0.161989643551
377,0.0823615506248,0.0247191403898,0.0540727821423,0.0428543252458,0.113386952228,0.00255529365666,0.0364534277757,0.111820317406,0.191544098542,0.262021453722,0.0335544866816,0.0446561715861,1,3,8,20,0.0039794560134,0.000229407720055,0.0039794560134,0.0140802252539,0.025126223855,0.00831793138182,0.0039794560134,0.000229407720055,0.0039794560134,0.17248278546,0.600095780306,0.163520414249
378,0.0687532410366,0.0691406898435,0.019764467577,0.0717578095113,0.052423940598,0.00671015321816,0.176360872586,0.132755290194,0.178188427353,0.200930760737,0.0210193791611,0.00219496818452,1,3,8,20,0.00775075834956,0.000446815794843,0.00775075834956,0.0137723467798,0.0320358891816,0.00715487872875,0.00775075834956,0.000446815794843,0.00775075834956,0.168620987371,0.586659954052,0.159859278899
379,0.0363769162543,0.0307595836969,0.226589204071,0.00574980745074,0.0370285599128,0.015354245857,0.149563066865,0.0991106596901,0.104936311386,0.0691255121865,0.158196745049,0.0672093875804,1,3,8,20,0.0061513686013,0.000354614158642,0.0061513686013,0.0140264035046,0.0174751358096,0.0109407842326,0.0061513686013,0.000354614158642,0.0061513686013,0.171772289328,0.597623848225,0.162846836179
380,0.0132057443609,0.112073917269,0.0806179046403,0.152670400846,0.0436827780158,0.188208336047,0.114797016994,0.00124840813302,0.108333148681,0.0311656833385,0.107565697471,0.0464309642024,1,3,8,20,0.00542150594342,0.000312539028842,0.00542150594342,0.0141105864631,0.0138210894074,0.0118217795549,0.00542150594342,0.000312539028842,0.00542150594342,0.172821166564,0.601273063432,0.163841212747
381,0.204596367335,0.030505231848,0.0921877357456,0.0387402040138,0.045872980725,0.195880844443,0.051319206787,0.0362173868705,0.0690870601437,0.0375668370031,0.10675866995,0.0912674751357,1,3,8,20,0.00798098459945,0.000460087879999,0.00798098459945,0.0139093215683,0.0177868117525,0.0112373265789,0.00798098459945,0.000460087879999,0.00798098459945,0.170294447291,0.592482194418,0.161445784233
382,0.0233554187528,0.0326828943564,0.0464888543014,0.0563034880982,0.10948897346,0.472416713951,0.00981455202567,0.0349210080335,0.0294139143044,0.00554097595758,0.148798819429,0.0307743873303,1,3,8,20,0.00601074803069,0.000346507662581,0.00601074803069,0.0140555869447,0.0155501167814,0.0114561993452,0.00601074803069,0.000346507662581,0.00601074803069,0.172133270109,0.598879759319,0.163189060052
383,0.0258379340849,0.0261432742333,0.0103367473532,0.0139160938844,0.00743203815572,0.134472472676,0.172608936931,0.123061476336,0.0745271238771,0.0748895546319,0.284394742855,0.0523796049816,1,3,8,20,0.00303915318575,0.000175201133243,0.00303915318575,0.0141249336398,0.0264224969798,0.00775319401224,0.00303915318575,0.000175201133243,0.00303915318575,0.173052762428,0.602078823265,0.164060774666
384,0.121478021361,0.0172753079962,0.0950925218627,0.20668529645,0.144410635949,0.0724969648683,0.0457598335488,0.124108348281,0.00862323843601,0.0492016774542,0.0161383840005,0.0987297697934,1,3,8,20,0.00541545342146,0.000312190112995,0.00541545342146,0.013946941071,0.029269175189,0.00744702790246,0.00541545342146,0.000312190112995,0.00541545342146,0.170815569555,0.594295263886,0.161939828484
385,0.162558956467,0.0516126756481,0.013538275903,0.242243859162,0.190236521725,0.0146870314706,0.0231219208963,0.0493869693433,0.197509333648,0.0160766668635,0.0250338218175,0.0139939670556,1,3,8,20,0.00461575750639,0.000266089234886,0.00461575750639,0.0140586607984,0.0234306200307,0.00893178903061,0.00461575750639,0.000266089234886,0.00461575750639,0.172203588505,0.599124408503,0.163255724637
386,0.0314386902378,0.168181335481,0.0217732931454,0.116301110325,0.237883048103,0.0801529842957,0.0761930617634,0.0745264404592,0.0545221525328,0.0024088296951,0.103491253185,0.033127800777,1,3,8,20,0.00458390975188,0.000264253275216,0.00458390975188,0.0139876850865,0.0303018579857,0.00697978786931,0.00458390975188,0.000264253275216,0.00458390975188,0.171334411749,0.596100400613,0.162431711139
387,0.0176764109248,0.022598108624,0.0983263391829,0.15080059877,0.0279084985999,0.00668354916207,0.0291079476305,0.206768562499,0.0111624467883,0.0276589686812,0.133111910211,0.268196658926,1,3,8,20,0.00533349239807,0.000307465223099,0.00533349239807,0.0139928379468,0.0254264821808,0.00851768861128,0.00533349239807,0.000307465223099,0.00533349239807,0.171380027833,0.596259106421,0.162474956968
388,0.0182105841883,0.0101923327935,0.0421950347419,0.159502169189,0.0659810610769,0.191819987699,0.0341288945766,0.118753698481,0.128494404678,0.0522183393937,0.17153204332,0.00697144986224,1,3,8,20,0.00775591545812,0.000447113091889,0.00775591545812,0.0138639185134,0.0233811715597,0.00960618427444,0.00775591545812,0.000447113091889,0.00775591545812,0.169743226218,0.590564406281,0.160923205137
389,0.0806578249917,0.0184946358463,0.207335564392,0.0795329481507,0.181753191823,0.0759497510021,0.126615541385,0.047512969363,0.0497043620088,0.0194622535052,0.0109493262061,0.102031631326,1,3,8,20,0.00664076185548,0.000382826705852,0.00664076185548,0.0138010585912,0.035832610989,0.00584655629397,0.00664076185548,0.000382826705852,0.00664076185548,0.168998871378,0.587974674225,0.160217527689
390,0.0154524908659,0.0224958523392,0.076136566005,0.0496043200797,0.0418502342854,0.00692853993623,0.0906926538246,0.0377251928433,0.10545233803,0.34555082743,0.0811304449688,0.126980539392,1,3,8,20,0.0037942393834,0.000218730349917,0.0037942393834,0.0142262483219,0.0124580655962,0.0118654377684,0.0037942393834,0.000218730349917,0.0037942393834,0.174276868198,0.606337687158,0.165221274725
391,0.233051468001,0.164185770737,0.0637709490873,0.0458035992312,0.223013309322,0.0678926500787,0.0299567963854,0.0469913639641,0.0164759263018,0.0268914140693,0.0234408253256,0.0585259274961,1,3,8,20,0.00488183762261,0.000281428224086,0.00488183762261,0.0139383552146,0.0332030333809,0.00622109771266,0.00488183762261,0.000281428224086,0.00488183762261,0.170722822844,0.593972582929,0.161851900981
392,0.0166678411967,0.00171258560358,0.0339490765253,0.207640121298,0.0548213239,0.0309040046227,0.0323327294706,0.106603629478,0.204642674226,0.0401580728122,0.143189613896,0.127378326971,1,3,8,20,0.0058026199515,0.00033450949299,0.0058026199515,0.0140055004601,0.0214863584151,0.0097318303316,0.0058026199515,0.00033450949299,0.0058026199515,0.171524249612,0.596760877544,0.162611684845
393,0.0709243287186,0.035429365583,0.0209764571953,0.00297199671505,0.0282986922101,0.0337466207646,0.199824051393,0.330725002821,0.0416904753633,0.0193152380659,0.162156360584,0.0539414105874,1,3,8,20,0.00579830620203,0.000334260813918,0.00579830620203,0.0140676045637,0.0156624626963,0.0113797153815,0.00579830620203,0.000334260813918,0.00579830620203,0.172285536671,0.599409519555,0.163333414697
394,0.102236438638,0.00360365726698,0.000777374311599,0.0704141708379,0.0758827688512,0.197474859972,0.0363122214632,0.0199292817288,0.0572082569425,0.0338530752401,0.355107653917,0.0472002408305,1,3,8,20,0.00349818506122,0.000201663407391,0.00349818506122,0.0141422507935,0.0221031116633,0.00907258457536,0.00349818506122,0.000201663407391,0.00349818506122,0.173254270586,0.602779903056,0.164251812267
395,0.360835452673,0.00218561764864,0.020020384468,0.016483548321,0.0498681311785,0.126337620595,0.0326025103373,0.107357827478,0.0179332282907,0.133933421804,0.121886681956,0.01055557525,1,3,8,20,0.00599695414274,0.00034571247239,0.00599695414274,0.0141136168373,0.0101654651784,0.0129777370766,0.00599695414274,0.00034571247239,0.00599695414274,0.172844842971,0.601355437517,0.163863658904
396,0.0195136844555,0.0257866067558,0.0928238212492,0.00178818128144,0.0569531885936,0.360082212203,0.0837261283494,0.040662418994,0.0220444246088,0.0999393141597,0.16887771715,0.0278023021998,1,3,8,20,0.00530828569731,0.000306012106961,0.00530828569731,0.0137847503871,0.0451724510291,0.00292214304556,0.00530828569731,0.000306012106961,0.00530828569731,0.168830168481,0.587387729296,0.160057590757
397,0.0389344672152,0.0192107324537,0.081423965999,0.145481722826,0.0502277993748,0.00377796340476,0.0882855630028,0.00820022400651,0.0855372633463,0.0232339520161,0.290558290534,0.165128055821,1,3,8,20,0.00890831501919,0.000513546633309,0.00890831501919,0.01347001679,0.053730844089,0.00125630231017,0.00890831501919,0.000513546633309,0.00890831501919,0.164888357645,0.573673525624,0.156320600198
398,0.0369908233383,0.127077293454,0.117549869131,0.0422033951912,0.152571668387,0.0488433521913,0.0709059863082,0.0251466152783,0.0354827672458,0.169491013348,0.0142489114221,0.159488304706,1,3,8,20,0.00543930291186,0.000313564988656,0.00543930291186,0.0141161262808,0.0131951008493,0.0120027448287,0.00543930291186,0.000313564988656,0.00543930291186,0.172888649523,0.601507847667,0.163905189226
399,0.0119025988945,0.275090429012,0.0547276883082,0.101262947475,0.0999688349668,0.0194090579155,0.0188802524658,0.0168098956876,0.11379835227,0.0289665285256,0.212393292447,0.0467901220326,1,3,8,20,0.00625722855782,0.000360716774473,0.00625722855782,0.0137210976906,0.0456098108139,0.00299789189001,0.00625722855782,0.000360716774473,0.00625722855782,0.168027796205,0.584596145105,0.159296910515
400,0.00968375128601,0.0975386476182,0.0720338812954,0.221767741775,0.0236637093342,0.013023255185,0.100011729371,0.00223478302525,0.24286159368,0.0497821269353,0.13241755044,0.0349812300549,1,3,8,20,0.0100009129565,0.000576532730124,0.0100009129565,0.0136281602483,0.0324374025525,0.00751442941825,0.0100009129565,0.000576532730124,0.0100009129565,0.166801093958,0.580328247642,0.158133948895
401,0.0128305491148,0.0167552031546,0.123942314771,0.174110454997,0.047186890288,0.0720274376537,0.0872391204864,0.0524543649742,0.256654501377,0.0388059140883,0.0407287215499,0.0772645275454,1,3,8,20,0.00630704304405,0.000363588480474,0.00630704304405,0.0138728141091,0.0310289336392,0.00713633316085,0.00630704304405,0.000363588480474,0.00630704304405,0.169886160324,0.59106169738,0.16105871225
402,0.134883881379,0.0556275667976,0.0599965341606,0.0875866406146,0.026131789525,0.0251250580898,0.0554715595337,0.094956482905,0.0837052555864,0.0481945690687,0.18495776106,0.14336290128,1,3,8,20,0.00512797279338,0.000295617426872,0.00512797279338,0.0139256169354,0.0329612304897,0.00634131793223,0.00512797279338,0.000295617426872,0.00512797279338,0.170560934991,0.593409348649,0.161698424976
403,0.0207824454944,0.0520250107188,0.0772119345843,0.101425909751,0.0732200592145,0.209881897082,0.0312543619793,0.0665671829177,0.0649127915603,0.0400860127452,0.157398730379,0.105233663573,1,3,8,20,0.00587385781821,0.000338616214243,0.00587385781821,0.0139025221325,0.0307679642897,0.00711911398974,0.00587385781821,0.000338616214243,0.00587385781821,0.170260416856,0.592363796978,0.161413522053
404,0.0804302174797,0.0257958527208,0.203580933428,0.00341242344173,0.0168560487516,0.0281686035809,0.0629443575895,0.239109395159,0.0295209160688,0.0988839672281,0.172791460316,0.0385058242369,1,3,8,20,0.00452899497808,0.000261087547786,0.00452899497808,0.0141266915604,0.0175314088071,0.0105836569894,0.00452899497808,0.000261087547786,0.00452899497808,0.173039445673,0.6020324921,0.164048149863
405,0.0667839709365,0.052194856239,0.161422758927,0.0463641346462,0.00564556405058,0.0125432845757,0.0950744913224,0.0926105849101,0.19466582416,0.0281115617503,0.0124533709641,0.232129597518,1,3,8,20,0.00320588419184,0.00018481284395,0.00320588419184,0.0140517734706,0.0323364624075,0.00611396691788,0.00320588419184,0.00018481284395,0.00320588419184,0.172152164792,0.598945497007,0.163206972949
406,0.109597640226,0.043127639267,0.0586832866356,0.0130357846904,0.126368185136,0.0597333450866,0.00122366219806,0.13430483878,0.0667983681996,0.120520675814,0.0455897975233,0.221016776443,1,3,8,20,0.00597716886329,0.000344571890403,0.00597716886329,0.0140047663107,0.0205332263768,0.0100383785563,0.00597716886329,0.000344571890403,0.00597716886329,0.171511166909,0.596715360682,0.162599281931
407,0.00878812522571,0.0261024911418,0.201521066531,0.00447435501138,0.0644709570871,0.296802643182,0.138578365995,0.00946068517525,0.148787407549,0.0854338699909,0.00753424041523,0.00804579269547,1,3,8,20,0.00472387247062,0.000272321847425,0.00472387247062,0.0139747989141,0.0306958018717,0.0068976942353,0.00472387247062,0.000272321847425,0.00472387247062,0.171173195704,0.595539503663,0.162278872035
408,0.00213947281664,0.156876633265,0.00294056884203,0.00921701908812,0.0871619964405,0.0232751002307,0.494466522521,0.0909821250987,0.0244678819801,0.0531345153731,0.0486556905775,0.00668247376636,1,3,8,20,0.00483259237899,0.00027858933379,0.00483259237899,0.0141605229105,0.0125669939469,0.0120529717664,0.00483259237899,0.00027858933379,0.00483259237899,0.173446999217,0.603450437442,0.164434526534
409,0.162708924475,0.109709443804,0.0181271305787,0.0219563435005,0.173735537107,0.0740773044117,0.108709675629,0.015417423686,0.0487507465785,0.0132468326766,0.120201087191,0.133359550362,1,3,8,20,0.00807337186482,0.000465413821997,0.00807337186482,0.0137821843831,0.0292199096871,0.00801995318915,0.00807337186482,0.000465413821997,0.00807337186482,0.168734013803,0.587053191466,0.159966432368
410,0.0256635601498,0.102144154019,0.228342091483,0.235117306819,0.0700815165124,0.00476024617278,0.00153737428352,0.0144397580636,0.00211402935113,0.0321895966713,0.255170211846,0.0284401546287,1,3,8,20,0.00615381369544,0.000354755113453,0.00615381369544,0.0140443470837,0.0157708329258,0.0114238004643,0.00615381369544,0.000354755113453,0.00615381369544,0.17199215966,0.59838881302,0.163055281837
411,0.059478079547,0.0938126528759,0.261814746764,0.0111889116892,0.108501120627,0.029583266026,0.0263913332295,0.0688787674072,0.115122976833,0.0750694159893,0.12798124561,0.022177483401,1,3,8,20,0.0109286549671,0.000630015210828,0.0109286549671,0.0135651966611,0.0329340263855,0.00756894144957,0.0109286549671,0.000630015210828,0.0109286549671,0.166007663937,0.577567775017,0.15738174626
412,0.143946665096,0.0362301969029,0.174752225617,0.000495989616742,0.0912157096894,0.0397237173787,0.131135712048,0.0141957649736,0.128349174807,0.12230733425,0.112724742555,0.00492276706621,1,3,8,20,0.00455925027802,0.00026283170562,0.00455925027802,0.0142028331594,0.0101829578444,0.0126704261319,0.00455925027802,0.00026283170562,0.00455925027802,0.173971975984,0.605276917353,0.164932225004
413,0.0296144475174,0.060736216252,0.0332184486697,0.0395410238469,0.172680244819,0.0184451645429,0.0236024110054,0.115693976974,0.0773648977682,0.123361332535,0.277868183507,0.0278736525632,1,3,8,20,0.0137508599765,0.000792709713432,0.0137508599765,0.0133331162684,0.0382633460035,0.0066536960809,0.0137508599765,0.000792709713432,0.0137508599765,0.163097103052,0.567441458349,0.154622420914
414,0.11284142739,0.110639455805,0.0431391005834,0.427051393476,0.0310780573699,0.0201460774746,0.0466373424271,0.036905333872,0.0466555513117,0.0585395760846,0.00336460911836,0.0630020750867,1,3,8,20,0.00548754648579,0.000316346134688,0.00548754648579,0.0137874965973,0.043863931822,0.00333029520797,0.00548754648579,0.000316346134688,0.00548754648579,0.168859632948,0.587490240989,0.160085524222
415,0.0805651887174,0.198494302801,0.00433102662959,0.00639980050884,0.0537192083101,0.0748956906674,0.149950840012,0.0120206856891,0.258953552942,0.0278500168922,0.0823081561542,0.050511530677,1,3,8,20,0.00753066544473,0.000434127876864,0.00753066544473,0.0136577848228,0.044114707876,0.00368897989261,0.00753066544473,0.000434127876864,0.00753066544473,0.167221995783,0.581792633835,0.158532980258
416,0.0514647070531,0.041351172797,0.108844217282,0.0354187137747,0.030649167421,0.07845856756,0.0860816100925,0.176795371781,0.0145221271284,0.292652598268,0.0487358599529,0.0350258868895,1,3,8,20,0.00672199073587,0.000387509389161,0.00672199073587,0.0138783220139,0.0280799673596,0.00805847574991,0.00672199073587,0.000387509389161,0.00672199073587,0.169943958648,0.591262787189,0.161113507317
417,0.0881095616771,0.101441198633,0.0821526943788,0.0714217735897,0.013723636337,0.0491489460715,0.0850543062675,0.0277174458458,0.0363591132967,0.0671258367089,0.25815639409,0.119589093104,1,3,8,20,0.00332907873849,0.000191914764407,0.00332907873849,0.0141502542257,0.022339724283,0.00897003343994,0.00332907873849,0.000191914764407,0.00332907873849,0.173356322734,0.603134959147,0.164348561687
418,0.139151915809,0.0345923098448,0.137764458698,0.0623286102307,0.0294887475439,0.174185903519,0.0884199188759,0.0518796760795,0.0056535461829,0.0193241391302,0.135425432728,0.121785341359,1,3,8,20,0.00441407750644,0.000254462784232,0.00441407750644,0.0139367419418,0.0360944962541,0.00530412800376,0.00441407750644,0.000254462784232,0.00441407750644,0.170713995359,0.593941870667,0.161843532181
419,0.0503686405219,0.273141077014,0.11131405174,0.0212420762058,0.075420263263,0.0146007014621,0.0165843566581,0.140653696697,0.008291987183,0.0951078939846,0.148140830799,0.0451344244713,1,3,8,20,0.00560513290499,0.000323124757758,0.00560513290499,0.0138236272513,0.0397723674722,0.00451337956491,0.00560513290499,0.000323124757758,0.00560513290499,0.169299720909,0.589021378878,0.16050274479
420,0.0351415195847,0.0585804435503,0.179624208402,0.0848573302808,0.00179371071317,0.144541913348,0.0314921100753,0.217421107699,0.000818337119882,0.031896837832,0.193443989965,0.0203884914306,1,3,8,20,0.00346292439509,0.000199630700158,0.00346292439509,0.0142220644476,0.0147925208203,0.0111348567692,0.00346292439509,0.000199630700158,0.00346292439509,0.174233340965,0.606186248808,0.165180009209
421,0.0993721030916,0.0463516061378,0.288239836181,0.10948597456,0.0480677846136,0.0130705787088,0.0938537553706,0.00192831942703,0.0447303350689,0.0908259085361,0.0416874059461,0.122386392358,1,3,8,20,0.00756179423789,0.000435922389844,0.00756179423789,0.0137991596948,0.0306172661531,0.00751676204764,0.00756179423789,0.000435922389844,0.00756179423789,0.168954044798,0.587818715233,0.160175030342
422,0.0985666275441,0.00920854847796,0.152910662695,0.10861370854,0.131652202175,0.0505913155826,0.000618693486959,0.0260728143136,0.0426723184452,0.069935453371,0.237634064699,0.0715235906694,1,3,8,20,0.00440967482001,0.000254208978121,0.00440967482001,0.0141663425112,0.0144957770392,0.0114179752219,0.00440967482001,0.000254208978121,0.00440967482001,0.17352822427,0.603733032667,0.164511531055
423,0.0435268938759,0.0576653977395,0.00737629298955,0.0832590775667,0.0890302931131,0.130204295458,0.0100528243538,0.070133707624,0.0997329976755,0.067060093184,0.218744999736,0.123213126684,1,3,8,20,0.00808988374832,0.000466365699222,0.00808988374832,0.0137168301984,0.0352784677474,0.00630819866945,0.00808988374832,0.000466365699222,0.00808988374832,0.167932606308,0.584264963908,0.159206666777
424,0.0246222500218,0.157626621406,0.110858532388,0.066417095261,0.0320677375901,0.00429132303089,0.0904686690441,0.0945690486572,0.163246059146,0.112105611488,0.033436948965,0.110290103003,1,3,8,20,0.00745663912305,0.000429860406732,0.00745663912305,0.0138868400407,0.0229751147003,0.00965820248291,0.00745663912305,0.000429860406732,0.00745663912305,0.170031169753,0.591566208867,0.16119618685
425,0.0494807302244,0.049127188328,0.0674213532149,0.0471954966864,0.0505704059969,0.0121370362898,0.00961573082838,0.112439516905,0.31469612765,0.0598682324097,0.0357438589442,0.191704322522,1,3,8,20,0.00485086816625,0.000279642896557,0.00485086816625,0.0141244173451,0.0158604943672,0.0111243985211,0.00485086816625,0.000279642896557,0.00485086816625,0.173004039525,0.60190930833,0.164014583453
426,0.0180231001918,0.0269403421269,0.0217475050252,0.00326332104749,0.250639930195,0.179315402097,0.00727145550322,0.0174274569432,0.107091683107,0.106222155396,0.00249385070366,0.259563797663,1,3,8,20,0.0083333944197,0.000480403604841,0.0083333944197,0.0135901563598,0.0457828453226,0.0033855358208,0.0083333944197,0.000480403604841,0.0083333944197,0.16637431553,0.578843415793,0.157729346285
427,0.0322933515677,0.0933017224236,0.042142538587,0.0545094425788,0.0214511740968,0.176279643033,0.0785360157257,0.135822356765,0.0119926031516,0.259688611637,0.0867223299999,0.00726021043335,1,3,8,20,0.00612344406884,0.000353004364915,0.00612344406884,0.0138815618924,0.0312803197079,0.00702655164118,0.00612344406884,0.000353004364915,0.00612344406884,0.169997674832,0.591449674565,0.161164432356
428,0.0338811245141,0.087976891657,0.173602979499,0.0190004091455,0.0968571034371,0.207261321061,0.0407622147833,0.0456041489536,0.157196188009,0.0438191561006,0.0270379506615,0.0670005121781,1,3,8,20,0.00547069312143,0.000315374571771,0.00547069312143,0.0140387094299,0.0203026212365,0.0099971495505,0.00547069312143,0.000315374571771,0.00547069312143,0.171939046409,0.598204023344,0.163004928401
429,0.113901686937,0.167156388213,0.0677644474381,0.0752986936776,0.0865200939859,0.0278734614293,0.111429022402,0.153275042177,0.015662763784,0.00602085436494,0.0526106631273,0.122486882464,1,3,8,20,0.00612394973831,0.000353033515753,0.00612394973831,0.0139565686648,0.0242129842498,0.00902747815329,0.00612394973831,0.000353033515753,0.00612394973831,0.170916992164,0.594648129706,0.162035981077
430,0.0344884158811,0.089574439221,0.0684330208591,0.114024706743,0.0826882827859,0.18715508902,0.120068419902,0.0966398789078,0.111579645362,0.0801328163514,0.014775435418,0.000439849548727,1,3,8,20,0.00646597728996,0.000372750723471,0.00646597728996,0.0137352009511,0.0430589475221,0.00376396327976,0.00646597728996,0.000372750723471,0.00646597728996,0.168195769639,0.585180552114,0.159456155888
431,0.0830415176015,0.0738579831264,0.333140803816,0.0129985910284,0.0100050474705,0.120938641543,0.100037142495,0.0268022590342,0.0285058074675,0.117590552787,0.0538749072165,0.0392067464135,1,3,8,20,0.00458237257759,0.000264164660177,0.00458237257759,0.0140451438311,0.0248992152959,0.00850899669161,0.00458237257759,0.000264164660177,0.00458237257759,0.172038697456,0.598550725611,0.163099401484
432,0.0229320039611,0.0108434180149,0.0167162000468,0.00987124294622,0.0129752201087,0.365183774083,0.111894868837,0.190697802495,0.00724617058063,0.0545109102354,0.0602389665978,0.136889422094,1,3,8,20,0.0053771917605,0.000309984404381,0.0053771917605,0.0140093828335,0.0236122996365,0.00904048871421,0.0053771917605,0.000309984404381,0.0053771917605,0.171581789564,0.596961068435,0.162666234966
433,0.0304647426134,0.137030125822,0.241148748231,0.201735610612,0.0106585334243,0.100582993694,0.00225397869495,0.0951136867499,0.0191778987452,0.115348528686,0.0209404177812,0.0255447349473,1,3,8,20,0.00660790946586,0.000380932830967,0.00660790946586,0.0138624770417,0.0302404338218,0.00742283807201,0.00660790946586,0.000380932830967,0.00660790946586,0.169752422467,0.590596401533,0.16093192354
434,0.0106919757919,0.0640356584343,0.1758786339,0.0985922029946,0.0823226926955,0.0495309181339,0.124174332964,0.0967919681055,0.196011323605,0.000644819928143,0.0607510439833,0.0405744294645,1,3,8,20,0.0037503054798,0.000216197647803,0.0037503054798,0.0142343648979,0.0119509275929,0.0119997730727,0.0037503054798,0.000216197647803,0.0037503054798,0.174377378019,0.606687377243,0.165316561959
435,0.0986029842977,0.0313955081818,0.0520624198094,0.292681153008,0.118793835888,0.071794308778,0.0212706747351,0.0547456507003,0.0322186081927,0.0785481909535,0.108828302722,0.0390583627339,1,3,8,20,0.00457735630177,0.000263875481858,0.00457735630177,0.0140912092916,0.0205900039338,0.00972791453105,0.00457735630177,0.000263875481858,0.00457735630177,0.172603421474,0.600515492699,0.1636347819
436,0.0444878406222,0.0364483906427,0.0502765606484,0.0497055201757,0.0112366140194,0.186289635217,0.070413462015,0.0335218348739,0.0689756335821,0.0237802551164,0.297030565519,0.127833687567,1,3,8,20,0.00671372706299,0.000387033004864,0.00671372706299,0.0138998893545,0.0260970849935,0.00861810797499,0.00671372706299,0.000387033004864,0.00671372706299,0.170208494622,0.592183151046,0.161364297748
437,0.088617666714,0.0854625085702,0.0303971731938,0.0623671006506,0.0173246433328,0.199954592609,0.226526009765,0.0223635472935,0.181352940399,0.0309551010722,0.0369463457448,0.0177323706547,1,3,8,20,0.00364866006541,0.000210337991937,0.00364866006541,0.0138926184002,0.0447329927558,0.00269752701456,0.00364866006541,0.000210337991937,0.00364866006541,0.170191101161,0.592122636355,0.161347808068
438,0.0461262615963,0.0203978011156,0.00895662222469,0.10180637626,0.105113336578,0.0839138582053,0.343511814816,0.127369613484,0.0392999815819,0.0623291333767,0.0329367659848,0.0282384347773,1,3,8,20,0.00508245350866,0.000292993330692,0.00508245350866,0.0140460629107,0.0218838411565,0.00946784396914,0.00508245350866,0.000292993330692,0.00508245350866,0.172038260162,0.598549204194,0.163098986912
439,0.0223532300977,0.0736968444784,0.0236119228459,0.144897041961,0.0542615478301,0.289072466964,0.0131802417965,0.0185564325013,0.0728633860668,0.0450400369568,0.229462940228,0.0130039082739,1,3,8,20,0.00373812451074,0.000215495439177,0.00373812451074,0.0141964979287,0.0155886979411,0.0109673289526,0.00373812451074,0.000215495439177,0.00373812451074,0.173913542179,0.605073616602,0.164876827475
440,0.0935724263012,0.00556373282004,0.176397326434,0.0484912396714,0.0401907075811,0.0500058884673,0.0424872228702,0.01746276519,0.220766119625,0.0645307034872,0.148279794201,0.0922520733516,1,3,8,20,0.00554023239249,0.000319383372364,0.00554023239249,0.0141132432698,0.012875520561,0.0121144467455,0.00554023239249,0.000319383372364,0.00554023239249,0.172850951775,0.601376691045,0.163869450289
441,0.0799292057272,0.0400606865447,0.277269375481,0.00652795860291,2.05044953589e-06,0.0133298256729,0.00296006387639,0.0774101215409,0.00521762282359,0.170990274561,0.0220222797813,0.304280534939,1,3,8,20,0.00646040870251,0.000372429705487,0.00646040870251,0.0137997227429,0.0370146954914,0.00547396909363,0.00646040870251,0.000372429705487,0.00646040870251,0.168986718737,0.587932393203,0.160206006511
442,0.137999649408,0.0502315249771,0.0231584230689,0.0249829909521,0.130383177106,0.0402647889629,0.0173665163604,0.0451432757145,0.263961586135,0.0358707344369,0.131647991736,0.0989893411434,1,3,8,20,0.00357911733922,0.000206328992162,0.00357911733922,0.0140188319984,0.0332530880709,0.00593295613374,0.00357911733922,0.000206328992162,0.00357911733922,0.171739680027,0.597510395141,0.162815921288
443,0.137161289929,0.0435143211103,0.0481360033092,0.00144800053248,0.0642972865856,0.0606368317483,0.0174092943717,0.0114180070529,0.2119144604,0.144926982896,0.103576281582,0.155561240483,1,3,8,20,0.00699686974227,0.000403355616871,0.00699686974227,0.013942199407,0.0204539159491,0.0102752818206,0.00699686974227,0.000403355616871,0.00699686974227,0.170720447009,0.593964317014,0.161849648598
444,0.0555602144899,0.0514721211795,0.264217642047,0.21999030649,0.0283860395311,0.0196349693119,0.0216727931152,0.0238824538888,0.0231189946014,0.113471415979,0.105324120741,0.0732689286244,1,3,8,20,0.00591304798045,0.000340875449107,0.00591304798045,0.0139109894343,0.0297409630463,0.00741810834745,0.00591304798045,0.000340875449107,0.00591304798045,0.170363280252,0.592721675532,0.161511040568
445,0.173732011579,0.0804129543326,0.0895466404558,0.137673929841,0.00542748939773,0.113978111434,0.128180916997,0.122463800762,0.0290076821566,0.0845271824813,0.0261377361951,0.00891154436694,1,3,8,20,0.00486079299225,0.000280215043025,0.00486079299225,0.0141319345134,0.0150943772996,0.0113433797525,0.00486079299225,0.000280215043025,0.00486079299225,0.173095942321,0.602229053167,0.164101710891
446,0.0378105350041,0.132937217869,0.00640560275467,0.0800928299759,0.114490460835,0.22357787459,0.162946222446,0.0123954646193,0.03247689664,0.0418744410664,0.106516764393,0.0484756898065,1,3,8,20,0.00469276642634,0.000270528645873,0.00469276642634,0.0140353204035,0.0251778755455,0.00845332226413,0.00469276642634,0.000270528645873,0.00469276642634,0.17191571222,0.59812283989,0.16298280668
447,0.444888933248,0.0453331181747,0.0373840566352,0.0850897910596,0.0726307977673,0.0111695990502,0.134182771592,0.0472928933114,0.00796493206447,0.0154085377531,0.050788906804,0.0478656625405,1,3,8,20,0.00509847088757,0.000293916700711,0.00509847088757,0.0140659418585,0.0199177706733,0.0100278230792,0.00509847088757,0.000293916700711,0.00509847088757,0.172281533967,0.599395593493,0.163329619977
448,0.138394320944,0.0349432189085,0.149487415843,0.10164812982,0.0497036935635,0.277951006376,0.0108650466767,0.0259773756841,0.0623454526022,0.00966450009851,0.0114036612156,0.127616178267,1,3,8,20,0.00847515924009,0.000488576064624,0.00847515924009,0.0137209776253,0.0326314160429,0.00713862652609,0.00847515924009,0.000488576064624,0.00847515924009,0.167974424119,0.584410454902,0.159246311695
449,0.0786298075777,0.204305759661,0.0198826701448,0.127148817596,0.0491846620129,0.089075241594,0.0717801425298,0.101704522467,0.0176522266425,0.120303616319,0.00567523132595,0.114657302129,1,3,8,20,0.00345411785616,0.000199123020713,0.00345411785616,0.0140117417006,0.0346529561963,0.00551035386065,0.00345411785616,0.000199123020713,0.00345411785616,0.171655702012,0.597218221913,0.162736306852
450,0.00755752189218,0.00265012033938,0.217350013322,0.0446738472223,0.149521040807,0.140798988586,0.149220555491,0.0482896850339,0.0350382391585,0.0738126851116,0.037904118687,0.0931831843488,1,3,8,20,0.00406026815307,0.000234066379091,0.00406026815307,0.0139985880421,0.0323417828503,0.00629214325331,0.00406026815307,0.000234066379091,0.00406026815307,0.171480298511,0.596607964487,0.162570017486
451,0.204558790797,0.159072603344,0.0130783279739,0.106699499703,0.0040446577629,0.0409159778687,0.0102607366259,0.00525063095169,0.138591713384,0.216601527368,0.0678521028674,0.0330734313537,1,3,8,20,0.00457069751344,0.000263491615962,0.00457069751344,0.014170358184,0.0131745104837,0.0118259006704,0.00457069751344,0.000263491615962,0.00457069751344,0.17357367483,0.603891162587,0.16455461996
452,0.0954851017238,0.052359241202,0.0416565843081,0.117515262625,0.187373045459,0.231785341536,0.0999974387335,0.0778848950116,0.00529373894582,0.0774125539977,0.0120382631277,0.00119853332949,1,3,8,20,0.00380385914091,0.000219284909794,0.00380385914091,0.0139906697297,0.0345892591101,0.00560193992861,0.00380385914091,0.000219284909794,0.00380385914091,0.171389246879,0.596291180986,0.162483696983
453,0.0322656890115,0.113841123814,0.023242145781,0.010951100697,0.0988615975019,0.106138253882,0.0655176133949,0.0154962811985,0.151189193435,0.000107062145583,0.13230153504,0.250088404099,1,3,8,20,0.00606649349834,0.000349721277857,0.00606649349834,0.0139870991202,0.0216740324783,0.00973419262901,0.00606649349834,0.000349721277857,0.00606649349834,0.171292536716,0.595954710535,0.162392011973
454,0.0050433101679,0.208194942366,0.0643994063504,0.0994246654852,0.0361221780674,0.02323223762,0.137936368994,0.0961457063145,0.069175928533,0.0657395386184,0.0835809854468,0.111004732036,1,3,8,20,0.00505217282299,0.000291247709421,0.00505217282299,0.014175660316,0.00985529378993,0.0128668553619,0.00505217282299,0.000291247709421,0.00505217282299,0.173627394302,0.604078061403,0.164605548116
455,0.00951140631992,0.186885922523,0.0551933012012,0.0541469817515,0.253267991238,0.0422335554015,0.0533957605261,0.0418509810047,0.0138672250074,0.151203092821,0.0334289893296,0.105014792875,1,3,8,20,0.0134467851394,0.000775180404181,0.0134467851394,0.0133271021205,0.0406106453921,0.00592520757812,0.0134467851394,0.000775180404181,0.0134467851394,0.16303050543,0.567209754345,0.154559283769
456,0.0804914441994,0.00856175405089,0.00336573198199,0.00270679516756,0.0222248121715,0.207308876311,0.0153088165234,0.146986204654,0.101147443597,0.0389307109863,0.357367129749,0.0156002806084,1,3,8,20,0.00390789304593,0.00022528225739,0.00390789304593,0.0142554264385,0.00904434598022,0.0128557916816,0.00390789304593,0.00022528225739,0.00390789304593,0.17463183361,0.607572669799,0.165557795793
457,0.000912699596551,0.0474678740145,0.0316401393446,0.245939729264,0.0110758568759,0.105536722963,0.0132951012601,0.107113578999,0.130586984903,0.046461369945,0.202083781353,0.0578861614812,1,3,8,20,0.00487313193336,0.000280926358426,0.00487313193336,0.0140141720127,0.0261133550936,0.00822641245186,0.00487313193336,0.000280926358426,0.00487313193336,0.1716522839,0.597206329743,0.162733066348
458,0.0197090893865,0.0977602863278,0.0302020720957,0.00263060234316,0.0764734926498,0.0350342486922,0.104939569235,0.0450092653809,0.0975474083195,0.286853163411,0.0313728437634,0.172467958395,1,3,8,20,0.00412382011015,0.000237730022948,0.00412382011015,0.014130435063,0.0195518121542,0.00992645341057,0.00412382011015,0.000237730022948,0.00412382011015,0.173094809603,0.602225112254,0.16410063703
459,0.0229598736327,0.0100062534416,0.0291825207028,0.373708062023,0.00228783721893,0.183490921837,0.0633162344748,0.00513065966166,0.0251418062541,0.158799068714,0.0246912640799,0.10128549796,1,3,8,20,0.00312137819891,0.000179941241625,0.00312137819891,0.0141653805111,0.0221315180153,0.00898529753148,0.00312137819891,0.000179941241625,0.00312137819891,0.173546580076,0.603796895512,0.164528933075
460,0.0752980724216,0.0510173035578,0.0132479865033,0.107120353961,0.0764765855246,0.0544082885622,0.109449588528,0.324037483002,0.0763280100058,0.065821495966,0.0210866191175,0.0257082128501,1,3,8,20,0.00428334241062,0.000246926166121,0.00428334241062,0.0142246849669,0.00974078900425,0.0127375824792,0.00428334241062,0.000246926166121,0.00428334241062,0.174246261544,0.60623120161,0.165192258422
461,0.00959356080524,0.0294083237447,0.161158148474,0.10993477003,0.0215679981216,0.0839301408283,0.102711654124,0.105421776804,0.120044364219,0.0971794016422,0.0590731503504,0.099976710856,1,3,8,20,0.00629259796281,0.000362755750286,0.00629259796281,0.013709424979,0.0465020363653,0.00275273399719,0.00629259796281,0.000362755750286,0.00629259796281,0.167883900609,0.584095508825,0.159160491873
462,0.0193851690401,0.00348825840316,0.00539812613439,0.0399948584511,0.178047917484,0.00192159071463,0.0582583745612,0.0031835625832,0.458260235821,0.00556786666751,0.0816901346288,0.144803905511,1,3,8,20,0.00532666600269,0.00030707169499,0.00532666600269,0.0140932764658,0.016006846309,0.0111830285266,0.00532666600269,0.00030707169499,0.00532666600269,0.172611223877,0.600542638537,0.163642178883
463,0.325418800951,0.0553727753142,0.181571514438,0.0470954354615,0.0599068245416,0.00881216044831,0.0478130199493,0.0185620594339,0.0115062757387,0.0480220002508,0.115901509453,0.0800176240188,1,3,8,20,0.0052442373294,0.000302319846008,0.0052442373294,0.0140181446013,0.0235657598781,0.00902570330252,0.0052442373294,0.000302319846008,0.0052442373294,0.171692290372,0.597345518791,0.162770994045
464,0.0724687952133,0.19090319111,0.0606682116654,0.0893939610713,0.0685386643528,0.0474077738575,0.0470696155063,0.134512211873,0.001535944498,0.107710031569,0.0232527369919,0.156538862291,1,3,8,20,0.00568537809225,0.000327750733116,0.00568537809225,0.0139654010574,0.0259496940415,0.00844356696485,0.00568537809225,0.000327750733116,0.00568537809225,0.171035510161,0.595060473174,0.162148340765
465,0.024535458049,0.422795313335,0.0610185746983,0.0220222978363,0.0392746550602,0.0570360279535,0.0366692513362,0.12503687488,0.0161242492626,0.0451522985913,0.0304287471382,0.119906251859,1,3,8,20,0.0161092014257,0.000928663404881,0.0161092014257,0.0131071843262,0.045730284101,0.00503571995577,0.0161092014257,0.000928663404881,0.0161092014257,0.160272755957,0.557615093539,0.151944829608
466,0.102605173795,0.0151031126839,0.120175538291,0.0725036960577,0.0276582259019,0.0911096830716,0.136118902043,0.12099863126,0.0154125437008,0.0211129948438,0.217831345978,0.0593701523733,1,3,8,20,0.0040521543951,0.00023359863709,0.0040521543951,0.0139764051406,0.0344785579927,0.00568549844922,0.0040521543951,0.00023359863709,0.0040521543951,0.171208601084,0.595662684762,0.162312437717
467,0.0573923490585,0.270924482953,0.0508680378459,0.0135521644287,0.124838216761,0.000870550212433,0.177720949683,0.0406349741712,0.127548252118,0.0816744015033,0.00689470674427,0.0470809145198,1,3,8,20,0.00749652238092,0.000432159597181,0.00749652238092,0.0136364859502,0.046320667621,0.00305727422952,0.00749652238092,0.000432159597181,0.00749652238092,0.166961742654,0.580887170695,0.158286250131
468,0.169629602093,0.0330867489072,0.0393475732675,0.0654131073652,0.215092486349,0.0456756781498,0.141170389597,0.107634903724,0.083221334996,0.0631938301882,0.0251777876406,0.0113565577231,1,3,8,20,0.00630955918757,0.00036373353114,0.00630955918757,0.0138039239139,0.0375024928261,0.00530414504917,0.00630955918757,0.00036373353114,0.00630955918757,0.169041740814,0.588123823996,0.160258169589
469,0.0559340106062,0.0524778888534,0.232381217965,0.0234562379068,0.0560297154417,0.0964009180942,0.0901339710754,0.0979151702849,0.208310438188,0.00852371291171,0.0671867590686,0.0112499596046,1,3,8,20,0.00880329741118,0.000507492577193,0.00880329741118,0.0137841601464,0.0247588881543,0.00943641284752,0.00880329741118,0.000507492577193,0.00880329741118,0.168741149416,0.587078017429,0.159973197208
470,0.0157129764832,0.024639525272,0.0413820566529,0.195035445875,0.0289936569709,0.175643353609,0.157521959381,0.0326145374471,0.0934136948441,0.0618996972237,0.0291376428634,0.144005453378,1,3,8,20,0.00367426123206,0.000211813848249,0.00367426123206,0.0140240379567,0.0322055475172,0.0062495327768,0.00367426123206,0.000211813848249,0.00367426123206,0.171801261049,0.597724645574,0.162874302501
471,0.133634890842,0.0522575395397,0.0373490751932,0.218782827621,0.110405345629,0.14007047996,0.0639525502008,0.0147858184821,0.0845537945653,0.0629244900699,0.0181289682808,0.0631542196159,1,3,8,20,0.00657525493547,0.000379050362272,0.00657525493547,0.0138954831072,0.0273230657142,0.0082419012547,0.00657525493547,0.000379050362272,0.00657525493547,0.170157729248,0.592006530018,0.161316170191
472,0.00277537765229,0.0562243243717,0.198908919711,0.0123147774138,0.0780123139311,0.0597370408912,0.118217495731,0.0294894511489,0.17932768019,0.00855781675465,0.0309111238785,0.225523678326,1,3,8,20,0.00472520153485,0.000272398465333,0.00472520153485,0.0139580036725,0.0322698466909,0.0064523488519,0.00472520153485,0.000272398465333,0.00472520153485,0.170967311785,0.594823199887,0.162083686043
473,0.0952454564911,0.0424092868158,0.0134904858655,0.163218775023,0.158589256231,0.225265574456,0.039996410566,0.00464980202803,0.113107380834,0.0216472126659,0.0920194597668,0.0303608992565,1,3,8,20,0.00449722191594,0.000259255893983,0.00449722191594,0.0141475644021,0.0157516234278,0.0110808466252,0.00449722191594,0.000259255893983,0.00449722191594,0.17329601957,0.60292515459,0.164291391934
474,0.0171965134171,0.0771876124677,0.0971580941243,0.139524267707,0.0158345766795,0.0604954110529,0.230617946042,0.110018484797,0.0954213017397,0.0168866545672,0.0214162895073,0.118242847899,1,3,8,20,0.00438084245832,0.000252546849845,0.00438084245832,0.0140508264823,0.0255443020625,0.00828398426314,0.00438084245832,0.000252546849845,0.00438084245832,0.172113063415,0.598809456928,0.163169903317
475,0.0151672516263,0.0777556645658,0.100565398857,0.0696791638529,0.183520643189,0.0548707596614,0.0414616336252,0.199737223986,0.115034097386,0.0981721313654,0.0361380261406,0.00789800574437,1,3,8,20,0.00431452641903,0.000248723862149,0.00431452641903,0.0139397792475,0.0363914717703,0.00519911556711,0.00431452641903,0.000248723862149,0.00431452641903,0.170753551984,0.594079494626,0.161881033405
476,0.127362642266,0.113487491651,0.12552321206,0.11939070415,0.00170425891755,0.116115275859,0.0788581423985,0.118592078294,0.0483845745792,0.000288235142549,0.0293157932415,0.120977591441,1,3,8,20,0.0067355095037,0.000388288719225,0.0067355095037,0.0140560932566,0.0112577371167,0.0128238290799,0.0067355095037,0.000388288719225,0.0067355095037,0.172122516063,0.598842344235,0.163178864796
477,0.358144894527,0.010079686664,0.0287566469798,0.122323257857,0.116228562124,0.107174068637,0.0971712519353,0.0222975621372,0.0195627816888,0.051355887591,0.0529326451006,0.0139727547573,1,3,8,20,0.00764892735131,0.000440945440438,0.00764892735131,0.0137534533387,0.0344117241632,0.00646084478394,0.00764892735131,0.000440945440438,0.00764892735131,0.168391800617,0.585862575903,0.159642000908
478,0.0126283094799,0.158782567623,0.00671089358849,0.204914899709,0.140543450785,0.00311285185077,0.168430829896,0.031576133422,0.161803666311,0.0291219328884,0.0561711941593,0.026203270287,1,3,8,20,0.00452695683803,0.000260970053068,0.00452695683803,0.0142084605373,0.00984208591269,0.0127601382251,0.00452695683803,0.000260970053068,0.00452695683803,0.174041704272,0.605519513453,0.164998330142
479,0.0565223863518,0.0229161285166,0.116212968436,0.116246939455,0.155904678109,0.218127899778,0.106939531056,0.00198767138408,0.0593331658164,0.0515458252074,0.0885184546953,0.00574435119426,1,3,8,20,0.00594111344134,0.000342493367078,0.00594111344134,0.0140302193111,0.0183471476296,0.0106496925415,0.00594111344134,0.000342493367078,0.00594111344134,0.171823978259,0.597803682457,0.162895839303
480,0.0926058474024,0.0852203235508,0.0792497596526,0.120041019243,0.094205110464,0.106152208616,0.167740417797,0.0956851635766,0.0115746666686,0.0896046032744,0.0262697407007,0.031651139054,1,3,8,20,0.00522539027532,0.000301233350845,0.00522539027532,0.0139193921765,0.032976955189,0.00635735368248,0.00522539027532,0.000301233350845,0.00522539027532,0.170482360904,0.59313597657,0.161623933675
481,0.0364987791924,0.0106277389398,0.157371933096,0.0510111047511,0.00748482295272,0.0291338659535,0.111017823934,0.22145797521,0.131111350135,0.153739179736,0.0680463869564,0.0224990391418,1,3,8,20,0.00466536958172,0.000268949272301,0.00466536958172,0.0139583319287,0.0325893468931,0.00634931268993,0.00466536958172,0.000268949272301,0.00466536958172,0.170972735188,0.594842068789,0.16208882764
482,0.314960649211,0.0256492537585,0.0132210542821,0.0345023925633,0.114061483213,0.103596629756,0.0996518673852,0.0516839995842,0.0422828807443,0.032578126561,0.0618952070284,0.105916455913,1,3,8,20,0.0105527070605,0.000608342562152,0.0105527070605,0.0136008713258,0.0317758795033,0.00781775792392,0.0105527070605,0.000608342562152,0.0105527070605,0.16645371192,0.579119648799,0.157804617162
483,0.0129559422831,0.155881817495,0.0312666883146,0.101842965272,0.0442619292725,0.0437775203119,0.0235409219297,0.0374528688417,0.252178588198,0.204457947727,0.0624239213581,0.0299588889963,1,3,8,20,0.00451707775588,0.000260400543642,0.00451707775588,0.0140349332647,0.0262432892378,0.00811474649083,0.00451707775588,0.000260400543642,0.00451707775588,0.171915078395,0.598120634711,0.162982205789
484,0.00613212619436,0.0257453167415,0.0865207722017,0.0252006049189,0.0252166688596,0.0418003063902,0.158445941238,0.0694627228064,0.144903137591,0.0247670992254,0.0277754699367,0.364029833896,1,3,8,20,0.00982396635978,0.000566332110949,0.00982396635978,0.0136970692225,0.0269836574728,0.00902121598156,0.00982396635978,0.000566332110949,0.00982396635978,0.167649825378,0.583281122868,0.158938579416
485,0.0509938142333,0.0499829721538,0.131384679036,0.0801951600699,0.0907433238137,0.0197743024486,0.232266228451,0.00281403657196,0.0086557524477,0.139223786862,0.0243003479761,0.169665595936,1,3,8,20,0.00817083187349,0.000471032197551,0.00817083187349,0.0136648413538,0.0397008537806,0.00507320912979,0.00817083187349,0.000471032197551,0.00817083187349,0.167293504812,0.582041425426,0.158600773609
486,0.0385239096513,0.0861038666612,0.03622596698,0.158963016297,0.124140120441,0.0586787875147,0.0174339764089,0.0486357253761,0.287184602889,0.0287223351202,0.0704435157527,0.0449441769077,1,3,8,20,0.00517299318065,0.000298212762608,0.00517299318065,0.0138892836874,0.0361195403007,0.00545664281451,0.00517299318065,0.000298212762608,0.00517299318065,0.170114558846,0.591856333139,0.161275242965
487,0.0274875003404,0.0763840694097,0.244961065509,0.15576994632,0.0488444328901,0.00248212093701,0.00641209654784,0.00188100990412,0.103480151365,0.0318431946513,0.0692936153016,0.231160796824,1,3,8,20,0.00437423513448,0.000252165950775,0.00437423513448,0.0139570874036,0.0344116405084,0.00577217904246,0.00437423513448,0.000252165950775,0.00437423513448,0.170964294189,0.594812701175,0.162080825243
488,0.0967702710173,0.128324257172,0.0020010735039,0.0243465277408,0.350055150471,0.0676265044917,0.0553342840462,0.00543759658069,0.015218044198,0.0754657911306,0.106654203567,0.0727662960804,1,3,8,20,0.00543484063362,0.000313307747195,0.00543484063362,0.0139469460937,0.0291551575022,0.00748338449612,0.00543484063362,0.000313307747195,0.00543484063362,0.170815177448,0.59429389968,0.161939456751
489,0.201121260217,0.156314543358,0.0807612706142,0.00794454428075,0.0224076590161,0.0798188463778,0.158040372741,0.0636196383083,0.0171397219682,0.0306867746632,0.120532807143,0.0616125613131,1,3,8,20,0.00565439979656,0.000325964896016,0.00565439979656,0.0139549637745,0.0271141400583,0.00810738788342,0.00565439979656,0.000325964896016,0.00565439979656,0.170908309303,0.594617920616,0.162027749386
490,0.00614964277336,0.0125816168191,0.222450071885,0.0788761487978,0.0840028072988,0.0392562017246,0.0897387020539,0.171857289548,0.122373477705,0.00912129462424,0.00753877579222,0.156053970978,1,3,8,20,0.00776336367018,0.000447542466492,0.00776336367018,0.0137558074977,0.0335197855411,0.00673742657897,0.00776336367018,0.000447542466492,0.00776336367018,0.168417976781,0.585953647053,0.159666816934
491,0.0160495736989,0.149575376183,0.0668830259809,0.0535234748792,0.243370989831,0.0220117505168,0.180328104832,0.0428765691826,0.125523990119,0.00812488131583,0.068199560645,0.0235327028157,1,3,8,20,0.00621792972953,0.000358451275227,0.00621792972953,0.013919458519,0.027157724161,0.00821356294021,0.00621792972953,0.000358451275227,0.00621792972953,0.170459948208,0.593057999139,0.161602685564
492,0.0614735201588,0.0113691558757,0.0755589996575,0.0268895543651,0.126483847612,0.170244517142,0.0265884293588,0.140768695427,0.0118643150754,0.0861246619402,0.0535725336692,0.209061769718,1,3,8,20,0.00770765129762,0.000444330759082,0.00770765129762,0.0138702533898,0.0230672005422,0.00968492175184,0.00770765129762,0.000444330759082,0.00770765129762,0.169821999763,0.590838472311,0.160997885533
493,0.0858741835405,0.0301590680372,0.0335636612486,0.110869490102,0.0273901224755,0.0328441756658,0.0989141899955,0.136254179078,0.00467859889152,0.0271770535119,0.303127489295,0.109147788158,1,3,8,20,0.00761766269019,0.000439143094941,0.00761766269019,0.0139321760964,0.0177621593067,0.0111678968871,0.00761766269019,0.000439143094941,0.00761766269019,0.170583068336,0.593486354172,0.161719408252
494,0.187532385278,0.0314368131025,0.0742178625183,0.0179292427379,0.159678855831,0.0577463672398,0.017121834565,0.217296005682,0.0971997896669,0.00722958831051,0.013031549148,0.11957970592,1,3,8,20,0.00663233879079,0.000382341132935,0.00663233879079,0.0139945984212,0.0176537517807,0.0109913678089,0.00663233879079,0.000382341132935,0.00663233879079,0.171371211751,0.596228433831,0.162466598978
495,0.00371578503822,0.16260603032,0.0331717995572,0.0890933555408,0.0647021391947,0.26096292115,0.0105967912487,0.0448804782672,0.193963601431,0.0169082605778,0.00331257213321,0.116086265541,1,3,8,20,0.00672867390744,0.000387894660703,0.00672867390744,0.0138192662309,0.0336028857128,0.00649629814601,0.00672867390744,0.000387894660703,0.00672867390744,0.169219978237,0.588743941099,0.160427145624
496,0.155315255085,0.00358266466066,0.0162937452013,0.121184855274,0.0544526574342,0.0746243945556,0.00065968096986,0.000785281094042,0.120351062721,0.03185493766,0.0428929245479,0.378002540796,1,3,8,20,0.00408055051818,0.000235235617078,0.00408055051818,0.013976932795,0.0342625549278,0.00575262256666,0.00408055051818,0.000235235617078,0.00408055051818,0.17121440386,0.595682873568,0.162317938975
497,0.260450693822,0.0322758958829,0.0692158815255,0.197032888447,0.0395402202254,0.0628073224001,0.0242753939118,0.00171658944285,0.181054887008,0.0915354001754,0.00932705585761,0.0307677713018,1,3,8,20,0.00815390420752,0.000470056351294,0.00815390420752,0.0136290962822,0.0431665769975,0.00408847469065,0.00815390420752,0.000470056351294,0.00815390420752,0.16685578733,0.580518534819,0.158185800348
498,0.152984744994,0.0231854796627,0.0754384611079,0.0510886748195,0.137909544524,0.0959600564747,0.0169741936899,0.160159540341,0.0689080069755,0.126252182368,0.0140270806141,0.0771120344292,1,3,8,20,0.00307983014773,0.000177546079154,0.00307983014773,0.0140347762681,0.0346755702145,0.00542523646833,0.00307983014773,0.000177546079154,0.00307983014773,0.171946786335,0.598230951811,0.163012266154
499,0.286255334701,0.0534630310866,0.0744810074559,0.130721199219,0.00839212957087,0.0392676002746,0.0642228447368,0.0922509641178,0.0824745823939,0.13511064303,0.00703824626368,0.0263224171496,1,3,8,20,0.0142206066121,0.000819789672179,0.0142206066121,0.013288023525,0.0397591683438,0.00632900743001,0.0142206066121,0.000819789672179,0.0142206066121,0.162533426372,0.565480335121,0.154088033416
500,0.12690376196,0.162415121862,0.0516581077247,0.0493500656428,0.0720801601042,0.0125676123876,0.0915449223059,0.0334759871338,0.0294928033702,0.0972630148803,0.146134243515,0.127114199114,1,3,8,20,0.0073496948538,0.000423695282429,0.0073496948538,0.0137292976848,0.0384392876689,0.00525767821541,0.0073496948538,0.000423695282429,0.0073496948538,0.16810273622,0.584856873656,0.159367956575
501,0.0818290383471,0.00824537717436,0.142251078489,0.035834919213,0.000608643687928,0.073138655393,0.0852216915151,0.0237858719506,0.236463214889,0.0130860769807,0.278471295118,0.0210641372416,1,3,8,20,0.00583449074112,0.000336346780589,0.00583449074112,0.0141049620953,0.0119320916354,0.0124434236262,0.00583449074112,0.000336346780589,0.00583449074112,0.172742566837,0.600999602144,0.163766697136
502,0.126972174916,0.13205287988,0.0275665591232,0.0106393494242,0.0859742438481,0.0656035043771,0.0577050163739,0.023668475236,0.141093814947,0.0270883922759,0.0641490174754,0.237486572124,1,3,8,20,0.00809305860091,0.000466548723156,0.00809305860091,0.0138171187291,0.0258143841734,0.00898822541947,0.00809305860091,0.000466548723156,0.00809305860091,0.16916172997,0.588541285865,0.160371923993
503,0.105381720517,0.0389843134708,0.0505265455163,0.0960175848869,0.150636092222,0.00112706661735,0.0967419534744,0.0596715051591,0.00201786354363,0.214329479755,0.0452900253806,0.139275849457,1,3,8,20,0.00943197464306,0.000543734568543,0.00943197464306,0.0137629384892,0.023075651347,0.0100451658607,0.00943197464306,0.000543734568543,0.00943197464306,0.168466332418,0.58612188421,0.159712659965
504,0.270207344415,0.0572510877309,0.0764146342986,0.0793256608018,0.127439915743,0.0243163072459,0.0206625720374,0.0476016101451,0.00301403657567,0.134098196083,0.0191195264292,0.140549108495,1,3,8,20,0.00788960570784,0.000454820068742,0.00788960570784,0.0137304784859,0.0351659927974,0.00629792144675,0.00788960570784,0.000454820068742,0.00788960570784,0.168104574709,0.584863270058,0.159369699534
505,0.0500164639978,0.00870146825827,0.106170358614,0.0341995457959,0.0383359089126,0.0636898205259,0.237318796011,0.178712938181,0.148414418074,0.0624218642808,0.0235757896941,0.048442627656,1,3,8,20,0.00591591365454,0.000341040649516,0.00591591365454,0.0138671841249,0.03384990164,0.00625543707234,0.00591591365454,0.000341040649516,0.00591591365454,0.169826308362,0.59085346263,0.161001970253
506,0.0349434000103,0.398370789025,0.046948331954,0.0262425166542,0.150958131779,0.0481776461972,0.0571901860035,0.0451357978232,0.0137917674734,0.00671172434725,0.0649995008864,0.106530207846,1,3,8,20,0.00469012947714,0.000270376630999,0.00469012947714,0.014146823392,0.0146916168823,0.0114215128378,0.00469012947714,0.000270376630999,0.00469012947714,0.173282423177,0.602877850519,0.164278502022
507,0.147636310165,0.0581816511184,0.0204635819868,0.00763694903554,0.0680624527013,0.16383248279,0.100860717653,0.0328903993316,0.0758864812391,0.17019831696,0.0614556212025,0.0928950358167,1,3,8,20,0.00412064202389,0.0002375468126,0.00412064202389,0.0138911823753,0.042103996376,0.00354107820515,0.00412064202389,0.0002375468126,0.00412064202389,0.170162455783,0.592022974408,0.161320651132
508,0.0632351197735,0.0560962820875,0.139502680046,0.16470855914,0.00620170067624,0.0182542466266,0.00272747400141,0.113860893266,0.114778847941,0.166180522693,0.0949710385129,0.0594826352362,1,3,8,20,0.0100648278714,0.00058021729778,0.0100648278714,0.0135657962439,0.0379367117902,0.00597097196105,0.0100648278714,0.00058021729778,0.0100648278714,0.166035226703,0.577663670382,0.157407876838
509,0.00156603765637,0.101300322662,0.15432448275,0.193189200685,0.0581086696344,0.0479468725941,0.0920509033135,0.0643919499901,0.0123110956682,0.146060518145,0.108885014028,0.0198649328734,1,3,8,20,0.00773289475141,0.000445785993958,0.00773289475141,0.0139309956673,0.017198458912,0.0113517191194,0.00773289475141,0.000445785993958,0.00773289475141,0.170565903792,0.593426635921,0.161703135594
510,0.0301620781844,0.220076410914,0.0143858322166,0.0758941522073,0.0261547157738,0.0577417757719,0.0354079818316,0.0041070875238,0.0200692914258,0.140090446856,0.0527642451957,0.323145982099,1,3,8,20,0.00576216781728,0.000332177507952,0.00576216781728,0.0140336652358,0.0190706262645,0.010407236406,0.00576216781728,0.000332177507952,0.00576216781728,0.171870401033,0.59796519487,0.162939849905
511,0.0933063061212,0.144228186681,0.0473039956357,0.0257695996481,0.194844195165,0.130024129526,0.0861755609661,0.0840067870004,0.115750151735,0.041720888519,0.00480432290908,0.0320658760939,1,3,8,20,0.00597410714274,0.000344395388306,0.00597410714274,0.0138345949396,0.0365784332515,0.00549520604973,0.00597410714274,0.000344395388306,0.00597410714274,0.169425513498,0.589459031839,0.160622001075
512,0.336361665412,0.152348973457,0.0252843089426,0.0664212964623,0.0324889466362,0.0808687241599,0.0302123823594,0.0159013079319,0.0843002494263,0.0696427893697,0.0336599023162,0.0725094535262,1,3,8,20,0.00843183474965,0.000486078493966,0.00843183474965,0.0138379456298,0.0218687387362,0.0101765166077,0.00843183474965,0.000486078493966,0.00843183474965,0.169409069782,0.589401821467,0.160606411791
513,0.146921156387,0.164885590836,0.0730291216497,0.0525840597061,0.027167317777,0.102817932406,0.20068650823,0.0389834752831,0.0127293490498,0.063480753652,0.0611169128285,0.055597822195,1,3,8,20,0.0062676049613,0.000361314953485,0.0062676049613,0.0138106419193,0.037115482263,0.00540488763706,0.0062676049613,0.000361314953485,0.0062676049613,0.16912506257,0.588413713992,0.160337161866
514,0.0838797370182,0.0227986642001,0.0358831424948,0.0942782158098,0.0397614806677,0.199564169265,0.0469963555508,0.103773361557,0.0382501296428,0.0445881307986,0.121373103798,0.168853509197,1,3,8,20,0.00415884671117,0.000239749236794,0.00415884671117,0.0139374263489,0.037524840884,0.00484550907829,0.00415884671117,0.000239749236794,0.00415884671117,0.170728356379,0.593991835003,0.161857146989
515,0.219762110718,0.150932740685,0.0763023426793,0.00268963487439,0.0108996688471,0.0697769597378,0.0409149199802,0.055441773143,0.0977590937423,0.0464015931555,0.137187151346,0.0919320110911,1,3,8,20,0.00617321900833,0.000355873791125,0.00617321900833,0.0139602490042,0.023577804116,0.00921766447012,0.00617321900833,0.000355873791125,0.00617321900833,0.170960947748,0.59480105836,0.162077652686
516,0.158808611025,0.0403275756519,0.0573915109229,0.00153177351706,0.244521310098,0.00735285221495,0.0119675574545,0.130516392515,0.0214811547323,0.0321176717687,0.0262796874171,0.267703902683,1,3,8,20,0.00809852532695,0.000466863869033,0.00809852532695,0.0136854612959,0.0381822787923,0.00548792351898,0.00809852532695,0.000466863869033,0.00809852532695,0.167547927517,0.582926603566,0.158841976265
517,0.0134877581296,0.0442246211686,0.00869079063865,0.194240118245,0.182126824201,0.0166020482069,0.000779145197907,0.41477915329,0.0395160120261,0.0281620033494,0.043608304421,0.0137832211254,1,3,8,20,0.00600245170142,0.000346029395708,0.00600245170142,0.0138392943529,0.0359698227936,0.00567346966999,0.00600245170142,0.000346029395708,0.00600245170142,0.169482449126,0.589657120188,0.160675978273
518,0.0650517687928,0.0377175941321,0.194503518329,0.164159361161,0.101218824898,0.0200748338867,0.0871208673323,0.010217794317,0.127009432609,0.156866519707,0.0118355064636,0.0242239783715,1,3,8,20,0.00517671748218,0.00029842746118,0.00517671748218,0.0141000464034,0.0162474322784,0.011083381516,0.00517671748218,0.00029842746118,0.00517671748218,0.172697709257,0.600843535296,0.163724170399
519,0.0616610673321,0.15165774782,0.0891823064159,0.0139540916898,0.0338728171815,0.192834147628,0.0531862629848,0.0354728360641,0.0673685852436,0.0161163310234,0.195770629857,0.0889231767606,1,3,8,20,0.00687221747142,0.000396169661515,0.00687221747142,0.0139454070182,0.0208818610749,0.0101279118771,0.00687221747142,0.000396169661515,0.00687221747142,0.170762678381,0.594111246853,0.161889685587
520,0.0189377838255,0.0547052408995,0.0755655899289,0.103201038108,0.133556264981,0.288000954701,0.00709679603518,0.0152363226757,0.0633574673923,0.0109825771289,0.0709834027579,0.158376561566,1,3,8,20,0.00985093524072,0.000567886813266,0.00985093524072,0.0137346580047,0.0232854796354,0.0100738719489,0.00985093524072,0.000567886813266,0.00985093524072,0.168109905544,0.584881816904,0.159374753374
521,0.0325927791366,0.201891963475,0.03388820014,0.025056413442,0.00270432524477,0.102997753925,0.173753451786,0.0739170502475,0.0160672024828,0.0183875279256,0.0534132675933,0.265330064602,1,3,8,20,0.00328006893606,0.000189089446827,0.00328006893606,0.0142623179388,0.0120722456178,0.0118665330985,0.00328006893606,0.000189089446827,0.00328006893606,0.174730991421,0.607917656018,0.165651801269
522,0.0673516431852,0.0232021354838,0.27658646509,0.0131155298896,0.195019885113,0.064516737573,0.00564636566383,0.0167745918664,0.0543222058301,0.015600722315,0.2529930599,0.0148706580901,1,3,8,20,0.00495462157207,0.000285624073933,0.00495462157207,0.0139632268317,0.0304342741376,0.00702026292625,0.00495462157207,0.000285624073933,0.00495462157207,0.171025961515,0.595027251876,0.162139288276
523,0.152020793007,0.0426333228657,0.0295225046226,0.0757152532055,0.0631342778927,0.0580507243153,0.116963981374,0.0321189885192,0.0527225609173,0.0308058439011,0.222007644832,0.124304104547,1,3,8,20,0.00535293397365,0.000308585991242,0.00535293397365,0.0140166287901,0.0230719226514,0.00918837226213,0.00535293397365,0.000308585991242,0.00535293397365,0.17167116811,0.597272030993,0.162750969316
524,0.0176944206966,0.0122377764814,0.0558135164714,0.0596568444323,0.0131231099879,0.125306371811,0.252515423796,0.0436631542687,0.0373827962389,0.281335998473,0.0423052797512,0.0589653075919,1,3,8,20,0.00545675710675,0.000314571188258,0.00545675710675,0.0139050543851,0.0329722927836,0.00640733162179,0.00545675710675,0.000314571188258,0.00545675710675,0.17030121403,0.59250573701,0.161452199366
525,0.146476822262,0.0861992338124,0.0733410523914,0.12126375521,0.0661297896485,0.0481596022978,0.0123044052983,0.137241371959,0.233911042316,0.00427475869776,0.0554108386564,0.0152873274512,1,3,8,20,0.0101341388383,0.00058421293709,0.0101341388383,0.013584656938,0.035754420329,0.00660337298299,0.0101341388383,0.00058421293709,0.0101341388383,0.166264773073,0.578462299692,0.157625495758
526,0.00686129789222,0.00284179255954,0.0569208697513,0.0199042135248,0.0896251846043,0.141092296852,0.107304393694,0.050095820025,0.00617946766336,0.267966536833,0.0132813945292,0.237926732072,1,3,8,20,0.00910019448333,0.000524608102577,0.00910019448333,0.0136832139347,0.0325274899528,0.007299497892,0.00910019448333,0.000524608102577,0.00910019448333,0.167496943004,0.582749220121,0.158793640957
527,0.0496040513863,0.0630375521726,0.0812982772958,0.0549438328412,0.0181668197353,0.00262887950668,0.352769615324,0.246012772702,0.00888299831526,0.0290664335177,0.0301492335676,0.0634395336361,1,3,8,20,0.00537393881796,0.000309796878717,0.00537393881796,0.0139599810537,0.0282841661903,0.00771716116821,0.00537393881796,0.000309796878717,0.00537393881796,0.170976367067,0.594854704689,0.162092270803
528,0.0786488111054,0.113447385831,0.019063811426,0.0940646775896,0.0462917291117,0.0403556640439,0.0875614758516,0.0867139739203,0.153806196578,0.102181371932,0.174027259332,0.00383764327849,1,3,8,20,0.00438468434124,0.00025276832675,0.00438468434124,0.0140324469578,0.0272528428642,0.00780109043523,0.00438468434124,0.00025276832675,0.00438468434124,0.171887702749,0.598025390367,0.162956252608
529,0.0850464415165,0.0126128046494,0.013682990595,0.0970725439731,0.00492692493124,0.0336020970319,0.224250062095,0.00510845133346,0.115692293955,0.051805936867,0.256142728814,0.100056724238,1,3,8,20,0.0057065688342,0.00032897233722,0.0057065688342,0.0139640868336,0.0259493644508,0.00844811682779,0.0057065688342,0.00032897233722,0.0057065688342,0.171018906353,0.595002705816,0.162132599707
530,0.160395594946,0.0928224019036,0.096206887272,0.00654045262385,0.336812052145,0.0137904252532,0.0123235225075,0.0434983355472,0.155312354962,0.0275232795732,0.0314466300021,0.0233280632646,1,3,8,20,0.00570135130463,0.000328671557023,0.00570135130463,0.0140010429256,0.0224992807659,0.00942376630717,0.00570135130463,0.000328671557023,0.00570135130463,0.171471985054,0.596579040611,0.162562136003
531,0.0717329945198,0.267125911749,0.124998700871,0.0556475737803,0.232736129479,0.00288609050042,0.0347977117117,0.0169613586266,0.0151318269399,0.0874881791572,0.0698453078312,0.020648214834,1,3,8,20,0.00541285341322,0.000312040227694,0.00541285341322,0.0137679757316,0.0461399215744,0.00267023554509,0.00541285341322,0.000312040227694,0.00541285341322,0.168622121053,0.586663898315,0.159860353673
532,0.080007032943,0.0295290697211,0.0806370660695,0.00338322513185,0.0371410144432,0.10916522449,0.237071680548,0.0150218753934,0.0819036380439,0.0279610172854,0.150246109124,0.147933046808,1,3,8,20,0.00983283745923,0.000566843512178,0.00983283745923,0.0136033933596,0.0357543899357,0.00654001591542,0.00983283745923,0.000566843512178,0.00983283745923,0.166501468762,0.579285802653,0.157849892513
533,0.0807763534962,0.142261764002,0.0741287563384,0.0164478421016,0.0394684034464,0.162314956045,0.174571152581,0.026747406433,0.0990207110436,0.0942461256211,0.052649571027,0.0373669578647,1,3,8,20,0.00510484188505,0.000294283976038,0.00510484188505,0.014068605838,0.0196295558266,0.01011075891,0.00510484188505,0.000294283976038,0.00510484188505,0.172314036255,0.599508674263,0.163360433415
534,0.0580103928193,0.15139809591,0.0149407969078,0.0927413878635,0.0816416089026,0.0316006723321,0.110460790645,0.0635189807831,0.143869853185,0.0947506621887,0.0838601854203,0.0732065730427,1,3,8,20,0.00599585506092,0.00034564911251,0.00599585506092,0.0140137540044,0.0195772980789,0.0103129394656,0.00599585506092,0.00034564911251,0.00599585506092,0.171620888349,0.597097099493,0.16270330214
535,0.00939851209951,0.0617407076278,0.0930455338911,0.00374770758384,0.0946874652114,0.136805030765,0.0317103259709,0.150823815451,0.18074790509,0.0136202184187,0.187259470363,0.0364133075274,1,3,8,20,0.00494494268758,0.000285066105503,0.00494494268758,0.013815700659,0.0443854395334,0.00306853896564,0.00494494268758,0.000285066105503,0.00494494268758,0.169218016438,0.588737115681,0.160425285762
536,0.159403718437,0.0455849459297,0.105202683665,0.290121452194,0.0273480076585,0.0521161235714,0.00687657706216,0.131836373223,0.014230416724,0.0487899387801,0.059823253653,0.0586665091034,1,3,8,20,0.00504757913601,0.000290982892508,0.00504757913601,0.0139931763319,0.0270691135404,0.00799251685986,0.00504757913601,0.000290982892508,0.00504757913601,0.171390865777,0.596296813399,0.162485231762
537,0.0528399663895,0.12234433548,0.136464045581,0.0958758714278,0.0142746995097,0.198268202918,0.00169878265009,0.0977337251501,0.0165421002376,0.0341109669631,0.0675297867308,0.162317516962,1,3,8,20,0.00556472014493,0.000320795042562,0.00556472014493,0.0139210694713,0.0308316369511,0.00703607404463,0.00556472014493,0.000320795042562,0.00556472014493,0.170494978403,0.593179874909,0.161635895556
538,0.0226135249037,0.0424431431657,0.230985573371,0.142651348336,0.0953861535511,0.13129755796,0.0315109961079,0.11123089317,0.055557231548,0.0137747146993,0.11106594232,0.0114829208662,1,3,8,20,0.00649582574258,0.000374471427366,0.00649582574258,0.0139119250931,0.0262396988305,0.00853190674906,0.00649582574258,0.000374471427366,0.00649582574258,0.170361111022,0.592714128427,0.161508984053
539,0.0904161738061,0.0281009622066,0.120940986436,0.0999922924746,0.221127320838,0.0319212045438,0.0656414288502,0.0384098317795,0.126956891414,0.0144347265018,0.123401109998,0.038657071151,1,3,8,20,0.00870910111347,0.00050206234808,0.00870910111347,0.0136801748267,0.0351042301262,0.00648775226361,0.00870910111347,0.00050206234808,0.00870910111347,0.167468845572,0.582651464567,0.158767003495
540,0.238151497242,0.0457767855,0.0330746098793,0.0469927979453,0.0376611006425,0.113523951198,0.0540338483186,0.0655399313388,0.240710955709,0.0338541315659,0.0276754398411,0.0630049508193,1,3,8,20,0.0064140196047,0.000369755466312,0.0064140196047,0.0139244458746,0.0255395643166,0.00871291615441,0.0064140196047,0.000369755466312,0.0064140196047,0.170516487723,0.593254709347,0.161656287232
541,0.103657805965,0.0555425234426,0.0152468177335,0.0134960829125,0.176647657144,0.103385638583,0.194852326003,0.0016701700078,0.0133464241995,0.0571020120383,0.160807409688,0.104245132282,1,3,8,20,0.00562241416667,0.000324120988104,0.00562241416667,0.0138827096131,0.0341065938985,0.00612104052272,0.00562241416667,0.000324120988104,0.00562241416667,0.17002346631,0.591539407329,0.161188883684
542,0.0592560249986,0.00168338240926,0.00481368678665,0.141838156725,0.012656490573,0.00507444824209,0.075092895731,0.0489299198667,0.126374344547,0.25284244192,0.224409786983,0.0470284212185,1,3,8,20,0.00553685184745,0.00031918849067,0.00553685184745,0.013920850528,0.0310154733206,0.00697816758554,0.00553685184745,0.00031918849067,0.00553685184745,0.17049294703,0.593172807429,0.161633969735
543,0.0504271657963,0.063168219115,0.0306627460783,0.160081372194,0.0222087186718,0.0297789062609,0.270559547363,0.0328557435332,0.0369858068384,0.200095226022,0.0896369797707,0.0135395683561,1,3,8,20,0.00525787788466,0.000303106196874,0.00525787788466,0.0140817465904,0.0174956360287,0.0107470734485,0.00525787788466,0.000303106196874,0.00525787788466,0.172471516299,0.600056573056,0.163509730645
544,0.0523446786779,0.190722108093,0.0427598428885,0.0541383274725,0.0460671112128,0.0937488889852,0.238055592928,0.00295248170898,0.154015182102,0.0998492717475,0.016225370363,0.00912114382014,1,3,8,20,0.00775866050404,0.000447271338324,0.00775866050404,0.0136968937533,0.0390960123519,0.00515776229492,0.00775866050404,0.000447271338324,0.00775866050404,0.167696003727,0.583441784886,0.158982358293
545,0.134845794591,0.00453570072301,0.0919443985481,0.149868172612,0.0159528194507,0.106969103277,0.0207504366308,0.120739058657,0.224546243413,0.00692159967929,0.0864908800106,0.0364357924072,1,3,8,20,0.00875381702318,0.000504640131291,0.00875381702318,0.0135767703408,0.0445813034667,0.00381411974896,0.00875381702318,0.000504640131291,0.00875381702318,0.166200410181,0.578238370682,0.157564477225
546,0.0759433531292,0.0609847434692,0.288556879086,0.0361476999587,0.0257166939712,0.228675436457,0.0261043850705,0.0512854634947,0.0174080043647,0.151929212444,0.010274801714,0.0269733268414,1,3,8,20,0.00878188217353,0.000506258031359,0.00878188217353,0.0137179744855,0.0311178841501,0.00763162557961,0.00878188217353,0.000506258031359,0.00878188217353,0.167930438347,0.584257421216,0.159204611465
547,0.0240471946057,0.0447290063548,0.0393376270966,0.131025795391,0.127107641718,0.0126290425465,0.0235619894988,0.0652394378017,0.0908580225353,0.0245759736037,0.395225198993,0.0216630698538,1,3,8,20,0.00897426289675,0.000517348397214,0.00897426289675,0.0137648038279,0.0255806375874,0.00923972406944,0.00897426289675,0.000517348397214,0.00897426289675,0.1684999058,0.586238691491,0.159744488843
548,0.0855509776703,0.119008143291,0.0280025926861,0.103715378781,0.131670354994,0.0599428436286,0.0676061171128,0.0975432537882,0.121237871602,0.158848706875,0.0125713696269,0.0143023899446,1,3,8,20,0.0060889555201,0.000351016168712,0.0060889555201,0.0139411320928,0.0258717990049,0.00855049468491,0.0060889555201,0.000351016168712,0.0060889555201,0.170728610917,0.593992720582,0.161857388301
549,0.0585627662522,0.0128172068414,0.0208507542175,0.0254932271825,0.247606344468,0.0120479989692,0.123327571934,0.286600221265,0.026878350543,0.129060073689,0.0193322091199,0.0374232755184,1,3,8,20,0.00622979456545,0.000359135259407,0.00622979456545,0.0139385571601,0.0252894655217,0.00874497741417,0.00622979456545,0.000359135259407,0.00622979456545,0.170693755265,0.593871452076,0.161824343782
550,0.00365767069342,0.0745322618796,0.0462823251725,0.143139910238,0.124751813689,0.222916353194,0.0660490853939,0.188733473313,0.0597940753833,0.00725435236583,0.0163359982229,0.0465526804541,1,3,8,20,0.00454494294398,0.000262006916284,0.00454494294398,0.0140017576794,0.0292046728803,0.00728221492178,0.00454494294398,0.000262006916284,0.00454494294398,0.171507805948,0.596703667352,0.16259609561
551,0.0190892116018,0.0521647668474,0.011245876385,0.00350441966724,0.271241449262,0.106511947021,0.141298169689,0.0972860198112,0.028006480659,0.0238989892845,0.0974651315932,0.148287538179,1,3,8,20,0.0060282013092,0.000347513809355,0.0060282013092,0.0140262003224,0.0182156231516,0.0107052433457,0.0060282013092,0.000347513809355,0.0060282013092,0.171772681167,0.597625211499,0.162847207658
552,0.0712795269243,0.128324749547,0.0770464904609,0.008536958286,0.022990008563,0.145785847454,0.123870337486,0.0977927020727,0.0175281770148,0.0339763517711,0.129041060867,0.143827789553,1,3,8,20,0.00907441084928,0.000523121727383,0.00907441084928,0.0135959545077,0.0408968638596,0.00492463757884,0.00907441084928,0.000523121727383,0.00907441084928,0.16642804111,0.57903033586,0.157780280232
553,0.211662263924,0.121188401685,0.00950395313412,0.1210102305,0.016540939278,0.0179768859012,0.185869492165,0.159046666141,0.0215042457173,0.0390390679434,0.0607858935393,0.0358719600715,1,3,8,20,0.00640687715644,0.000369343718383,0.00640687715644,0.0139138850506,0.0265760469717,0.00841797737806,0.00640687715644,0.000369343718383,0.00640687715644,0.170387214901,0.592804948086,0.16153373155
554,0.114152437875,0.126662523846,0.0544484936281,0.00801268007757,0.127567708857,0.0420151934604,0.0542274923419,0.0115542091028,0.0398052070268,0.18080913675,0.0187315458869,0.222013371148,1,3,8,20,0.00511951266545,0.000295129717333,0.00511951266545,0.0141750896032,0.00951465763194,0.0129774542436,0.00511951266545,0.000295129717333,0.00511951266545,0.173618823515,0.604048242235,0.164597422675
555,0.0385978557905,0.0076789690103,0.0873121069482,0.00566569136791,0.0295310881495,0.0540238758404,0.0333237595318,0.160124189546,0.185347440151,0.173860440496,0.0872219904614,0.137312592706,1,3,8,20,0.00362836505238,0.000209168024823,0.00362836505238,0.0142680262668,0.00949475957417,0.0126694893435,0.00362836505238,0.000209168024823,0.00362836505238,0.17479280593,0.60813271879,0.165710403837
556,0.0650349917998,0.081144296567,0.0360371897946,0.430589910328,0.0537457742011,0.113699434166,0.0903184170313,0.0112288972089,0.0137276687697,0.0386644679989,0.0290235774142,0.0367853747205,1,3,8,20,0.00773912345068,0.000446145066076,0.00773912345068,0.0137793502838,0.031444418976,0.00731988185985,0.00773912345068,0.000446145066076,0.00773912345068,0.168707098888,0.58695955008,0.159940915978
557,0.188290568976,0.197178380846,0.0126395020988,0.110832323915,0.0271424505822,0.137633432619,0.00185489602172,0.0762952616459,0.046216005374,0.103556734319,0.0971661203613,0.00119432324073,1,3,8,20,0.00567651889396,0.000327240017964,0.00567651889396,0.0138730985483,0.0346949203421,0.0059658591019,0.00567651889396,0.000327240017964,0.00567651889396,0.169904401111,0.591125160057,0.161076005228
558,0.033631562119,0.209191927099,0.163716440887,0.0161281700024,0.0465889893953,0.0951643705024,0.0808397589261,0.0282480171024,0.0614492371121,0.0446364169788,0.0563860717493,0.164019038126,1,3,8,20,0.00446931074843,0.000257646870719,0.00446931074843,0.0138966128668,0.0395504956053,0.00433732238617,0.00446931074843,0.000257646870719,0.00446931074843,0.170220856238,0.592226159127,0.161376017042
559,0.0356783652649,0.0960233462983,0.135343299374,0.0888103955423,0.0713257350043,0.00859480582731,0.250019123323,0.0113684028073,0.0196388756681,0.083452814103,0.0718389003481,0.127905936439,1,3,8,20,0.00399000781787,0.000230016010585,0.00399000781787,0.0140407984827,0.028777762754,0.00728637012564,0.00399000781787,0.000230016010585,0.00399000781787,0.171999299771,0.598413654632,0.163062050941
560,0.105235260791,0.14470017564,0.00996755927587,0.13319314385,0.0277518583118,0.0623627465929,0.0542075800188,0.156165270485,0.0232405325423,0.209796271128,0.0699271696267,0.00345243173658,1,3,8,20,0.00717660307784,0.000413716885997,0.00717660307784,0.0137091880831,0.0413470158223,0.0043980743736,0.00717660307784,0.000413716885997,0.00717660307784,0.167860310984,0.584013436667,0.159138127987
561,0.0814959454897,0.0419712119586,0.0520708843581,0.0696623778988,0.0527276807303,0.0510502122202,0.0357836414788,0.112263287309,0.036591487948,0.016653234336,0.426826291235,0.0229037450384,1,3,8,20,0.0054813736645,0.000315990283825,0.0054813736645,0.0140581621954,0.0184079460629,0.0105357936956,0.0054813736645,0.000315990283825,0.0054813736645,0.172177221546,0.599032673545,0.16323072773
562,0.170264125638,0.0221862624133,0.00502727362124,0.00779249293285,0.0426988272818,0.0337231666525,0.0541197247388,0.233994809346,0.0842589588746,0.259814989231,0.0754014813131,0.0107178879568,1,3,8,20,0.00552728966739,0.000318637250019,0.00552728966739,0.0140666574486,0.0173389211994,0.0108480997708,0.00552728966739,0.000318637250019,0.00552728966739,0.172280270143,0.599391196445,0.163328421823
563,0.00128622956124,0.027822923209,0.134151455336,0.105610370988,0.0301035090555,0.083580716071,0.173222216918,0.0834732803324,0.0109926912085,0.187883035289,0.0797348535292,0.0821387185022,1,3,8,20,0.00861017259093,0.000496359315624,0.00861017259093,0.0136497882781,0.0385455232957,0.0054926888473,0.00861017259093,0.000496359315624,0.00861017259093,0.167098724299,0.581363752208,0.158416114078
564,0.180116014869,0.0483953323338,0.0855302100242,0.00433064819161,0.104322420143,0.066950576568,0.0585150977722,0.0816219267311,0.0523277674522,0.238597429175,0.0215881824422,0.0577043942981,1,3,8,20,0.00570666720991,0.000328978008384,0.00570666720991,0.0140163818384,0.0210234801403,0.00984269544109,0.00570666720991,0.000328978008384,0.00570666720991,0.171659863815,0.597232701505,0.162740252404
565,0.116246173832,0.0408542787578,0.164972934793,0.131961896967,0.0033114954461,0.145331053524,0.0147710076965,0.120052096795,0.121136305945,0.126104742505,0.0136260911568,0.00163192258225,1,3,8,20,0.00622259309882,0.000358720109186,0.00622259309882,0.0138645078127,0.032305842806,0.00675706940521,0.00622259309882,0.000358720109186,0.00622259309882,0.169786329406,0.590714369314,0.160964068642
566,0.0529526192051,0.0380994865354,0.100144769793,0.194657674447,0.103007236791,0.0529680110602,0.107962026171,0.126458526757,0.0307229486099,0.0063019198465,0.159542322154,0.0271824586296,1,3,8,20,0.00328274427911,0.00018924367503,0.00328274427911,0.0140842247202,0.0288299568946,0.00712285134128,0.00328274427911,0.00018924367503,0.00328274427911,0.172548108722,0.600323050603,0.163582343252
567,0.0401787489071,0.12664225814,0.155955379588,0.0984868399824,0.0547009517764,0.000541409415598,0.228106795953,0.0369989910164,0.0813406253544,0.0935326447395,0.0662600355772,0.0172553195498,1,3,8,20,0.0068986787528,0.000397695101728,0.0068986787528,0.0138594356644,0.0288239386091,0.00788501009457,0.0068986787528,0.000397695101728,0.0068986787528,0.169708341353,0.59044303614,0.160890132924
568,0.102495047142,0.0727260866332,0.00583581474614,0.0604640550746,0.0308605064162,0.0373689254552,0.175097625333,0.130212945929,0.0747388201132,0.204399855911,0.0394609733824,0.0663393438649,1,3,8,20,0.00502954360696,0.00028994318015,0.00502954360696,0.0139854690614,0.0279006367964,0.00775331286997,0.00502954360696,0.00028994318015,0.00502954360696,0.171296822766,0.595969622403,0.162396075316
569,0.0510659251436,0.0607446212408,0.0673784477534,0.0157085374215,0.0108201573349,0.391975634982,0.100242787956,0.00104180249624,0.00833177450122,0.0167784130011,0.0569426249345,0.218969273235,1,3,8,20,0.00534707129019,0.000308248019208,0.00534707129019,0.0141261450326,0.0127916740597,0.0120975613152,0.00534707129019,0.000308248019208,0.00534707129019,0.173013603769,0.601942583895,0.164023650729
570,0.172688792291,0.172242519764,0.128301876643,0.00579018887796,0.0226795677136,0.0194968725903,0.0140030776815,0.0441348387712,0.165323042025,0.208841529034,0.0339515257307,0.0125461688784,1,3,8,20,0.00856845092393,0.000493954144547,0.00856845092393,0.0136035959166,0.0431404156076,0.00418306310833,0.00856845092393,0.000493954144547,0.00856845092393,0.166533538592,0.579397378828,0.157880295963
571,0.032646973202,0.0698391799583,0.0101962149033,0.045373613917,0.195736531448,0.201854478751,0.0142707132845,0.138180009642,0.183533019926,0.0838474524538,0.0161477815974,0.00837403091667,1,3,8,20,0.00792161271885,0.000456665209232,0.00792161271885,0.0137891643901,0.0294513149063,0.00792252453713,0.00792161271885,0.000456665209232,0.00792161271885,0.168823116291,0.587363193575,0.160050905006
572,0.0555432639293,0.0322323561263,0.127268406391,0.0369744843419,0.0663318510887,0.0214348529373,0.0540274677174,0.26950564969,0.120062380404,0.0897167410028,0.103480527674,0.0234220186985,1,3,8,20,0.00570352950299,0.000328797125824,0.00570352950299,0.0140478414323,0.0180788931045,0.0106756721069,0.00570352950299,0.000328797125824,0.00570352950299,0.172045525383,0.598574481084,0.163105874626
573,0.02328690659,0.0414588780088,0.160947407289,0.145367099594,0.333847272715,0.0219706485854,0.054686182324,0.0163009352821,0.032911911237,0.0446358982386,0.0275629407602,0.0970239193762,1,3,8,20,0.00630104641869,0.000363242786955,0.00630104641869,0.0138310554988,0.0349970112898,0.00601167696457,0.00630104641869,0.000363242786955,0.00630104641869,0.16937448142,0.589281482906,0.160573620673
574,0.109647065143,0.0301644776018,0.081402563486,0.00136219955474,0.269905077056,0.0769546562412,0.0149836360553,0.119364138083,0.0779511124648,0.0483624810325,0.149181628665,0.0207209646167,1,3,8,20,0.00402023637191,0.000231758626571,0.00402023637191,0.0141678952704,0.016630348373,0.0107317592304,0.00402023637191,0.000231758626571,0.00402023637191,0.173556368862,0.603830952297,0.164538213226
575,0.118314772942,0.0757730093756,0.0407069013367,0.053957254748,0.155048477479,0.154654669236,0.0560788046438,0.037001314306,0.110082166309,0.0896452592118,0.0778000679374,0.0309373024742,1,3,8,20,0.00635547548623,0.000366380514385,0.00635547548623,0.0139794732252,0.0206997892069,0.0100707836481,0.00635547548623,0.000366380514385,0.00635547548623,0.171192306755,0.595605994133,0.162296990058
576,0.0375726505378,0.0118519630105,0.0354764926993,0.0122991302807,0.0669201630369,0.0368343213261,0.152448119177,0.115818802112,0.0939067997728,0.0404139406127,0.393717744918,0.00273987251558,1,3,8,20,0.0053683624248,0.000309475410749,0.0053683624248,0.0140164112727,0.0230020496765,0.00921139857507,0.0053683624248,0.000309475410749,0.0053683624248,0.17166814105,0.597261499359,0.162748099546
577,0.0227503127917,0.105924932956,0.0202670111162,0.0291315640649,0.0774127543758,0.171418363739,0.312897600142,0.0314956354337,0.00160626191009,0.133509352324,0.0681876386486,0.0253985724976,1,3,8,20,0.00552518398808,0.000318515861797,0.00552518398808,0.0138159416768,0.0409644540193,0.00415907637903,0.00552518398808,0.000318515861797,0.00552518398808,0.169207392616,0.588700153669,0.160415213964
578,0.0720209555862,0.0353347733737,0.0770966134884,0.00809906270643,0.265821527003,0.092768422164,0.0879264392083,0.0499506520467,0.0640256676435,0.057318226906,0.135917152515,0.0537205073593,1,3,8,20,0.00777102833958,0.00044798431943,0.00777102833958,0.0137325709197,0.0356633901036,0.00613216661809,0.00777102833958,0.00044798431943,0.00777102833958,0.168132995624,0.584962151065,0.159396643672
579,0.115006498182,0.0148391456604,0.308871683685,0.0746361133296,0.0383686966232,0.0833685197968,0.0779007589258,0.00261045554797,0.178361808062,0.0883514549753,0.00171965904986,0.0159652061622,1,3,8,20,0.00404628143985,0.000233260072908,0.00404628143985,0.0142379723641,0.00987772957228,0.0126489580007,0.00404628143985,0.000233260072908,0.00404628143985,0.174414667385,0.606817113038,0.165351913734
580,0.0277875517672,0.022338154836,0.0277612591368,0.00729008808264,0.0339499221115,0.0484426290521,0.31722260833,0.0722991203187,0.0350251962388,0.0379998773755,0.0211637860505,0.3487198067,1,3,8,20,0.00366340145477,0.000211187803699,0.00366340145477,0.0139493189096,0.0393064247637,0.00423693277414,0.00366340145477,0.000211187803699,0.00366340145477,0.170885712545,0.594539302804,0.162006326777
581,0.00100965295233,0.00847649732967,0.0176597185071,0.125929650968,0.00516408688644,0.0577148834867,0.09946473893,0.201599380943,0.121743094185,0.101002823055,0.092758167424,0.167477305333,1,3,8,20,0.00828173769332,0.000477425697362,0.00828173769332,0.013744427973,0.0315555959453,0.00740252211822,0.00828173769332,0.000477425697362,0.00828173769332,0.168266372157,0.585426189806,0.159523089832
582,0.150992378889,0.144668082243,0.0499870140564,0.0275787485448,0.116948471574,0.155797595041,0.184578922502,0.0456895830079,0.0687717707109,0.0126587564861,0.0225657415465,0.0197629353987,1,3,8,20,0.00826839275905,0.000476656388458,0.00826839275905,0.01386213828,0.0205474256928,0.0105162181489,0.00826839275905,0.000476656388458,0.00826839275905,0.169709414401,0.590446769449,0.160891150215
583,0.0584326994591,0.180785839627,0.170244627115,0.0420625976249,0.00163352127532,0.0236194184371,0.0197230149256,0.235031959424,0.0160053396699,0.00533581806663,0.23449333245,0.0126318319256,1,3,8,20,0.0054282709615,0.000312929018671,0.0054282709615,0.0139800475297,0.0260760365156,0.008353727053,0.0054282709615,0.000312929018671,0.0054282709615,0.171221042753,0.595705971361,0.162324232905
584,0.159719172198,0.190629959626,0.19850593199,0.00718137365901,0.0361052426255,0.00858418129433,0.0238104802377,0.0970685620368,0.0331597644819,0.141100211475,0.0947562986437,0.00937882173155,1,3,8,20,0.00572289825652,0.000329913695921,0.00572289825652,0.0139278159891,0.0292698306071,0.00751150002985,0.00572289825652,0.000329913695921,0.00572289825652,0.170573966445,0.593454687207,0.161710779304
585,0.124805913308,0.082881295705,0.0154658289307,0.0402229724592,0.0268732529334,0.068920821223,0.154430813122,0.198414766808,0.0250297864108,0.133279200284,0.0364763368337,0.0931990119811,1,3,8,20,0.0048552706428,0.000279896690569,0.0048552706428,0.0138755429044,0.0392744886731,0.00449663211186,0.0048552706428,0.000279896690569,0.0048552706428,0.169953578191,0.591296255149,0.161122627019
586,0.00657565546357,0.140424905217,0.0887904481919,0.0786859079428,0.0183635594776,0.079189840985,0.070036585552,0.225694679629,0.118390493953,0.00621238030546,0.0760743750785,0.0915611682041,1,3,8,20,0.00738888475197,0.00042595450207,0.00738888475197,0.0138962902496,0.0224818797266,0.0097835921246,0.00738888475197,0.00042595450207,0.00738888475197,0.17014858281,0.591974708067,0.161307499011
587,0.133738819858,0.217923080406,0.0791973143566,0.071755233436,0.0403385471952,0.0296065654357,0.084894589919,0.0594137896255,0.0991732392616,0.0985824084703,0.00893016241798,0.0764462496179,1,3,8,20,0.00423141894095,0.000243932881422,0.00423141894095,0.0140173173747,0.0295754205228,0.00711131707705,0.00423141894095,0.000243932881422,0.00423141894095,0.17170585174,0.597392701007,0.162783850752
588,0.0473167969623,0.029005814604,0.0833560632495,0.00553853565996,0.0949530319824,0.210204382002,0.00666677804095,0.125810419504,0.108160626965,0.270164841696,0.00273913549184,0.0160835738431,1,3,8,20,0.00431329057455,0.000248652618174,0.00431329057455,0.014149001571,0.0166934927344,0.0107755137844,0.00431329057455,0.000248652618174,0.00431329057455,0.173317938465,0.603001414008,0.164312171902
589,0.0577798651415,0.0491829530686,0.0418447184197,0.0170649969102,0.0888792131505,0.0554363496563,0.141760197294,0.0416308659145,0.177421775449,0.0599835893638,0.0195273673859,0.249488108245,1,3,8,20,0.00598841753769,0.000345220354097,0.00598841753769,0.0139901564469,0.0218433494849,0.00966983771616,0.00598841753769,0.000345220354097,0.00598841753769,0.171331836203,0.596091439869,0.162429269421
590,0.0595175931203,0.0555776637114,0.0854962026535,0.0575213952007,0.148755715678,0.0903485658824,0.0890658622435,0.109156550774,0.0830152568016,0.0222785284026,0.197365040183,0.00190162534937,1,3,8,20,0.00576966573373,0.000332609747915,0.00576966573373,0.0138600916764,0.0353744175557,0.00579307730877,0.00576966573373,0.000332609747915,0.00576966573373,0.169742801209,0.590562927607,0.160922802212
591,0.00928366883847,0.00911951398487,0.0634051202079,0.0803394549643,0.143593337211,0.0684469270023,0.20613991025,0.132639400191,0.0632026795317,0.0455884496956,0.168717948382,0.00952358974069,1,3,8,20,0.00963056929118,0.000555183154803,0.00963056929118,0.0137218402005,0.0257833128897,0.00932037061656,0.00963056929118,0.000555183154803,0.00963056929118,0.167957959302,0.584353171112,0.159230702405
592,0.139604561043,0.0590433922086,0.0550356134998,0.0688717860707,0.0701094041192,0.0100973630922,0.0441031208068,0.216993574988,0.0980186329772,0.14738764,0.0437462363415,0.0469886748526,1,3,8,20,0.00569737023581,0.000328442056328,0.00569737023581,0.0140195352999,0.020780926588,0.00990940911,0.00569737023581,0.000328442056328,0.00569737023581,0.171698732132,0.597367930728,0.162777101086
593,0.0521401548675,0.132792008408,0.183540399668,0.0632000271941,0.136288108108,0.0819093358011,0.140529571374,0.00884789487231,0.0746459614125,0.00864120160244,0.0259335289432,0.0915318077487,1,3,8,20,0.0052741916489,0.000304046652918,0.0052741916489,0.0138542407395,0.038827308725,0.00471133425074,0.0052741916489,0.000304046652918,0.0052741916489,0.169682682823,0.590353765924,0.160865807635
594,0.0217469566938,0.0593694129089,0.0640891220631,0.00288639051269,0.091770443913,0.0433858774202,0.222783386605,0.283377667134,0.0636022548843,0.0693590782228,0.0529162342534,0.0247131753889,1,3,8,20,0.00366448475867,0.000211250254012,0.00366448475867,0.0140573332276,0.0291269517484,0.00711905222873,0.00366448475867,0.000211250254012,0.00366448475867,0.172209577154,0.599145243989,0.163261402109
595,0.0730177962238,0.0460312345263,0.0145130810827,0.16342990212,0.047305458528,0.0367828534893,0.0924722981729,0.052214622876,0.127427297582,0.0505808395604,0.2557746737,0.0404499421383,1,3,8,20,0.00523295180192,0.000301669257806,0.00523295180192,0.0140532968045,0.0203211104217,0.00994191654034,0.00523295180192,0.000301669257806,0.00523295180192,0.172123401494,0.598845424796,0.16317970422
596,0.0854710958867,0.139860915773,0.0432328565109,0.00211528091644,0.00474160563539,0.0410788183883,0.108130184515,0.11805958376,0.112735497994,0.105847976071,0.217114029459,0.0216121550901,1,3,8,20,0.00787584167452,0.000454026599611,0.00787584167452,0.0139645106518,0.0132047182696,0.0125124422705,0.00787584167452,0.000454026599611,0.00787584167452,0.170973339052,0.594844169732,0.162089400127
597,0.15116507254,0.0800383377644,0.0466553984353,0.257471866217,0.0022438349369,0.267555266366,0.0601611232308,0.0613975396955,0.0166305329241,0.0141889853914,0.02049815061,0.0219938918876,1,3,8,20,0.00707057417991,0.000407604531029,0.00707057417991,0.0140205924999,0.0126389446498,0.0125032643069,0.00707057417991,0.000407604531029,0.00707057417991,0.171679556288,0.597301214836,0.162758921637
598,0.028235013156,0.0390964235567,0.165575518905,0.169753558464,0.0478452445593,0.070065581412,0.0199088565358,0.00813783375728,0.0325232647993,0.205918059875,0.144238681192,0.0687019637879,1,3,8,20,0.00680711292327,0.000392416513872,0.00680711292327,0.0137666822695,0.03809601675,0.00524075243788,0.00680711292327,0.000392416513872,0.00680711292327,0.168573641339,0.586495229471,0.159814393012
599,0.0198653557415,0.00682966724208,0.137977040091,0.0515348447074,0.108348546502,0.0589309691521,0.134902406064,0.0281107804079,0.0395865631664,0.0968319340777,0.296624190234,0.0204577026142,1,3,8,20,0.00516517514025,0.000297762068137,0.00516517514025,0.0140027236097,0.0254811990848,0.0084667995784,0.00516517514025,0.000297762068137,0.00516517514025,0.171505131296,0.596694361799,0.162593559935
600,0.12429187945,0.00328450008673,0.0217669393201,0.00749952298304,0.0694833997455,0.0423367142303,0.0776423065386,0.207253772209,0.156213924647,0.192730370402,0.00965022541506,0.0878464449735,1,3,8,20,0.00714499157604,0.000411894545825,0.00714499157604,0.0138997781561,0.023581781191,0.00942090872399,0.00714499157604,0.000411894545825,0.00714499157604,0.170197039939,0.592143298333,0.161353438261
601,0.0570132022794,0.0359821770877,0.132228873322,0.151511522949,0.118984474858,0.015126486992,0.0467709493791,0.0286267162273,0.198141041026,0.0782357586297,0.109267774535,0.0281110227151,1,3,8,20,0.00571987129605,0.000329739197673,0.00571987129605,0.0139423683778,0.0279169687671,0.00789386963353,0.00571987129605,0.000329739197673,0.00571987129605,0.170752400309,0.594075487761,0.161879941573
602,0.0969009091672,0.0600039132424,0.161295955183,0.213662572835,0.0117876720663,0.0506210473967,0.0636114743436,0.0271855153836,0.0811043420083,0.000962355993696,0.067471727185,0.165392515195,1,3,8,20,0.00681990507595,0.000393153956018,0.00681990507595,0.013843957818,0.0307430428612,0.0073251294423,0.00681990507595,0.000393153956018,0.00681990507595,0.169520478678,0.589789431211,0.160712031773
603,0.045280098347,0.0932094937629,0.0546100573489,0.136024715885,0.0415004881879,0.0611177906795,0.058042752185,0.20029233998,0.00902325273839,0.045466395646,0.20765593982,0.0477766754198,1,3,8,20,0.00477852599404,0.00027547251429,0.00477852599404,0.0140336991869,0.0248283007686,0.00857032553164,0.00477852599404,0.00027547251429,0.00477852599404,0.171893834782,0.598046724711,0.162962066015
604,0.0295757871504,0.135775991405,0.11708092681,0.0797952311835,0.0367440042039,0.0149407796116,0.168462124351,0.00872571003452,0.0472892803171,0.123217356798,0.166533462407,0.0718593457274,1,3,8,20,0.00431420384344,0.000248705266309,0.00431420384344,0.0139567449449,0.0347954782122,0.00565088648829,0.00431420384344,0.000248705266309,0.00431420384344,0.17096150156,0.594802985165,0.162078177723
605,0.0282678617017,0.0400281716878,0.00289004354656,0.0369137853162,0.113116978054,0.0264236531679,0.000266859585041,0.0449197438094,0.215574432312,0.179194081538,0.0129462768334,0.299458112448,1,3,8,20,0.00731353810296,0.000421610917695,0.00731353810296,0.0137141152679,0.0400809738891,0.0047852994863,0.00731353810296,0.000421610917695,0.00731353810296,0.167917497256,0.584212397048,0.159192342806
606,0.0160676416069,0.0925052273467,0.133254296249,0.0760621906919,0.258150706446,0.0357461408947,0.0387142381263,0.0244408352742,0.0294865253577,0.0411401738689,0.152239684307,0.10219233983,1,3,8,20,0.00518370747235,0.000298830420203,0.00518370747235,0.0139790668112,0.027600732953,0.00787063976821,0.00518370747235,0.000298830420203,0.00518370747235,0.17121474535,0.595684061667,0.162318262721
607,0.0867072968417,0.0240252415122,0.0433896539054,0.0865552076466,0.031404012124,0.0325762207251,0.0657329398362,0.00128977861756,0.146098105206,0.35126955313,0.0365898780962,0.0943621123592,1,3,8,20,0.00430938039925,0.00024842720435,0.00430938039925,0.0140575238966,0.0253320486824,0.00832904597838,0.00430938039925,0.00024842720435,0.00430938039925,0.172196823287,0.599100871204,0.163249310946
608,0.070431229516,0.0248109294908,0.0120502116016,0.113438069465,0.0573728258688,0.0209209114248,0.251465189772,0.0673504033197,0.00818202512759,0.0258757386046,0.162291194998,0.185811270811,1,3,8,20,0.0060889500938,0.000351015855897,0.0060889500938,0.0137703542843,0.0419562223336,0.00399686243997,0.0060889500938,0.000351015855897,0.0060889500938,0.168635453118,0.586710282746,0.159872992991
609,0.0522744361009,0.0978454399576,0.0722926903766,0.193929602302,0.0625675117318,0.0806992334838,0.0912419913036,0.0228440049479,0.0220624958811,0.0527702046276,0.118912978079,0.132559411208,1,3,8,20,0.00833691722396,0.000480606687496,0.00833691722396,0.013888289714,0.0176830756896,0.0113415500865,0.00833691722396,0.000480606687496,0.00833691722396,0.17002833897,0.591556360112,0.161193503157
610,0.0561690198667,0.217148461716,0.0566543874369,0.141997096258,0.10894445352,0.084843027291,0.120095875184,0.000802064387205,0.0662409406759,0.0076730237399,0.0179435089144,0.121488141009,1,3,8,20,0.00475398539255,0.00027405779745,0.00475398539255,0.013980646824,0.0299686656586,0.00710988535964,0.00475398539255,0.00027405779745,0.00475398539255,0.171244166632,0.595786423115,0.162346155246
611,0.0165662554057,0.147876053984,0.10803342666,0.0184184299875,0.261581998166,0.100819441665,0.110788129989,0.0464299127441,0.0197029375904,0.00673747296735,0.0606482920093,0.102397648831,1,3,8,20,0.00716253358375,0.000412905807661,0.00716253358375,0.0137709226955,0.0356150561875,0.00601787987257,0.00716253358375,0.000412905807661,0.00716253358375,0.16861729762,0.586647116804,0.15985578087
612,0.00860898447594,0.336172301833,0.0630617761244,0.0675999277146,0.027177911473,0.0293999899317,0.245610343594,0.00636022233259,0.134925897703,0.016470638566,0.00413086647905,0.0604811397731,1,3,8,20,0.0053675081791,0.000309426165184,0.0053675081791,0.0139629512219,0.0280420885735,0.00778434290514,0.0053675081791,0.000309426165184,0.0053675081791,0.171012921756,0.594981884422,0.162126926075
613,0.0177677473614,0.0187390680473,0.150054817742,0.0958110886657,0.135045370143,0.0896601849648,0.0771758508071,0.0912547149209,0.0872706892136,0.20895436397,0.0261587075388,0.00210739662599,1,3,8,20,0.00859673585306,0.000495584714425,0.00859673585306,0.0138169819058,0.02287739581,0.00992563737619,0.00859673585306,0.000495584714425,0.00859673585306,0.169148266724,0.588494445033,0.16035916031
614,0.00434074113085,0.00340207633063,0.0807104679637,0.0396608384996,0.0136950531318,0.132874184225,0.109157690057,0.157803524888,0.313252527156,0.0417134609739,0.0801955865234,0.0231938491202,1,3,8,20,0.00587364776001,0.000338604104805,0.00587364776001,0.0138663240118,0.034178447483,0.00615353427414,0.00587364776001,0.000338604104805,0.00587364776001,0.169816755325,0.590820226055,0.160992913601
615,0.0468828598663,0.0264060081217,0.0994959111275,0.130546534095,3.78432771449e-05,0.132309383161,0.0957326359232,0.0171303238177,0.0242647917108,0.00220985205716,0.133749323429,0.291234533414,1,3,8,20,0.00431061570748,0.000248498417411,0.00431061570748,0.0140556727467,0.025499161002,0.00828199491458,0.00431061570748,0.000248498417411,0.00431061570748,0.172174105548,0.599021832481,0.163227773643
616,0.130154912022,0.121027459076,0.0745219069172,0.0363973320757,0.143695603031,0.059909192563,0.0699233692398,0.00413101686719,0.00525320595381,0.180079079265,0.118134207174,0.0567727158166,1,3,8,20,0.00610561595298,0.000351976609513,0.00610561595298,0.0139007837519,0.0295743579836,0.00750577391402,0.00610561595298,0.000351976609513,0.00610561595298,0.170233686958,0.592270799296,0.161388181066
617,0.236346058405,0.0367534069977,0.0146415069268,0.0233724142268,0.128975856294,0.0291248283666,0.0901046143175,0.125574142902,0.110395127595,0.0791885332396,0.102661660232,0.0228618504973,1,3,8,20,0.00496401567437,0.000286165625236,0.00496401567437,0.0140114233816,0.0258399531368,0.00832292822182,0.00496401567437,0.000286165625236,0.00496401567437,0.171616468269,0.597081721312,0.162699111731
618,0.0669964842718,0.0342806003057,0.102808549817,0.0344141549037,0.119843820884,0.00870353226087,0.255259650647,0.0825676486921,0.09264179931,0.0925589597005,0.0291323486868,0.0807924505215,1,3,8,20,0.00319985063006,0.00018446502112,0.00319985063006,0.0140872251264,0.0290328504909,0.00704797743101,0.00319985063006,0.00018446502112,0.00319985063006,0.172586823293,0.600457744919,0.163619046177
619,0.0551795498898,0.125954432388,0.140826219658,0.0397040382091,0.0687980405758,0.0142238496907,0.121296309842,0.0723111821877,0.0223002132948,0.193703228773,0.00460654440112,0.141096391091,1,3,8,20,0.00354794103194,0.000204531740089,0.00354794103194,0.0140628652244,0.0292884898039,0.0070488095747,0.00354794103194,0.000204531740089,0.00354794103194,0.172280107883,0.599390631913,0.163328267994
620,0.408710204028,0.0522537302512,0.114078952709,0.0737053527533,0.120177415208,0.0265819538797,0.0444487567018,0.00704375462909,0.0197960476004,0.0185917676971,0.10322396133,0.0113881032115,1,3,8,20,0.00551545630054,0.000317955079968,0.00551545630054,0.0138331580815,0.0393999307559,0.00459995984652,0.00551545630054,0.000317955079968,0.00551545630054,0.1694186351,0.589435100769,0.160615480085
621,0.34011372225,0.0309471436053,0.0956723469902,0.0536168216741,0.0115738718466,0.0102709341629,0.336767445986,0.0295635566114,0.00330904113302,0.0284112917475,0.00670389556965,0.0530499284243,1,3,8,20,0.00362322892046,0.000208871937039,0.00362322892046,0.0139281628185,0.041534249557,0.00359776890048,0.00362322892046,0.000208871937039,0.00362322892046,0.170627350526,0.593640419145,0.161761389497
622,0.040148335711,0.0930450974846,0.0775340686772,0.043024626395,0.26649419562,0.00802253432008,0.0707661911581,0.117925391128,0.00400940184219,0.0552346585618,0.0800408731889,0.143754625914,1,3,8,20,0.00832881639825,0.000480139691014,0.00832881639825,0.0139051622328,0.0161414126783,0.0117763037705,0.00832881639825,0.000480139691014,0.00832881639825,0.170235328508,0.592276510517,0.161389737319
623,0.0225841817053,0.00647626346644,0.253119639827,0.00173845359631,0.156671521024,0.1229723737,0.0757684267606,0.162875059927,0.0947091662965,0.0517406091519,0.00271026296827,0.0486340415765,1,3,8,20,0.00583719850851,0.00033650287799,0.00583719850851,0.0138242178102,0.0383576135613,0.00496271283799,0.00583719850851,0.00033650287799,0.00583719850851,0.169301528732,0.589027668591,0.160504458677
624,0.0619149464982,0.0470683235759,0.098591053226,0.0411246314658,0.102198647667,0.180511131349,0.0125918298232,0.188384410565,0.165059583148,0.0744162988485,0.00683233581503,0.0213068080178,1,3,8,20,0.00511473217692,0.000294854131682,0.00511473217692,0.0140154630085,0.0245767905385,0.00871223650721,0.00511473217692,0.000294854131682,0.00511473217692,0.171662453593,0.597241711767,0.162742707615
625,0.110383186355,0.0349174657154,0.0182407269551,0.129319651371,0.0158256508201,0.151486440724,0.0104938915543,0.0218885195592,0.0541549159352,0.183136427186,0.165182509833,0.104970613991,1,3,8,20,0.00600407943131,0.000346123231097,0.00600407943131,0.0140109478924,0.0197934190555,0.0102534834983,0.00600407943131,0.000346123231097,0.00600407943131,0.17158630246,0.596976769538,0.162670513368
626,0.0795871207582,0.0877964713623,0.0382264554367,0.0317191628922,0.0386035260329,0.0761232648487,0.0448477792456,0.108271001568,0.133920993119,0.137130329201,0.215815878902,0.00795801663297,1,3,8,20,0.0038914483515,0.000224334253482,0.0038914483515,0.0139436473634,0.0385049918914,0.00451178471076,0.0038914483515,0.000224334253482,0.0038914483515,0.170810862194,0.594278886206,0.161935365722
627,0.107123591028,0.0472099340384,0.0608033296112,0.095623886182,0.0443574573529,0.0114496614868,0.166865766207,0.0523756830709,0.0545250669536,0.014906071718,0.240595837129,0.104163715222,1,3,8,20,0.00584424164839,0.000336908900989,0.00584424164839,0.0139102392777,0.0302145916027,0.00726954982324,0.00584424164839,0.000336908900989,0.00584424164839,0.170355695967,0.592695288565,0.161503850369
628,0.06697865818,0.0772647757788,0.226647726915,0.10833391908,0.0687942811985,0.0079977973307,0.0527717904685,0.00695261146291,0.0336468897443,0.0512726614892,0.0823372542762,0.217001634075,1,3,8,20,0.00525859244782,0.000303147390018,0.00525859244782,0.0138414439984,0.04012390556,0.00434097652281,0.00525859244782,0.000303147390018,0.00525859244782,0.169526203116,0.589809347467,0.160717458764
629,0.0424045514551,0.0165539065451,0.305479366855,0.124613941197,0.102659694394,0.0256374496406,0.0430534937005,0.0110941574803,0.0100596980472,0.148184699249,0.0945919755503,0.075667065886,1,3,8,20,0.00481709701697,0.000277696057005,0.00481709701697,0.0142198764578,0.00706764137172,0.0136066244449,0.00481709701697,0.000277696057005,0.00481709701697,0.174174835419,0.605982698457,0.165124543667
630,0.145555274232,0.0564233692398,0.0479524441847,0.0252086485534,0.0116607517637,0.0575335414095,0.0245163776295,0.0319201205752,0.234246963561,0.275273542872,0.0302580331244,0.0594509328549,1,3,8,20,0.00655954741916,0.000378144855215,0.00655954741916,0.0138060525022,0.0358379154305,0.0058279746305,0.00655954741916,0.000378144855215,0.00655954741916,0.169061980275,0.588194240387,0.160277357388
631,0.110164754367,0.0542572751699,0.0124691395685,0.0861757254669,0.0951587285496,0.241681467866,0.0258207886947,0.0266982165359,0.0441493332741,0.205383011093,0.0831301649458,0.0149113944685,1,3,8,20,0.00980979700053,0.000565515275584,0.00980979700053,0.013566173815,0.0393947843097,0.00550454508985,0.00980979700053,0.000565515275584,0.00980979700053,0.166045822274,0.577700534105,0.157417921854
632,0.208308959012,0.103467674675,0.0747630372076,0.0243907165865,0.043436826503,0.100351612071,0.0689920764276,0.0961473406692,0.154461961116,0.00438493804186,0.0453997173089,0.0758951403808,1,3,8,20,0.00495972730918,0.000285918409517,0.00495972730918,0.0140520033932,0.0220431154883,0.00939694197879,0.00495972730918,0.000285918409517,0.00495972730918,0.172113942215,0.598812514416,0.163170736453
633,0.0153366869233,0.0388319991014,0.0199511063865,0.102842274413,0.0444538906038,0.0979364023649,0.17721056912,0.109777253786,0.073740209308,0.257409985417,0.0605735706028,0.00193605197258,1,3,8,20,0.00401577945162,0.000231501693985,0.00401577945162,0.0139742844218,0.0348913302412,0.00556098937631,0.00401577945162,0.000231501693985,0.00401577945162,0.171183459438,0.595575212872,0.162288602456
634,0.0369742767921,0.0818046687515,0.0669426492565,0.196299034333,0.1352634723,0.0296075141792,0.0549378160818,0.236351389324,0.029366980885,0.0526101153133,0.0438739205537,0.0359681622299,1,3,8,20,0.00716493654955,0.000413044333858,0.00716493654955,0.0137873754079,0.0340514145541,0.00646106490002,0.00716493654955,0.000413044333858,0.00716493654955,0.168818895958,0.587348510348,0.160046903966
635,0.00816918085137,0.129754473939,0.0294253379579,0.0737236944858,0.0592902766707,0.228070981862,0.105043415533,0.0479068449587,0.0338732729533,0.0910770624336,0.174341922854,0.0193235355004,1,3,8,20,0.00515939229096,0.000297428698383,0.00515939229096,0.014135042533,0.0130528546861,0.0119841488205,0.00515939229096,0.000297428698383,0.00515939229096,0.173127048775,0.602337277601,0.164131201024
636,0.0161875036238,0.0955215821882,0.166882280234,0.00104424273566,0.0364835449816,0.0677735743944,0.0105020940878,0.185858841661,0.058785945735,0.1630474576,0.0307123617767,0.167200570981,1,3,8,20,0.0048136157909,0.00027749537125,0.0048136157909,0.0140505447653,0.0230362215764,0.00908505734721,0.0048136157909,0.00027749537125,0.0048136157909,0.172099483443,0.598762209989,0.163157028973
637,0.0249777500005,0.0490809376675,0.212218089588,0.00312220620399,0.0431309976709,0.0264838157642,0.165278544512,0.0162358268283,0.180854718705,0.0351556295565,0.0987737083604,0.144687775143,1,3,8,20,0.0114532284898,0.000660255830511,0.0114532284898,0.0136006476648,0.0265228817501,0.00949430993574,0.0114532284898,0.000660255830511,0.0114532284898,0.16642989802,0.579036796353,0.157782040655
638,0.32471189681,0.154369971245,0.192869589132,0.0262252153714,0.00921875598155,0.0298287516887,0.0785171604116,0.00891897555979,0.00386244647728,0.0245466662604,0.0166857451184,0.130244825943,1,3,8,20,0.00304072874764,0.000175291961251,0.00304072874764,0.01407049105,0.0315408438975,0.00630447970914,0.00304072874764,0.000175291961251,0.00304072874764,0.172385443671,0.599757112325,0.163428130433
639,0.0484917445133,0.146600848827,0.0353042354395,0.0447694696144,0.199878896461,0.0507757681665,0.138791905085,0.11158383407,0.0714557556188,0.0102651924383,0.022067006804,0.120015342961,1,3,8,20,0.00764284610517,0.000440594868699,0.00764284610517,0.0137870256481,0.0312853942892,0.00734465528014,0.00764284610517,0.000440594868699,0.00764284610517,0.168803425806,0.587294687161,0.160032237657
640,7.79912818336e-05,0.159188482645,0.0826686483388,0.132507737722,0.0229953380209,0.113776038845,0.128125066569,0.0443130301438,0.0496672562992,0.0478476572984,0.155511104946,0.0633216478912,1,3,8,20,0.00923273775859,0.000532248958635,0.00923273775859,0.0136354463656,0.0362501268559,0.00627346382531,0.00923273775859,0.000532248958635,0.00923273775859,0.166908372712,0.580701487948,0.158235653342
641,0.00655150518002,0.0115001736054,0.0731269344064,0.0704352771122,0.0416285560795,0.27263228491,0.0290441061505,0.127139830783,0.161263068754,0.0669364909014,0.0648456904297,0.0748960816877,1,3,8,20,0.00507346166215,0.000292474968634,0.00507346166215,0.0139941739661,0.0268235676219,0.00806747617346,0.00507346166215,0.000292474968634,0.00507346166215,0.171402487735,0.596337248087,0.162496249831
642,0.0482999637555,0.158055307147,0.00776142388488,0.0220441703226,0.0170763020408,0.186975182272,0.204862469156,0.0576209904427,0.0688097608084,0.000345660073059,0.0137954463889,0.214353323708,1,3,8,20,0.00419932052801,0.000242082471792,0.00419932052801,0.0141540591126,0.0168846432648,0.0106974288598,0.00419932052801,0.000242082471792,0.00419932052801,0.173382593753,0.603226360314,0.164373467639
643,0.0456480609235,0.0549947287088,0.0546699986978,0.0117241668285,0.0339464706463,0.0304459870301,0.176023862258,0.0529497190631,0.230311998794,0.13917540412,0.128511918265,0.0415976846658,1,3,8,20,0.0063304520651,0.000364937963953,0.0063304520651,0.0140601292996,0.0132499003363,0.0121746452072,0.0063304520651,0.000364937963953,0.0063304520651,0.172181462801,0.599047429563,0.163234748605
644,0.16990737088,0.104686504806,0.0444772846857,0.128057746739,0.0333058373137,0.0105804660535,0.063352833683,0.0711624179093,0.0684396339338,0.0479999731409,0.00996167291803,0.248068257937,1,3,8,20,0.00572930279501,0.00033028290482,0.00572930279501,0.0139561791951,0.0265609852812,0.00827974309698,0.00572930279501,0.00033028290482,0.00572930279501,0.170921453485,0.594663651369,0.162040210583
645,0.00212413077314,0.152646509321,0.00248755755826,0.0495166748077,0.0518415238499,0.00770391271634,0.0935716452408,0.198268966629,0.00321859381542,0.187081692554,0.135553364358,0.115985428378,1,3,8,20,0.0109442446986,0.000630913927829,0.0109442446986,0.0135872501237,0.0307656578382,0.00818610285032,0.0109442446986,0.000630913927829,0.0109442446986,0.166277599942,0.578506926465,0.157637656131
646,0.0236154659924,0.115337694429,0.217423639608,0.0360631010932,0.211535612596,0.129361703979,0.00741479920978,0.0288815507585,0.0368667831287,0.146932525041,0.0115619823386,0.0350051418265,1,3,8,20,0.00306429734144,0.000176650643782,0.00306429734144,0.0141111641792,0.0275720869351,0.00743302372525,0.00306429734144,0.000176650643782,0.00306429734144,0.17288340706,0.601489608281,0.163900219166
647,0.137768875053,0.0225833119172,0.0554303283908,0.105840133645,0.0243098778508,0.0146366561413,0.0238936877453,0.002239870276,0.282096565027,0.0787081193197,0.227272459846,0.0252201147866,1,3,8,20,0.00463970057001,0.000267469504857,0.00463970057001,0.0141234045949,0.0171926187103,0.01070285334,0.00463970057001,0.000267469504857,0.00463970057001,0.172996568044,0.601883313825,0.164007500196
648,0.00723875720438,0.377888627777,0.00755518307563,0.0900855500216,0.0696234259986,0.0712791204049,0.0351825593209,0.122990371877,0.00908473463622,0.0548281618918,0.0377588662016,0.11648464159,1,3,8,20,0.00649137615411,0.000374214917446,0.00649137615411,0.01393722853,0.0238826013004,0.00919828445878,0.00649137615411,0.000374214917446,0.00649137615411,0.17067134964,0.593793499246,0.161803102374
649,0.013839239033,0.164417925792,0.083357813704,0.0159852602787,0.0218816722555,0.149705215244,0.292901391244,0.0299872387636,0.037964664867,0.039718099812,0.0107700790658,0.139471399941,1,3,8,20,0.0058644712009,0.000338075094434,0.0058644712009,0.0138330976298,0.0373615568649,0.00525044021999,0.0058644712009,0.000338075094434,0.0058644712009,0.169409727073,0.589404108291,0.160607034928
650,0.110291193747,0.0581137739524,0.0851683167115,0.000132151658759,0.24858984469,0.0302321540097,0.142485221578,0.0612160655467,0.0376533106525,0.000947599409541,0.112614377679,0.112555990365,1,3,8,20,0.00339755164622,0.000195862091277,0.00339755164622,0.0140504588845,0.0313377399527,0.00643702230314,0.00339755164622,0.000195862091277,0.00339755164622,0.172131567319,0.598873835033,0.16318744574
651,0.0211185806725,0.0111648694345,0.145743746354,0.0623297468741,0.0561625253655,0.0635108163867,0.0303827150191,0.12333276212,0.0422926608309,0.2982942822,0.0278389457869,0.117828348956,1,3,8,20,0.00785675054974,0.000452926034259,0.00785675054974,0.0137067102991,0.0375969774825,0.00560278024745,0.00785675054974,0.000452926034259,0.00785675054974,0.167814026007,0.583852403674,0.159094248022
652,0.23018025101,0.0182831812457,0.00541488762437,0.0607628887532,0.192432964528,0.175675727481,0.0279613088001,0.0503544021082,0.0336882242292,0.0856993218101,0.0382522177845,0.0812946246262,1,3,8,20,0.00612279717571,0.000352967072813,0.00612279717571,0.0137712232507,0.0416761489277,0.00408327176492,0.00612279717571,0.000352967072813,0.00612279717571,0.168645311669,0.586744582256,0.159882339283
653,0.0836706457996,0.0536444670093,0.00973592075428,0.0808274196028,0.120206373108,0.068180882135,0.140815687115,0.0772737004765,0.00886454233366,0.133362395299,0.175161550418,0.0482564159482,1,3,8,20,0.0066728823612,0.000384678389087,0.0066728823612,0.0139562897165,0.0210243355833,0.010045654693,0.0066728823612,0.000384678389087,0.0066728823612,0.170900727953,0.594591543861,0.16202056197
654,0.144388832506,0.142463680673,0.00643086682954,0.0887944791343,0.0785371488205,0.137903826997,0.0261074362862,0.10018177619,0.00105285725319,0.149159234359,0.124075676411,0.000904184539721,1,3,8,20,0.00685216054993,0.000395013419904,0.00685216054993,0.0138457748303,0.0303830010407,0.00743384375035,0.00685216054993,0.000395013419904,0.00685216054993,0.169541994308,0.589864287601,0.16073242943
655,0.0453000429216,0.0582920995941,0.0906550610972,0.0813349480151,0.284732747925,0.0158684995973,0.130419203672,0.0215465965868,0.0302594800058,0.0911334869925,0.0197579935693,0.130699840023,1,3,8,20,0.00573221389607,0.000330450724003,0.00573221389607,0.0138253321315,0.038867524211,0.00479627402642,0.00573221389607,0.000330450724003,0.00573221389607,0.169317643222,0.589083733534,0.160519735843
656,0.0215654338836,0.0200429873821,0.113641504337,0.111470299704,0.118942364654,0.106832228017,0.0495590531721,0.11280032539,0.119386626723,0.107578973683,0.0885306520304,0.029649551024,1,3,8,20,0.00518204188489,0.0002987344024,0.00518204188489,0.0139163451527,0.0335178109855,0.00619511655309,0.00518204188489,0.0002987344024,0.00518204188489,0.170446029076,0.593009572205,0.161589489683
657,0.080135453387,0.0140665780219,0.0281870203469,0.178968678359,0.0819141505123,0.0394770165364,0.0483640867896,0.133670787558,0.0143418618867,0.267810514624,0.0893032211987,0.0237606307798,1,3,8,20,0.00491080646177,0.000283098220016,0.00491080646177,0.0140982373257,0.0179751717799,0.0105383215609,0.00491080646177,0.000283098220016,0.00491080646177,0.172681758515,0.600788040059,0.163709048473
658,0.0357826516897,0.220693122957,0.476681875214,0.0306228468252,0.0360412542852,0.0172828413662,0.0358271633811,0.0390126398282,0.00370658071674,0.0586762566042,0.0374646800517,0.00820808708051,1,3,8,20,0.00587477144532,0.000338668883028,0.00587477144532,0.0139055716004,0.0304754049942,0.00720213204832,0.00587477144532,0.000338668883028,0.00587477144532,0.170297771631,0.592493760341,0.161448935838
659,0.0825387547465,0.0435500995873,0.0551454218859,0.0824913433268,0.0406488766579,0.0490626665883,0.0917019013049,0.0138844472433,0.0585318574721,0.0973142783407,0.164264462862,0.220865889985,1,3,8,20,0.00600967326962,0.000346445704744,0.00600967326962,0.0137771755283,0.0417780748364,0.00403062500552,0.00600967326962,0.000346445704744,0.00600967326962,0.168720913592,0.587007613693,0.159954012857
660,0.10923473458,0.0219361650561,0.0987960447187,0.169984709601,0.173105769075,0.19132901943,0.00998343993947,0.027380959293,0.0672376820435,0.105154549054,0.0138703620076,0.0119865652012,1,3,8,20,0.00542442608342,0.000312707369101,0.00542442608342,0.0140667147303,0.0179359649823,0.0106574389267,0.00542442608342,0.000312707369101,0.00542442608342,0.172283379273,0.599402013616,0.1633313694
661,0.125669317411,0.0528146656478,0.000999748908517,0.125479146389,0.0238425535122,0.0101091833691,0.0724496140064,0.0873530111217,0.00494492830975,0.19642603094,0.10276387253,0.197147927855,1,3,8,20,0.00569435026789,0.000328267961187,0.00569435026789,0.013898503553,0.0321977644422,0.00667657430934,0.00569435026789,0.000328267961187,0.00569435026789,0.170215363223,0.59220704803,0.161370809449
662,0.0281698691829,0.00997012135547,0.22324692813,0.0663027509563,0.0310746056989,0.042949050235,0.0155192767912,0.11824578665,0.161896644888,0.017447188398,0.16338492662,0.121792851094,1,3,8,20,0.008051749013,0.000464167307619,0.008051749013,0.0136970061308,0.0373689036534,0.00570835927014,0.008051749013,0.000464167307619,0.008051749013,0.167690522703,0.583422715507,0.158977162068
663,0.0441107118218,0.0829006666284,0.000876242536248,0.0168920876081,0.150841580169,0.0986355394248,0.00922194028849,0.131787335547,0.0916346364157,0.0694163237959,0.206065375616,0.0976175601476,1,3,8,20,0.00575589475935,0.000331815878646,0.00575589475935,0.0139900883712,0.0232115718011,0.00923358176923,0.00575589475935,0.000331815878646,0.00575589475935,0.171336442954,0.596107467509,0.162433636801
664,0.0467937657401,0.0674598388156,0.0834494372925,0.0442375882724,0.0399761930641,0.141024886635,0.0936738044894,0.0901491727315,0.0278261323387,0.351267019176,0.000317315839132,0.0138248456061,1,3,8,20,0.00616597276898,0.000355456059846,0.00616597276898,0.0141019024757,0.0102788731773,0.012981176084,0.00616597276898,0.000355456059846,0.00616597276898,0.17269730944,0.600842144269,0.163723791358
665,0.0104008476867,0.116353349508,0.020329313751,0.00206554555534,0.0458018304277,0.15762660679,0.052137279437,0.0796893841612,0.14791103326,0.126564629968,0.00600830273928,0.235111876716,1,3,8,20,0.00563098949299,0.000324615338602,0.00563098949299,0.0139626685246,0.0265255890217,0.00826908812856,0.00563098949299,0.000324615338602,0.00563098949299,0.171003291273,0.594948378401,0.162117796002
666,0.042731843086,0.0290371180951,0.0364479089273,0.0422617300459,0.116968410323,0.139501689371,0.0264182744905,0.166667884624,0.188261647778,0.0190420159154,0.0608134565084,0.131848020836,1,3,8,20,0.00614962948923,0.000354513902291,0.00614962948923,0.0140432857566,0.0158952975949,0.0113876835376,0.00614962948923,0.000354513902291,0.00614962948923,0.171979249294,0.598343895749,0.163043042306
667,0.125614839504,0.0618941821685,0.210865574381,0.0314247801706,0.0859697243051,0.119300866866,0.0744140589126,0.0177905609125,0.0410959777035,0.0238924790197,0.0107302105903,0.197006745466,1,3,8,20,0.00367377684785,0.000211785924462,0.00367377684785,0.0142134404693,0.0143698595921,0.0112988592665,0.00367377684785,0.000211785924462,0.00367377684785,0.174122706146,0.605801332204,0.165075123082
668,0.0169210699104,0.109982923076,0.000805019967677,0.0932086813243,0.0463255552057,0.0609481164508,0.0224560351245,0.0405445084504,0.204210819445,0.0665532687994,0.313602213331,0.0244417889148,1,3,8,20,0.00619132542477,0.00035691759,0.00619132542477,0.0140648961108,0.0136157668012,0.012041806182,0.00619132542477,0.00035691759,0.00619132542477,0.172243143393,0.599262026419,0.163293224215
669,0.00293256733583,0.0401441573253,0.0787216350579,0.179581435726,0.187981042194,0.134675543606,0.0834641511685,0.0595426591428,0.199034292131,0.00718802293491,0.011959068819,0.0147754245583,1,3,8,20,0.00370657830932,0.000213676863441,0.00370657830932,0.0141285583235,0.0221722197061,0.00909684600411,0.00370657830932,0.000213676863441,0.00370657830932,0.173081570759,0.602179052154,0.164088086089
670,0.0130652079254,0.0785396215068,0.00816873532758,0.204780343194,0.0564615399135,0.20932545575,0.0931935573899,0.0316161701608,0.0894639090296,0.00953308541441,0.105330957137,0.100521417252,1,3,8,20,0.00399898725256,0.000230533657126,0.00399898725256,0.0141356792225,0.0197890063915,0.0098330486169,0.00399898725256,0.000230533657126,0.00399898725256,0.173162006389,0.602458900849,0.164164342207
671,0.150471596358,0.013814079979,0.0193219119164,0.0349964068745,0.00616337966333,0.0204352288565,0.105361216823,0.0548879635926,0.156465376109,0.118299579422,0.129548607386,0.19023465302,1,3,8,20,0.00460608274056,0.000265531503888,0.00460608274056,0.0140428177344,0.0249794316402,0.00849127319594,0.00460608274056,0.000265531503888,0.00460608274056,0.172009632556,0.598449604079,0.163071846825
672,0.201424700753,0.169779934852,0.0369557483691,0.0413917719938,0.0285035225556,0.0185077184574,0.0800331628121,0.119962725697,0.069304370007,0.14353242501,0.0157502803807,0.0748536391125,1,3,8,20,0.00577039996229,0.00033265207473,0.00577039996229,0.0139842421964,0.0236772306644,0.00910480049661,0.00577039996229,0.00033265207473,0.00577039996229,0.17126444921,0.595856989514,0.162365383921
673,0.121142415915,0.112357900527,0.086520864908,0.146416262332,0.00731082077405,0.0167847173476,0.0156029895135,0.0618622568128,0.149865449357,0.0188192785392,0.0598693562632,0.203447687711,1,3,8,20,0.0086088098188,0.000496280754522,0.0086088098188,0.0137874558691,0.0255875375673,0.00916091343038,0.0086088098188,0.000496280754522,0.0086088098188,0.168786094911,0.587234390146,0.160015807292
674,0.0670121444099,0.0752904066862,0.0759902442586,0.0836954611412,0.0569332134792,0.0108717394412,0.0800656650544,0.0355452992155,0.13533527587,0.253989212398,0.102486556443,0.0227847816027,1,3,8,20,0.00776787822425,0.00044780272155,0.00776787822425,0.013723777268,0.0365100531132,0.00589180694171,0.00776787822425,0.00044780272155,0.00776787822425,0.16802528893,0.584587421886,0.159294533521
675,0.0346341672607,0.202458127333,0.0499753070018,0.0440935909755,0.0296187271389,0.0877350868144,0.0859137442091,0.1979437359,0.152060660338,0.049471771708,0.0363545059279,0.0297405753929,1,3,8,20,0.0061632019509,0.000355296327697,0.0061632019509,0.0138823167728,0.0309763736313,0.00712096259376,0.0061632019509,0.000355296327697,0.0061632019509,0.17000599676,0.591478627913,0.16117232187
676,0.16636305823,0.188237525487,0.0659124708044,0.0138986354206,0.0356310497862,0.122590307972,0.0172627742838,0.0642519289588,0.290989588017,0.025154536003,0.003378106731,0.00633001830574,1,3,8,20,0.00886359011022,0.00051096833131,0.00886359011022,0.0135722289162,0.0443661236477,0.00389812491237,0.00886359011022,0.00051096833131,0.00886359011022,0.166142178952,0.578035774723,0.157509271746
677,0.010632720043,0.103499228209,0.102746114485,0.109999296685,0.221014285812,0.0979535477538,0.0192753020102,0.0307740718755,0.129110853052,0.114352135012,0.0546040892505,0.00603835581183,1,3,8,20,0.00799487312638,0.000460888525938,0.00799487312638,0.0137617725642,0.0316021007662,0.00732902670996,0.00799487312638,0.000460888525938,0.00799487312638,0.168485670891,0.586189165918,0.159730993593
678,0.0185642726939,0.152693014221,0.0775118985913,0.0293979365153,0.0680885412464,0.0418952127288,0.197391735265,0.188391997633,0.0435418430983,0.112159108954,0.0226764688761,0.0476879701779,1,3,8,20,0.00607400768095,0.000350154455531,0.00607400768095,0.0141060042446,0.0104311654597,0.0129187200338,0.00607400768095,0.000350154455531,0.00607400768095,0.172749735265,0.601024542276,0.163773493086
679,0.114957919062,0.068033157531,0.0327347971498,0.238678513892,0.102221432204,0.0704775877207,0.000288053172969,0.184669384322,0.0335317051373,0.129366347844,0.0113706295286,0.0136704724365,1,3,8,20,0.00570806381516,0.000329058519897,0.00570806381516,0.0140992164839,0.0132136730357,0.0120540090866,0.00570806381516,0.000329058519897,0.00570806381516,0.172675103529,0.600764886278,0.163702739287
680,0.0240706512608,0.0589113587699,0.00788888610675,0.0355794409489,0.0240237455493,0.0303432521234,0.284065897486,0.0664273097971,0.0367095417169,0.250086286113,0.170691674651,0.0112019554775,1,3,8,20,0.00448587976392,0.000258602041489,0.00448587976392,0.0141826556258,0.0125130488445,0.0119953281085,0.00448587976392,0.000258602041489,0.00448587976392,0.173726384615,0.60442246487,0.164699394798
681,0.085336337978,0.0195260675243,0.0693537216999,0.0707303465311,0.0250956025533,0.0899868320571,0.0395673562021,0.132173934491,0.0909504979482,0.249118642514,0.0720681669873,0.0560924935134,1,3,8,20,0.0054579828631,0.000314641850672,0.0054579828631,0.0138713286507,0.036141509748,0.00551035829975,0.0054579828631,0.000314641850672,0.0054579828631,0.169887821989,0.591067478585,0.161060287573
682,0.0433444654776,0.00481402424039,0.0417540910827,0.0476314503408,0.00518809235928,0.0229196568065,0.108582421944,0.0196450321717,0.0412134444889,0.294167122992,0.360067279339,0.0106729187567,1,3,8,20,0.00719723252029,0.000414906132302,0.00719723252029,0.0138394113613,0.0289613576197,0.00790889348593,0.00719723252029,0.000414906132302,0.00719723252029,0.169455924889,0.589564838037,0.160650832261
683,0.0380427652818,0.0699597411792,0.116710035122,0.00277189139142,0.306538806078,0.00440323880692,0.0249857872184,0.0833248124159,0.147018956604,0.0289240669561,0.11041741385,0.0669024850966,1,3,8,20,0.00517243756661,0.000298180732564,0.00517243756661,0.0139036892464,0.0347660334614,0.00583971476326,0.00517243756661,0.000298180732564,0.00517243756661,0.170291135244,0.592470671269,0.161442644284
684,0.110653781899,0.170370192147,0.178395071102,0.0492845428643,0.0618479200211,0.0690612964471,0.0134644290018,0.105666818689,0.0254187279063,0.0933706768672,0.0123992807908,0.110067262264,1,3,8,20,0.004929910317,0.000284199519254,0.004929910317,0.0139291893195,0.033784760002,0.00606651617889,0.004929910317,0.000284199519254,0.004929910317,0.170609355072,0.593577810018,0.161744329103
685,0.184261677305,0.0314714035259,0.0679164657536,0.01047494281,0.00780055879718,0.0297923825288,0.133745429288,0.0897460097715,0.0686274232024,0.193287678902,0.102728411744,0.0801476163717,1,3,8,20,0.00630078876085,0.000363227933493,0.00630078876085,0.0139599009309,0.0228634519636,0.00944673213868,0.00630078876085,0.000363227933493,0.00630078876085,0.170953696362,0.594775829605,0.16207077809
686,0.118474331271,0.00679593679503,0.0997495473235,0.00740020292611,0.0941203551981,0.166838513061,0.0331989611246,0.137772933804,0.0312545700593,0.153663764559,0.0082732278382,0.14245765604,1,3,8,20,0.00317314111164,0.000182925270535,0.00317314111164,0.0142093576165,0.0176864571589,0.0102546165068,0.00317314111164,0.000182925270535,0.00317314111164,0.174084379272,0.605667986749,0.165038787709
687,0.0406340271825,0.0436149732075,0.192631552496,0.107987240384,0.144506049608,0.0811397181494,0.00283273313157,0.0696866002844,0.0213523927161,0.10763310227,0.179981173645,0.00800043692628,1,3,8,20,0.00516616850473,0.000297819333623,0.00516616850473,0.0140678977121,0.0193370791692,0.0102064588248,0.00516616850473,0.000297819333623,0.00516616850473,0.17230392196,0.599473484979,0.163350844669
688,0.0981813880459,0.073655333632,0.0432459694811,0.0141017188533,0.00589814145798,0.00277622580343,0.000536084605445,0.0815708692956,0.0967716853308,0.0440084561303,0.349261128316,0.189992999048,1,3,8,20,0.00557171044164,0.000321198019257,0.00557171044164,0.0139709116955,0.0260963994824,0.00837812840249,0.00557171044164,0.000321198019257,0.00557171044164,0.171105711803,0.59530471615,0.162214894662
689,0.0962595888215,0.173884649031,0.282792235287,0.0213892721993,0.0368929419351,0.165388698647,0.013349221939,0.0643508108062,0.116716875809,0.00754741837578,0.0150459962872,0.00638229086163,1,3,8,20,0.00760611130094,0.000438477180337,0.00760611130094,0.0136934455606,0.0403142053524,0.0047807998395,0.00760611130094,0.000438477180337,0.00760611130094,0.16765731027,0.583307164028,0.158945675385
690,0.216878806781,0.0553545235317,0.0972579080656,0.103983585324,0.0853827350512,0.0883942816918,0.0572917356238,0.0542517234577,0.0753016757604,0.0697183845135,0.0243971099051,0.0717875302944,1,3,8,20,0.0149763017854,0.000863353995086,0.0149763017854,0.0134466765052,0.020390868995,0.0119712582434,0.0149763017854,0.000863353995086,0.0149763017854,0.164460291361,0.572184213113,0.15591477665
691,0.130106706158,0.029238045672,0.0638259004942,0.154203801045,0.0482246164812,0.0829072380096,0.179930927661,0.16490522288,0.0506209772506,0.00970586725747,0.040679734455,0.0456509626359,1,3,8,20,0.00516908294863,0.000297987345513,0.00516908294863,0.0141697579198,0.0097264952311,0.0129279062542,0.00516908294863,0.000297987345513,0.00516908294863,0.173552315157,0.603816848796,0.164534370156
692,0.0346691005385,0.0208709944406,0.0416094293668,0.0361468659884,0.0755593652595,0.102266090563,0.0203923025115,0.0891724245906,0.0293471053155,0.00718755335867,0.386985273995,0.155793494071,1,3,8,20,0.00581546308972,0.000335249874351,0.00581546308972,0.0138504934682,0.0360101867085,0.00562271737589,0.00581546308972,0.000335249874351,0.00581546308972,0.169624087985,0.590149904913,0.160810257441
693,0.0297351812848,0.0391524638597,0.0394841548496,0.158839047187,0.287757271827,0.149291498944,0.00358782475671,0.0358274076529,2.32065496887e-05,0.046225133244,0.132423367238,0.0776534426066,1,3,8,20,0.00671987481172,0.000387387410345,0.00671987481172,0.0137530798343,0.0398880623317,0.00471506300236,0.00671987481172,0.000387387410345,0.00671987481172,0.168408962928,0.585922286386,0.15965827145
694,0.0935819375282,0.0247395233481,0.154561445988,0.000136138814855,0.0502241371003,0.0218847187811,0.0200696333389,0.0904879162275,0.19453519507,0.0780686240832,0.0654951289214,0.206215600799,1,3,8,20,0.00293720582645,0.000169324070855,0.00293720582645,0.0141491493428,0.024738858579,0.00820840553751,0.00293720582645,0.000169324070855,0.00293720582645,0.173351950596,0.603119747767,0.16434441673
695,0.0225759684825,0.00680204529545,0.110471244934,0.0828007999835,0.141723335695,0.0247571547506,0.14398894146,0.00614248369003,0.0493269801134,0.187924510441,0.0838148558835,0.139671679271,1,3,8,20,0.00670475704316,0.000386515901072,0.00670475704316,0.0139535998523,0.0210909957559,0.0100334861121,0.00670475704316,0.000386515901072,0.00670475704316,0.170867013441,0.594474245567,0.161988599297
696,0.000666377007667,0.00163414285987,0.202786177344,0.0534265612233,0.0424990684334,0.190214799052,0.080161911362,0.0402604350464,0.0296313309933,0.143981792092,0.0268086294751,0.18792877511,1,3,8,20,0.00649723087576,0.000374552430498,0.00649723087576,0.0137742360801,0.0391994540523,0.0048631901168,0.00649723087576,0.000374552430498,0.00649723087576,0.168673476858,0.586842573548,0.159909040981
697,0.139415337482,0.0603458307884,0.100415001138,0.0286849784735,0.0600136167595,0.13430744855,0.0220457871979,0.124629304166,0.00291077422111,0.0921006522662,0.0205349263451,0.214596342611,1,3,8,20,0.00594960966455,0.000342983157438,0.00594960966455,0.0138139625305,0.0386651322923,0.00489929259271,0.00594960966455,0.000342983157438,0.00594960966455,0.169173203245,0.588581203262,0.160382801105
698,0.143977169298,0.0397647312426,0.206494833656,0.132043777468,0.00925690045565,0.12127977653,0.0234213313075,0.0970452299616,0.0618061470267,0.0493790069198,0.0170096115469,0.098521484588,1,3,8,20,0.00780258251878,0.000449803355068,0.00780258251878,0.013772858037,0.031684219963,0.00726533811108,0.00780258251878,0.000449803355068,0.00780258251878,0.168626040948,0.586677536269,0.159864069887
699,0.21632429408,0.201696981305,0.0168115679656,0.0206081016208,0.0865874095707,0.00237471538206,0.135600249878,0.0239961902228,0.170457057821,0.0706681300615,0.0272503682176,0.0276249338754,1,3,8,20,0.00849638840228,0.000489799883578,0.00849638840228,0.0136547534506,0.0387442849188,0.00541248824754,0.00849638840228,0.000489799883578,0.00849638840228,0.167162243106,0.581584744513,0.158476332387
700,0.0128894851709,0.0525732624102,0.0292679845314,0.0435852719115,0.120690771562,0.131018002729,0.146979476572,0.068363203811,0.143973968904,0.0469479096183,0.106558311557,0.0971523512218,1,3,8,20,0.00744435029637,0.000429151980329,0.00744435029637,0.0139814764859,0.0141339281057,0.0121586299163,0.00744435029637,0.000429151980329,0.00744435029637,0.171191379832,0.595602769216,0.162296111298
701,0.04460368853,0.0462804563408,0.232159059154,0.0630641306384,0.0497825323633,0.00167550031976,0.242038466269,0.144562496887,0.0517815230462,0.0556040284075,0.0533917588533,0.0150563591916,1,3,8,20,0.00873103708373,0.000503326913113,0.00873103708373,0.0137154200678,0.0316562505009,0.0074685166271,0.00873103708373,0.000503326913113,0.00873103708373,0.167900319628,0.584152633272,0.159176057743
702,0.287612157543,0.000164866782905,0.059516480488,0.189339079288,0.0126697072826,0.0496740225985,0.104268741567,0.147992352897,0.0532104618966,0.0020399062593,0.0647671711477,0.0287450522493,1,3,8,20,0.00824866398936,0.000475519064145,0.00824866398936,0.0137968023329,0.0268165158694,0.00873723862521,0.00824866398936,0.000475519064145,0.00824866398936,0.168909078484,0.587662270082,0.16013240052
703,0.195777039264,0.0676159888907,0.0974719801379,0.0364593252996,0.0393252713651,0.111177408952,0.0224051822974,0.212708078729,0.0759765682887,0.0761915779175,0.0568111998729,0.00808037898523,1,3,8,20,0.00545963364656,0.000314737015053,0.00545963364656,0.01396366122,0.0274356696327,0.00797539963589,0.00545963364656,0.000314737015053,0.00545963364656,0.171019468156,0.59500466042,0.162133132319
704,0.0671983100016,0.000838157436034,0.221753335163,0.0996463423904,0.0471482021796,0.0479898169832,0.207947975516,0.0242208191874,0.0750871697513,0.0688894068974,0.0752468653428,0.0640335991511,1,3,8,20,0.00821238751535,0.000473427797609,0.00821238751535,0.0135818849068,0.0472705751136,0.00293889886107,0.00821238751535,0.000473427797609,0.00821238751535,0.166275767124,0.578500549791,0.157635918548
705,0.101146809931,0.0953449790544,0.132404714915,0.12573988724,0.0421758345513,0.0958445113908,0.141001851943,0.074520152737,0.0332123219044,0.0974180593133,0.0579458036396,0.00324507337972,1,3,8,20,0.00469084452153,0.000270417851886,0.00469084452153,0.0141702895578,0.0124773117359,0.0120485510184,0.00469084452153,0.000270417851886,0.00469084452153,0.173570022215,0.603878454544,0.164551157139
706,0.134545626642,0.040604234748,0.0831340604946,0.00502995312334,0.0953604272788,0.0395345647426,0.276635005656,0.0771690606008,0.00290637475263,0.0628884128967,0.17693505748,0.00525722158416,1,3,8,20,0.0081620507971,0.000470525985972,0.0081620507971,0.0137628939765,0.0305173770671,0.00767127938376,0.0081620507971,0.000470525985972,0.0081620507971,0.168495503584,0.58622337546,0.159740315369
707,0.031862535072,0.225663419554,0.0967211474358,0.0152173339647,0.0959248719584,0.106744883892,0.249171355751,0.0073173718983,0.0345163550193,0.0446833577713,0.0340663663975,0.0581110012854,1,3,8,20,0.00660685732836,0.000380872177334,0.00660685732836,0.0138258429401,0.0336969108583,0.00644406003034,0.00660685732836,0.000380872177334,0.00660685732836,0.16930343699,0.589034307733,0.16050626778
708,0.109869626599,0.0947251305429,0.00756301469224,0.0177581374814,0.0167315473379,0.215584421901,0.186292093052,0.113416109458,0.0569829952393,0.021316190056,0.152106233757,0.00765449988337,1,3,8,20,0.00882273992671,0.000508613399522,0.00882273992671,0.0137468348508,0.0281604334526,0.00847749658891,0.00882273992671,0.000508613399522,0.00882273992671,0.168283212658,0.585484780659,0.159539055284
709,0.0688322567918,0.014689371888,0.0582667737488,0.0271432951026,0.115350297334,0.0854355203256,0.0406088843075,0.0299790763386,0.0774721206768,0.113776389563,0.0946991063125,0.273746907611,1,3,8,20,0.00343124576859,0.00019780449038,0.00343124576859,0.0138763915161,0.0475346170253,0.00185864072633,0.00343124576859,0.00019780449038,0.00343124576859,0.169997302066,0.591448377652,0.16116407896
710,0.0478908616451,0.0186255288762,0.0572728215042,0.0269672599785,0.110399906191,0.0817908447053,0.0154987628699,0.0222480587259,0.0316704145153,0.207022254457,0.33122973234,0.0493835541921,1,3,8,20,0.00903556305499,0.00052088222935,0.00903556305499,0.0137073207653,0.0306355581513,0.00782152676066,0.00903556305499,0.00052088222935,0.00903556305499,0.167793923558,0.58378246397,0.159075190116
711,0.0331596862254,0.03244098196,0.0896396462875,0.0665297636548,0.180150285364,0.14795736272,0.219808596174,0.0106484522467,0.000309256954681,0.145039501188,0.0378128846152,0.0365035826094,1,3,8,20,0.00349391630827,0.000201417322278,0.00349391630827,0.0140043005053,0.0351207047198,0.00538630032577,0.00349391630827,0.000201417322278,0.00349391630827,0.171563566843,0.596897668613,0.162648959115
712,0.270314693444,0.0539293984096,0.0705880598589,0.0737278354872,0.0987202738782,0.144031087976,0.00485668327817,0.00703069907522,0.156809684504,0.0242019044382,0.080704643647,0.0150850360037,1,3,8,20,0.00760726462216,0.000438543667011,0.00760726462216,0.0136896512912,0.0406648069575,0.00468178422377,0.00760726462216,0.000438543667011,0.00760726462216,0.167610778381,0.583145271987,0.158901561338
713,0.215492083872,0.0645721190696,0.256633063826,0.103815647518,0.00190147481524,0.0520983326185,0.00721820998191,0.115115812204,0.0330425386872,0.0021386937192,0.0485605077312,0.099411515957,1,3,8,20,0.00599351204787,0.000345514042471,0.00599351204787,0.0138653021044,0.0335726875562,0.00635023809001,0.00599351204787,0.000345514042471,0.00599351204787,0.169801425326,0.590766890483,0.160978380164
714,0.0527534994941,0.0113484572553,0.029864987471,0.0174621296163,0.0770146285792,0.0972008767589,0.0857292862148,0.0102338644531,0.259842296287,0.0903369962886,0.158535462002,0.109677515579,1,3,8,20,0.0060295783545,0.000347593193276,0.0060295783545,0.0138255916774,0.0371015118702,0.00535878419972,0.0060295783545,0.000347593193276,0.0060295783545,0.169313865926,0.589070591704,0.160516154818
715,0.0460669420417,0.101937328925,0.0801150773482,0.0245234719186,0.267798067016,0.0293529785716,0.145503455142,0.0202730403017,0.126961470071,0.0928856523305,0.0392486334174,0.0253338829164,1,3,8,20,0.00824007379297,0.000475023856418,0.00824007379297,0.0138279123323,0.0239367882015,0.00955070638176,0.00824007379297,0.000475023856418,0.00824007379297,0.169290582798,0.588989585898,0.160494081504
716,0.0970364625001,0.101774975703,0.00260123797562,0.100964926255,0.0284258755841,0.0354756256358,0.0298712403415,0.216700961207,0.0145710150164,0.00510015185905,0.251310440551,0.116167087371,1,3,8,20,0.0037659499039,0.00021709951772,0.0037659499039,0.0140756330937,0.0268091642068,0.00779657552969,0.0037659499039,0.00021709951772,0.0037659499039,0.17243149725,0.599917340246,0.163471791024
717,0.0309978583068,0.223391656327,0.179552059755,0.0846906861997,0.0278716283583,0.0686318570324,0.177451542717,0.040776988993,0.0692427579949,0.0526077534415,0.0319051798021,0.0128800310719,1,3,8,20,0.0120667720617,0.000695625396483,0.0120667720617,0.0134146576576,0.0404466797198,0.00568140171932,0.0120667720617,0.000695625396483,0.0120667720617,0.164135932853,0.571055716889,0.155607272122
718,0.289662578705,0.0981550457629,0.0593456495426,0.0188737881663,0.0183822371662,0.0703051703506,0.143043876056,0.0172933547928,0.00399982852443,0.232854923531,0.0165165347537,0.0315670126493,1,3,8,20,0.00792693461962,0.000456972006221,0.00792693461962,0.0137734985444,0.0308956049102,0.00751475351752,0.00792693461962,0.000456972006221,0.00792693461962,0.16863098151,0.586694725294,0.159868753733
719,0.115750589262,0.0377532058579,0.0081783341627,0.00139128109676,0.173002863217,0.112666837697,0.163003698613,0.249063195481,0.0645129019062,0.0106381659684,0.02407174206,0.0399671846776,1,3,8,20,0.00390028862455,0.000224843877631,0.00390028862455,0.0139479553972,0.0380474730903,0.00464317117352,0.00390028862455,0.000224843877631,0.00390028862455,0.170863457241,0.594461872965,0.16198522788
720,0.0565103013031,0.154813143689,0.106571792507,0.13194450168,0.00933562506649,0.0551096590366,0.0271379915679,0.00227176131852,0.0690704178325,0.0837521943411,0.292485309459,0.0109973021991,1,3,8,20,0.00674280429798,0.000388709249598,0.00674280429798,0.0139037721219,0.0255610977737,0.00877596545238,0.00674280429798,0.000388709249598,0.00674280429798,0.17025540379,0.592346355701,0.16140876947
721,0.0505941229847,0.000707718661542,0.271653203445,0.0240365659046,0.107117756588,0.00272297367521,0.0123581885088,0.0173931140589,0.0388404058085,0.0248720162923,0.131522616758,0.318181317314,1,3,8,20,0.0109880988603,0.000633442032979,0.0109880988603,0.0134514266555,0.0433010999473,0.00464644002373,0.0109880988603,0.000633442032979,0.0109880988603,0.164611837718,0.572711467636,0.156058448512
722,0.169974478813,0.0356841991736,0.225854616651,0.280875817746,0.0117817552595,0.0201730951864,0.019924229206,0.0655540204539,0.0712636552553,0.0598864018579,0.0288600207406,0.010167709656,1,3,8,20,0.00733824215193,0.000423035056957,0.00733824215193,0.0138068223796,0.0312048426743,0.00730339987232,0.00733824215193,0.000423035056957,0.00733824215193,0.169053194589,0.588163673549,0.160269028214
723,0.110954261853,0.058889753953,0.0690058227201,0.00521525678887,0.103985400189,0.310704782924,0.107866487891,0.0232996592915,0.0645460893985,0.0152754613243,0.0601906424269,0.0700663812396,1,3,8,20,0.0129736228322,0.000747903538768,0.0129736228322,0.0134053270553,0.0360143334617,0.00712695171857,0.0129736228322,0.000747903538768,0.0129736228322,0.164000350567,0.570584003971,0.155478734821
724,0.0123865904362,0.180169314145,0.0579787953889,0.0879058600284,0.144844852651,0.0698928351887,0.0265985893347,0.087973203216,0.0594180951961,0.0667874412194,0.117986264243,0.0880581589523,1,3,8,20,0.00518591182075,0.000298957496502,0.00518591182075,0.014107252385,0.0155149019819,0.0112927004329,0.00518591182075,0.000298957496502,0.00518591182075,0.172785815051,0.601150069742,0.163807698131
725,0.0242441740897,0.0876408351744,0.107883474448,0.087459278953,0.00266645334181,0.2287250481,0.137852890174,0.0509675177212,0.0605710913951,0.0284217372995,0.0586489504409,0.124918548863,1,3,8,20,0.00493304166873,0.000284380035449,0.00493304166873,0.0141543358027,0.0125614162288,0.0120756760136,0.00493304166873,0.000284380035449,0.00493304166873,0.17336881566,0.603178424079,0.16436040547
726,0.0699967911932,0.0310870202635,0.040729963915,0.00406792791925,0.30303387325,0.0463869028705,0.0867358476522,0.000132167686349,0.00123747402052,0.256454347027,0.00891661594818,0.151221068255,1,3,8,20,0.0120240124587,0.000693160390459,0.0120240124587,0.0133272100591,0.0489331989697,0.00326980644796,0.0120240124587,0.000693160390459,0.0120240124587,0.163065121858,0.567330190554,0.154592101495
727,0.185530190618,0.147465860567,0.204175376115,0.101096842214,0.0239375366475,0.0535498391989,0.0319391271299,0.239804799393,0.00240333334324,0.000835997212659,0.00289719269358,0.00636390486687,1,3,8,20,0.00518390442581,0.000298841774178,0.00518390442581,0.0140593435681,0.0200388618144,0.0100115084299,0.00518390442581,0.000298841774178,0.00518390442581,0.17219866208,0.599107268663,0.163251054193
728,0.0127660231369,0.156768704497,0.0399258565452,0.150766041082,0.0932425042919,0.0925253580442,0.0220175195944,0.0856202921696,0.00111483786786,0.0491831506693,0.0218823023621,0.27418740974,1,3,8,20,0.00476629657967,0.000274767512888,0.00476629657967,0.0139930884868,0.0287247680528,0.00746463201596,0.00476629657967,0.000274767512888,0.00476629657967,0.171396371222,0.59631596774,0.162490451139
729,0.0472353844421,0.0364171715989,0.137517040403,0.0590206622675,0.0679503984931,0.000336560179868,0.0601738009872,0.0960361654756,0.0496919726444,0.0241209425057,0.376479372448,0.0450205285545,1,3,8,20,0.00444032987084,0.000255976180797,0.00444032987084,0.014008117355,0.029218383567,0.00725633249384,0.00444032987084,0.000255976180797,0.00444032987084,0.171588202035,0.596983378467,0.162672314238
730,0.10383313953,0.00798053507502,0.0881523372421,0.0152019593213,0.0307915589045,0.078515827946,0.225729001745,0.162172201053,0.149077449164,0.0501699431049,0.0836747479539,0.00470129896081,1,3,8,20,0.00490738638563,0.000282901059432,0.00490738638563,0.0140835115671,0.0193821203579,0.0101392837072,0.00490738638563,0.000282901059432,0.00490738638563,0.172501350585,0.600160371409,0.163538014713
731,0.00494633927761,0.136979564054,0.128292503802,0.122473330767,0.0107090583964,0.0339432711453,0.179757163136,0.237938318537,0.090133306544,0.00355457115696,0.0168321162376,0.034440456946,1,3,8,20,0.00582715535058,0.000335923909922,0.00582715535058,0.0140764957318,0.0146561043656,0.0116706907791,0.00582715535058,0.000335923909922,0.00582715535058,0.172393837217,0.599786314842,0.163436087842
732,0.040625084595,0.266021898635,0.0581397479332,0.00895289529324,0.101558561192,0.0606006973238,0.010465661027,0.22952289166,0.0269388218667,0.0685812149806,0.0061055170872,0.122487008406,1,3,8,20,0.006621959824,0.000381742806154,0.006621959824,0.0138866471025,0.0278817330132,0.00809356034399,0.006621959824,0.000381742806154,0.006621959824,0.170048336823,0.591625935907,0.161212461902
733,0.146275636884,0.0684806453729,0.081120386542,0.00568713177994,0.0709912048676,0.0028290933273,0.105651423615,0.230282980714,0.0237990439701,0.0459391197486,0.0135270579596,0.205416275218,1,3,8,20,0.00779143940243,0.000449160976586,0.00779143940243,0.0137333774995,0.0354678828833,0.00619180888422,0.00779143940243,0.000449160976586,0.00779143940243,0.168142403936,0.584994884116,0.159405563118
734,0.0392614807025,0.0654051507348,0.0710108805728,0.147735549977,0.0303425512917,0.0605102055651,0.0431300017274,0.202034304673,0.00917396217579,0.306328884294,0.0175239853688,0.00754304291606,1,3,8,20,0.00356068672572,0.000205266503971,0.00356068672572,0.0139798687906,0.03703070777,0.00485960518315,0.00356068672572,0.000205266503971,0.00356068672572,0.171262554256,0.595850396659,0.16236358743
735,0.0680418927908,0.016638653225,0.132755570056,0.10708107284,0.01237789277,0.197615735544,0.152243302126,0.0215225088997,0.115280937148,0.0261218740311,0.0735303742706,0.0767901863002,1,3,8,20,0.00792359781036,0.000456779645808,0.00792359781036,0.0137666956088,0.0315558694188,0.00732712551033,0.00792359781036,0.000456779645808,0.00792359781036,0.168547678627,0.586404900956,0.159789779347
736,0.0326079394841,0.0814294983342,0.016086971075,0.345684743079,0.135493493877,0.0423233097997,0.0967976854178,0.101860891635,0.0832009199448,0.0102253256517,0.041683634992,0.0126055867101,1,3,8,20,0.00342755469406,0.000197591707279,0.00342755469406,0.014258821742,0.0115377520331,0.0120488698109,0.00342755469406,0.000197591707279,0.00342755469406,0.174684688654,0.607756561131,0.165607904438
737,0.00768671937732,0.254017366772,0.00999961143116,0.0459717566156,0.112511744566,0.0127125214957,0.100605317494,0.103221240456,0.151694250607,0.0639514356671,0.0541331880414,0.0834948474771,1,3,8,20,0.00542909372585,0.000312976449399,0.00542909372585,0.0139884211121,0.0252825675091,0.00857853761701,0.00542909372585,0.000312976449399,0.00542909372585,0.171323655278,0.596062977096,0.162421513585
738,0.0869866223647,0.307196070326,0.0602440271959,0.0639281181064,0.132597518,0.0721890746719,0.0125492026134,0.00584289092272,0.0686806345829,0.0130386699987,0.158740522342,0.0180066488748,1,3,8,20,0.00573530220309,0.000330628758757,0.00573530220309,0.0137681040064,0.0442393619501,0.00327611254974,0.00573530220309,0.000330628758757,0.00573530220309,0.168616147832,0.586643116505,0.159854690827
739,0.280432189893,0.15804983241,0.0357185849535,0.0202722230355,0.0283655939343,0.220845608382,0.0272893779936,0.00715657473437,0.20149029536,0.00263323345473,0.0142169546069,0.00352953124105,1,3,8,20,0.00468401633465,0.0002700242205,0.00468401633465,0.0141669587843,0.0128310049507,0.0119469815788,0.00468401633465,0.0002700242205,0.00468401633465,0.173529357988,0.603736977055,0.164512605863
740,0.195045921727,0.0946808686702,0.00807945361288,0.0704891988074,0.00959978659405,0.191460623929,0.0117661598536,0.000133749327447,0.0913036013067,0.0977811208595,0.186026028732,0.0436334865807,1,3,8,20,0.00579967788911,0.000334339888948,0.00579967788911,0.0141272455403,0.010037254267,0.0129725461282,0.00579967788911,0.000334339888948,0.00579967788911,0.173016501088,0.601952664142,0.164026397501
741,0.0293710585217,0.0869569904129,0.00829223384101,0.0350387647847,0.201730139133,0.207455182257,0.159827872947,0.0857595370217,0.0667450631154,0.0170663049779,0.0135893561277,0.0881674968591,1,3,8,20,0.00515914069929,0.000297414194624,0.00515914069929,0.0138591176251,0.0390418045074,0.00462641277427,0.00515914069929,0.000297414194624,0.00515914069929,0.169745149174,0.590571096559,0.160925028174
742,0.00363200963905,0.0246594666129,0.137949248595,0.108649866324,0.0152152213766,0.0092681098878,0.0285568063532,0.109481114572,0.0328329663472,0.329132435508,0.179703642471,0.0209191123124,1,3,8,20,0.00474341741284,0.00027344857445,0.00474341741284,0.0139540666623,0.0325339621956,0.0063814065233,0.00474341741284,0.00027344857445,0.00474341741284,0.170918631106,0.594653831854,0.162037534858
743,0.00423698306054,0.158333258722,0.0899586940803,0.257690340978,0.00482322224165,0.0235266813465,0.0287775008605,0.15576524982,0.164164689809,0.0197376741805,0.0315672653748,0.0614184395268,1,3,8,20,0.00544436911466,0.000313857045165,0.00544436911466,0.0139270263293,0.0309754583816,0.00697004641015,0.00544436911466,0.000313857045165,0.00544436911466,0.170570805585,0.593443690059,0.161707782685
744,0.0648146245021,0.0411100935215,0.172302596221,0.00187743450222,0.0136726005272,0.328830894269,0.0317149753312,0.100751189922,0.0465394563402,0.036607900047,0.0908379735137,0.0709402613033,1,3,8,20,0.00657796144155,0.000379206386962,0.00657796144155,0.0138716117951,0.0295554898896,0.00761045300423,0.00657796144155,0.000379206386962,0.00657796144155,0.169865084422,0.590988370876,0.161038731472
745,0.106449481771,0.293521054696,0.0345508402731,0.102376418335,0.00327698411954,0.00642145150301,0.0551290765503,0.0675706427091,0.0754603802074,0.162801325537,0.0582182432418,0.0342241010563,1,3,8,20,0.00687787348201,0.000396495719269,0.00687787348201,0.0137848096434,0.0359743019116,0.0058563085838,0.00687787348201,0.000396495719269,0.00687787348201,0.168794165763,0.587262469958,0.160023458774
746,0.0479232047939,0.118098686944,0.175538011819,0.235080663757,0.065801174021,0.0916039504906,0.11135962473,0.014255473959,0.0352255676668,0.00837132515379,0.0771726043244,0.019569712341,1,3,8,20,0.0037778359339,0.000217784723696,0.0037778359339,0.014022042689,0.0317868645711,0.00638984776976,0.0037778359339,0.000217784723696,0.0037778359339,0.171774382129,0.597631129422,0.162848820236
747,0.158727140373,0.0528831621999,0.104837451908,0.0315364748389,0.037463593063,0.0345447680596,0.128172666469,0.0381698530595,0.121780821193,0.0235360516466,0.213305792937,0.0550422242522,1,3,8,20,0.00445770272153,0.000256977691068,0.00445770272153,0.0140337032247,0.0267068786536,0.00797101359327,0.00445770272153,0.000256977691068,0.00445770272153,0.171901391669,0.598073016354,0.162969230238
748,0.0701578406771,0.00129460163929,0.0471389582602,0.0380586575082,0.100112034722,0.0562598889557,0.0718540697339,0.00304931297031,0.102395247037,0.00496338600439,0.209842104972,0.29487389752,1,3,8,20,0.00461111527364,0.000265821619406,0.00461111527364,0.0140289057808,0.0262602293061,0.00812972733142,0.00461111527364,0.000265821619406,0.00461111527364,0.171839001327,0.597855950164,0.162910081758
749,0.00324049243169,0.136934888096,0.0257281828773,0.0428572823089,0.116551820666,0.459635253096,0.091507756215,0.0295944370137,0.00338501514727,0.00539736169083,0.0335314814975,0.0516360289595,1,3,8,20,0.00715610749097,0.0004125353562,0.00715610749097,0.0137858478568,0.0342469930734,0.00640383822064,0.00715610749097,0.0004125353562,0.00715610749097,0.168800379955,0.587284090147,0.160029350071
750,0.171315335973,0.00614549931262,0.103139615047,0.111212776536,0.0661433920424,0.0520931869448,0.167376177262,0.00189088451982,0.072130266546,0.0712913852896,0.0794142355676,0.0978472449591,1,3,8,20,0.00832979768137,0.000480196260034,0.00832979768137,0.0137258334626,0.0330254136534,0.0069965121002,0.00832979768137,0.000480196260034,0.00832979768137,0.16803734177,0.584629355684,0.159305960084
751,0.09921337731,0.0813048613823,0.0363575030612,0.227438037331,0.0954151137709,0.0839143982015,0.0384286785612,0.0176054100048,0.0588554595243,0.228905796148,0.00944590227408,0.0231154624312,1,3,8,20,0.00640089297439,0.000368998742197,0.00640089297439,0.0137905596052,0.0382262730248,0.00511844508567,0.00640089297439,0.000368998742197,0.00640089297439,0.168875802374,0.58754649706,0.160100853469
752,0.0871089938011,0.0193278656601,0.142201660965,0.177463728297,0.0586330049176,0.0353481688219,0.0198552652432,0.0625008483034,0.207903865983,0.0246064207124,0.0373022447804,0.127747932515,1,3,8,20,0.00506407330616,0.000291933748594,0.00506407330616,0.0142437817394,0.00336970643035,0.014705480659,0.00506407330616,0.000291933748594,0.00506407330616,0.174462053916,0.606981978518,0.165396838016
753,0.0157899891218,0.10060916149,0.0116680881032,0.168163240093,0.0255721671957,0.00788272070362,0.101026362144,0.0249382568484,0.37587508141,0.0172236484547,0.0741362290051,0.0771150554301,1,3,8,20,0.00899881488267,0.000518763770345,0.00899881488267,0.0137382163612,0.0279409358478,0.00857666787401,0.00899881488267,0.000518763770345,0.00899881488267,0.168173458918,0.585102929473,0.159435004454
754,0.0235297309336,0.0605429916316,0.0450949367378,0.128753453684,1.34085431706e-06,0.156824490739,0.122886135009,0.0178439034701,0.0906230267195,0.168678792767,0.0841404605906,0.101080736864,1,3,8,20,0.00428091089817,0.000246785994267,0.00428091089817,0.0141364399705,0.0180662211039,0.0103800735547,0.00428091089817,0.000246785994267,0.00428091089817,0.173164733456,0.602468388761,0.164166927573
755,0.0218454848915,0.0578098627576,0.0696629492707,0.100728571956,0.0398415545892,0.0894407405132,0.323825964153,0.0463857884799,0.0441265285325,0.0551723294496,0.113385215118,0.0377750102879,1,3,8,20,0.00686017317737,0.000395475331931,0.00686017317737,0.0137738616928,0.0371090793127,0.00553132137815,0.00686017317737,0.000395475331931,0.00686017317737,0.168660395137,0.586797060106,0.159896639
756,0.21382178348,0.0609384065718,0.0203363508267,0.0497050426956,0.0516010828624,0.000497059954797,0.0912401723173,0.228753710782,0.00815177352575,0.0824593543577,0.0635772614817,0.128918001145,1,3,8,20,0.00576326123552,0.000332240541338,0.00576326123552,0.013807607724,0.0403550304639,0.00438167836495,0.00576326123552,0.000332240541338,0.00576326123552,0.169099675456,0.588325388076,0.160313093891
757,0.0241840606163,0.0440711946781,0.0600632577933,0.0226826772014,0.128350760325,0.0142937622961,0.0274438477752,0.217007971546,0.164991391614,0.131149108865,0.0220622494319,0.143699717858,1,3,8,20,0.00567417067351,0.000327104647728,0.00567417067351,0.0137979794454,0.0417836266683,0.00395849482251,0.00567417067351,0.000327104647728,0.00567417067351,0.168983750103,0.587922064841,0.160203192131
758,0.0153235886513,0.048302253424,0.310970033625,0.0691772368136,0.0636609552114,0.148457638791,0.133418571612,0.0771255147499,0.0613854290464,0.0117542653761,0.0530045401253,0.00741997257366,1,3,8,20,0.00493974715017,0.00028476659311,0.00493974715017,0.0141518910404,0.0127523997944,0.0120230172194,0.00493974715017,0.00028476659311,0.00493974715017,0.173338694239,0.603073626734,0.164331849186
759,0.236598250166,0.135238733875,0.179967291578,0.0244246900478,0.0609134944012,0.0303155043422,0.00139565081468,0.109232786248,0.0876757432833,0.000680406171024,0.103889860708,0.0296675883648,1,3,8,20,0.00555739159877,0.00032037256646,0.00555739159877,0.0140042876789,0.0230368051413,0.00924131310534,0.00555739159877,0.00032037256646,0.00555739159877,0.171515123464,0.596729126183,0.1626030329
760,0.0565688519893,0.1588422607,0.0183908586347,0.00861332140633,0.0125937758296,0.084661446444,0.177111424135,0.280906125549,0.11800733511,0.00688278860084,0.0277972803267,0.0496245312744,1,3,8,20,0.00460277826191,0.000265341007271,0.00460277826191,0.0140967940035,0.0199151299867,0.00992432324242,0.00460277826191,0.000265341007271,0.00460277826191,0.172671276255,0.600751570568,0.163699110882
761,0.140406081125,0.26925844442,0.0401964871316,0.0245224887071,0.108463940209,0.197736684076,0.012551007632,0.00243584606696,0.0857487158998,0.0292471758201,0.0325102412824,0.0569228876299,1,3,8,20,0.00972635771768,0.000560705166973,0.00972635771768,0.0136593857869,0.0311044643063,0.0078340542982,0.00972635771768,0.000560705166973,0.00972635771768,0.167190238082,0.581682143605,0.158502872717
762,0.0316528405753,0.0369632538009,0.144272033089,0.00368540929223,0.064041194563,0.276972748207,0.0620044709837,0.05921757812,0.224906280729,0.0343886371966,0.0208247533018,0.0410708001416,1,3,8,20,0.00355173655734,0.000204750544575,0.00355173655734,0.0138968627649,0.0449008947835,0.0026296089299,0.00355173655734,0.000204750544575,0.00355173655734,0.170245390756,0.592311518723,0.161399276724
763,0.00524618539281,0.204304334826,0.101957283082,0.161614202798,0.108229956542,0.0452931328524,0.0507566360023,0.088406962106,0.0388779665971,0.123504410934,0.0430140977515,0.028794831116,1,3,8,20,0.0107976042437,0.000622460397417,0.0107976042437,0.013562152873,0.0339882216414,0.00724292936232,0.0107976042437,0.000622460397417,0.0107976042437,0.165973424038,0.577448648817,0.157349285499
764,0.0348297954534,0.0476512748849,0.0052914670946,0.263785865889,0.0611536968398,0.238154939312,0.151650074316,0.0621243816363,0.0311489742633,0.0133135575996,0.032835726305,0.0580602464052,1,3,8,20,0.0050774903615,0.000292707215135,0.0050774903615,0.0140323442174,0.0232049784227,0.00909277547793,0.0050774903615,0.000292707215135,0.0050774903615,0.171870231553,0.597964605221,0.162939689232
765,0.0342992159994,0.14600942235,0.0243540405705,0.0731029499115,0.0172924145884,0.101293346625,0.174365320319,0.131969632315,0.114278757338,0.123292128972,0.0225945951752,0.0371481758349,1,3,8,20,0.00804409135209,0.000463725858706,0.00804409135209,0.0137091536552,0.036269660008,0.00601795363263,0.00804409135209,0.000463725858706,0.00804409135209,0.167839589431,0.583941343001,0.159118483146
766,0.00366566812658,0.0113704560981,0.332126946549,0.108134026744,0.0789611262746,0.0649613983048,0.0515995130569,0.0343866093016,0.0560110102634,0.0326372066265,0.0900365622829,0.136109476372,1,3,8,20,0.0118139870259,0.00068105284221,0.0118139870259,0.0134506597994,0.0385363649129,0.00616906501867,0.0118139870259,0.00068105284221,0.0118139870259,0.164583112534,0.572611528031,0.156031215916
767,0.0677386254567,0.0432932546422,0.0773641501971,0.0801833737578,0.00248124438784,0.141297157503,0.0229541576945,0.0596042508481,0.0402439590866,0.0467354486509,0.00550703970045,0.412597338075,1,3,8,20,0.00848342705567,0.000489052687739,0.00848342705567,0.0136441307182,0.0398206777142,0.00510502683297,0.00848342705567,0.000489052687739,0.00848342705567,0.167032347661,0.581132817043,0.158353186433
768,0.152965061528,0.217905337054,0.119333089472,0.0585849162023,0.0225176195525,0.0970572413427,0.057808896419,0.0360675376779,0.0323099343655,0.156837712033,0.0313560446258,0.0172566097271,1,3,8,20,0.00891223590903,0.000513772664806,0.00891223590903,0.0135472669822,0.0464322144489,0.00332342833039,0.00891223590903,0.000513772664806,0.00891223590903,0.165835091794,0.576967368348,0.157218141131
769,0.0262881123234,0.0421696425503,0.0100789744295,0.0210440610025,0.06504621364,0.061896929157,0.0459011284697,0.348810452024,0.101927328791,0.23912174277,0.00655950643394,0.031155908408,1,3,8,20,0.00594079969143,0.000342475280019,0.00594079969143,0.0138416037936,0.0361133882905,0.00561985928446,0.00594079969143,0.000342475280019,0.00594079969143,0.169512197734,0.589760620456,0.160704181115
770,0.129582603914,0.0839608236028,0.0471071112103,0.121912112456,0.0276433589571,0.111502696538,0.031907938277,0.219777340758,0.0144558213525,0.0857002461608,0.0710480589437,0.0554018878309,1,3,8,20,0.016376055928,0.000944047035897,0.016376055928,0.0132206676831,0.0334791838098,0.00856022738671,0.016376055928,0.000944047035897,0.016376055928,0.161657433317,0.562432612217,0.153257557802
771,0.106397764356,0.0855208626926,0.0297056839137,0.15909992348,0.138401174747,0.00367943858847,0.0080893891895,0.0118153206385,0.210257507131,0.0662224819513,0.132176717925,0.0486337353861,1,3,8,20,0.00395261249263,0.000227860244501,0.00395261249263,0.0141885435837,0.0150816764253,0.0111559791095,0.00395261249263,0.000227860244501,0.00395261249263,0.173811029725,0.604716959031,0.164779641666
772,0.0603500669362,0.0425630043701,0.0294528938727,0.147120683745,0.150850726581,0.23676204485,0.0642938105319,0.0523280378334,0.0827954871455,0.0322624785159,0.0699857860611,0.0312349795575,1,3,8,20,0.00508591031089,0.000293192608461,0.00508591031089,0.0141062871326,0.016191489003,0.0110801221639,0.00508591031089,0.000293192608461,0.00508591031089,0.172776324399,0.601117050217,0.163798700624
773,0.00686326100759,0.013882169244,0.0430052068293,0.0609086623097,0.105973969609,0.0511352284214,0.0735827519195,0.184506620103,0.068582262589,0.205349844411,0.065912876593,0.120297146965,1,3,8,20,0.00503279872153,0.000290130831027,0.00503279872153,0.0141261336499,0.0146333389357,0.0115100774063,0.00503279872153,0.000290130831027,0.00503279872153,0.173020818364,0.601967684649,0.164030490447
774,0.0225815406776,0.0207346276851,0.0819472034824,0.0935522331142,0.0377587687273,0.125590007268,0.15330543979,0.112526403057,0.177649989613,0.0163759749685,0.153114187636,0.00486362398149,1,3,8,20,0.00781325531053,0.000450418620274,0.00781325531053,0.0137112916632,0.037420227751,0.00564367219804,0.00781325531053,0.000450418620274,0.00781325531053,0.167871195831,0.584051306827,0.159148447247
775,0.0323490520723,0.140487381601,0.0159894617163,0.00437917768509,0.0366012108357,0.0223801228759,0.217778932536,0.206853429666,0.049443788731,0.0244730520754,0.11692667445,0.132337715755,1,3,8,20,0.006742318044,0.000388681218024,0.006742318044,0.0138539742294,0.0302540678645,0.00744724517626,0.006742318044,0.000388681218024,0.006742318044,0.16964506155,0.590222875369,0.160830141199
776,0.042951185219,0.122257197856,0.0241799883979,0.192156269442,0.168296538921,0.0178940887056,0.0779363601896,0.109117480707,0.0211346635006,0.0735724393145,0.110874701149,0.0396290865979,1,3,8,20,0.00808071485151,0.000465837130567,0.00808071485151,0.0137827138045,0.0291270416177,0.0080477891738,0.00808071485151,0.000465837130567,0.00808071485151,0.168740330888,0.587075169637,0.159972421212
777,0.0380813058964,0.0490056039222,0.0490440467022,0.0225192328453,0.137467141619,0.260563688323,0.051926903636,0.0222235901654,0.0897049132361,0.0393752870834,0.209392414567,0.0306958720041,1,3,8,20,0.00370936803822,0.000213837685761,0.00370936803822,0.0141299335058,0.0220263621673,0.00913872615846,0.00370936803822,0.000213837685761,0.00370936803822,0.173098360559,0.60223746661,0.164104003475
778,0.0340121852084,0.151454406771,0.0338592849547,0.36708092762,0.0372824032094,0.0617371043227,0.0387473298421,0.0585548519007,0.0151365831981,0.0533017292941,0.143952117513,0.00488107616575,1,3,8,20,0.00575741177668,0.000331903331676,0.00575741177668,0.0137851072956,0.0425084500283,0.00377079758666,0.00575741177668,0.000331903331676,0.00575741177668,0.168824033236,0.587366383777,0.160051774306
779,0.0211613094538,0.0910709697671,0.00512133408367,0.0128689333947,0.0452621778603,0.0237815461313,0.0532590792222,0.424918673917,0.00933052057601,0.11661865184,0.116945545585,0.0796612581697,1,3,8,20,0.00715010684693,0.000412189431013,0.00715010684693,0.0140077197855,0.0133855402867,0.0123086232537,0.00715010684693,0.000412189431013,0.00715010684693,0.171519919282,0.596745811619,0.162607579523
780,0.111580577413,0.193919429924,0.0308236820073,0.0773664996708,0.00832205948305,0.0264891654203,0.137304878573,0.137519145641,0.0290890629272,0.114458333778,0.0267254786018,0.106401686561,1,3,8,20,0.00745911438793,0.000430003100827,0.00745911438793,0.0137276683827,0.0379519056412,0.00541867168418,0.00745911438793,0.000430003100827,0.00745911438793,0.168080206028,0.584778487437,0.159346597073
781,0.0724907458985,0.0355238481591,0.134702505189,0.106058521354,0.185372982498,0.0822208628524,0.0170465723859,0.0232722907296,0.0725077671924,0.00549023415631,0.17899558771,0.0863180818746,1,3,8,20,0.00325093056383,0.000187409677653,0.00325093056383,0.0141834747799,0.0196685965117,0.00970981636587,0.00325093056383,0.000187409677653,0.00325093056383,0.173765322992,0.604557937841,0.164736309899
782,0.0282428126604,0.0214781711424,0.061368689507,0.0058581099755,0.23442097461,0.0162482746245,0.0132205749093,0.0284190610894,0.0657617224249,0.170516780308,0.237238238195,0.117226590554,1,3,8,20,0.00544081737033,0.000313652294173,0.00544081737033,0.0138577860759,0.037517524808,0.00511718722468,0.00544081737033,0.000313652294173,0.00544081737033,0.169722237538,0.590491383235,0.160903307049
783,0.0517500458605,0.0339799629206,0.23657668709,0.0201306234162,0.100330181011,0.0569060013584,0.0314219630685,0.0201647396078,0.146462897265,0.0308121447227,0.0485002980576,0.222964455622,1,3,8,20,0.00579110962567,0.000333845945612,0.00579110962567,0.0141206318334,0.0107103355441,0.0127801893801,0.00579110962567,0.000333845945612,0.00579110962567,0.172935639927,0.601671334958,0.163949737964
784,0.0265969065614,0.256516362493,0.035642721784,0.109581155358,0.0238591504988,0.0307827073739,0.0480582638811,0.145291726607,0.024573360371,0.0298251752483,0.220541557971,0.0487309118522,1,3,8,20,0.00841983220103,0.000485386570923,0.00841983220103,0.0136770939397,0.0370885522564,0.00586513935965,0.00841983220103,0.000485386570923,0.00841983220103,0.167437853337,0.582543637517,0.158737621645
785,0.0917377081534,0.183290087624,0.172179900087,0.0462685463678,0.00471297291299,0.058841157995,0.0504443921776,0.0247545189419,0.00305921474304,0.102695977688,0.134428295321,0.127587227988,1,3,8,20,0.00535159630294,0.000308508877188,0.00535159630294,0.0139685529955,0.0276076866143,0.00790397926123,0.00535159630294,0.000308508877188,0.00535159630294,0.171081952885,0.595222054997,0.162192370281
786,0.22551136975,0.0338829629876,0.119770754887,0.026471325237,0.287219708692,0.088241453936,0.0646788546504,0.00560218368238,0.0633273891785,0.0241306111614,0.0391256707329,0.0220377151036,1,3,8,20,0.00755520861717,0.000435542741915,0.00755520861717,0.0139068480704,0.0205134058349,0.010375862107,0.00755520861717,0.000435542741915,0.00755520861717,0.170274093912,0.592411381688,0.161426488435
787,0.0753896416251,0.268425522421,0.111547263115,0.00417606229807,0.0165008067609,0.0124092731242,0.00881270663634,0.0595167758323,0.00536304217637,0.142214520842,0.0540237951095,0.241620590059,1,3,8,20,0.00569873884324,0.000328520953822,0.00569873884324,0.0139477729078,0.0275317190576,0.00799849266607,0.00569873884324,0.000328520953822,0.00569873884324,0.170819136064,0.594307672351,0.161943209674
788,0.180503638737,0.0013251345087,0.0867819471709,0.0701549282495,0.00403997536106,0.194448393428,0.105125956585,0.0852430246122,0.00882871679301,0.0969946343884,0.130525940393,0.0360277097729,1,3,8,20,0.00763631058592,0.00044021810902,0.00763631058592,0.0137895931272,0.0310818574451,0.00740090375374,0.00763631058592,0.00044021810902,0.00763631058592,0.168835047344,0.587404703658,0.16006221611
789,0.0323806007797,0.129200710923,0.0481107973256,0.0661925060501,0.0946705307795,0.0467792210712,0.0189778799227,0.0522198064224,0.313981794303,0.079169906468,0.068064150766,0.0502520951883,1,3,8,20,0.00521089965928,0.000300397995667,0.00521089965928,0.0139498669996,0.0301916072711,0.00714286086665,0.00521089965928,0.000300397995667,0.00521089965928,0.170856218179,0.594436687088,0.161978364967
790,0.0387379959436,0.0867243015359,0.0689951415355,0.11635963853,0.0660657720035,0.350523320471,0.111851100066,0.0291972127946,0.0539841141331,0.0161902620672,0.051039643992,0.0103314969284,1,3,8,20,0.00873860990459,0.000503763471166,0.00873860990459,0.0136093527137,0.0416016562086,0.0046544839719,0.00873860990459,0.000503763471166,0.00873860990459,0.166600115649,0.579629011283,0.157943413613
791,0.120314811094,0.0232626758725,0.291348318904,0.113475125151,0.125171421652,0.0158578713875,0.0720942612663,0.0327593529767,0.0239242104872,0.0959423877085,0.0835575632085,0.00229200029255,1,3,8,20,0.0170080349404,0.000980479368326,0.0170080349404,0.0130032959136,0.0502506445159,0.00394499977671,0.0170080349404,0.000980479368326,0.0170080349404,0.15897840256,0.553111826678,0.150717732057
792,0.141978711869,0.116544113026,0.0577528713432,0.00340073897398,0.110259701353,0.0127799143689,0.23852052012,0.122150743605,0.00397266589072,0.0150409903388,0.166611990682,0.0109870384281,1,3,8,20,0.00896461474995,0.000516792200751,0.00896461474995,0.0135688660738,0.0440911780837,0.00399721038813,0.00896461474995,0.000516792200751,0.00896461474995,0.166098597867,0.577884149011,0.157467955176
793,0.168854507777,0.00826260458058,0.0480231543469,0.112756878508,0.0735284544644,0.0678120157801,0.0650026746867,0.211016488322,0.00762499798998,0.0536855362365,0.153330048547,0.0301026387603,1,3,8,20,0.00397825457121,0.000229338459304,0.00397825457121,0.0141348853446,0.0199852009193,0.00977314412993,0.00397825457121,0.000229338459304,0.00397825457121,0.173152761287,0.602426735627,0.164155577489
794,0.0134473146155,0.100063997631,0.068578016996,0.350161790379,0.023611046473,0.295385136929,0.0155540108278,0.0328417196068,0.0104855989642,0.017902715549,0.00198745124228,0.0699812007862,1,3,8,20,0.00759995691586,0.000438122392285,0.00759995691586,0.0137636140885,0.0337415567721,0.00664027581836,0.00759995691586,0.000438122392285,0.00759995691586,0.168517482948,0.58629984526,0.159761152665
795,0.139807260264,0.0124422139179,0.00676666924461,0.0113892078283,0.157279190665,0.165864804503,0.0260412041206,0.0733473154365,0.127985411015,0.116803391146,0.0865144471526,0.0757588847064,1,3,8,20,0.00450613548124,0.000259769743284,0.00450613548124,0.0140082578283,0.0288197511614,0.00738302792602,0.00450613548124,0.000259769743284,0.00450613548124,0.171588383884,0.59698401115,0.162672486638
796,0.108672280299,0.00481394664712,0.0221492102277,0.174113275833,0.166818315404,0.0381524348452,0.136781240645,0.0685274942198,0.0255495643854,0.117767865968,0.0308845721689,0.105769799357,1,3,8,20,0.00900146238154,0.000518916393386,0.00900146238154,0.0137596691056,0.025904943306,0.00915363071351,0.00900146238154,0.000518916393386,0.00900146238154,0.168436335005,0.586017518311,0.159684221247
797,0.00764982726667,0.0294725199749,0.18594488542,0.221862272318,0.0351818156349,0.0321955887814,0.0496273686749,0.0918926510865,0.0618703319173,0.109900771787,0.0142325618754,0.160169405264,1,3,8,20,0.00639974047382,0.000368932302832,0.00639974047382,0.013947777378,0.0234257581379,0.00930834888543,0.00639974047382,0.000368932302832,0.00639974047382,0.170802787126,0.594250791728,0.161927710243
798,0.0594732077317,0.169217293212,0.00234542863511,0.0258034636839,0.199851832805,0.178818925204,0.0182496711495,0.00105823440882,0.2197817162,0.0502744129718,0.0124057868968,0.0627200271014,1,3,8,20,0.00446004602011,0.000257112777568,0.00446004602011,0.0139822020545,0.031543697028,0.00660216377136,0.00446004602011,0.000257112777568,0.00446004602011,0.171270106796,0.595876673181,0.162370747534
799,0.0490657830908,0.0638368270903,0.0933923978981,0.0552666411525,0.165907953875,0.00179514117803,0.18856168102,0.0103981819139,0.108377466274,0.0139161680621,0.103449378618,0.146032379828,1,3,8,20,0.00333232439141,0.000192101869839,0.00333232439141,0.0141220878001,0.0249735181573,0.00822506754839,0.00333232439141,0.000192101869839,0.00333232439141,0.173011021738,0.601933600588,0.164021202863
800,0.0802531818081,0.0415047698946,0.00498517486226,0.0526206232939,0.17837159551,0.0956951530033,0.0344599137242,0.169767676414,0.0596221526197,0.0426259415098,0.21081462578,0.0292791915808,1,3,8,20,0.00511723780568,0.000294998576194,0.00511723780568,0.0140626008554,0.0201225250839,0.00997380224665,0.00511723780568,0.000294998576194,0.00511723780568,0.172240145424,0.599251595993,0.163290382023
801,0.0169508684131,0.169266146846,0.117574277437,0.120849241257,0.0832205639574,0.00163659285796,0.0885152829335,0.0603222556758,0.042063836639,0.154828577317,0.130756294686,0.0140160619799,1,3,8,20,0.0075901518854,0.000437557151791,0.0075901518854,0.013667673069,0.042835008875,0.00406378348292,0.0075901518854,0.000437557151791,0.0075901518854,0.167341800207,0.582209452992,0.158646559529
802,0.0367523874227,0.271703178926,0.115736545778,0.0160735616275,0.0187715145768,0.0998208359261,0.0483067758848,0.209361055295,0.0305614483539,0.100458459373,0.0291462341965,0.0233080026404,1,3,8,20,0.0053167036938,0.000306497387707,0.0053167036938,0.0139398131035,0.0305188548342,0.00707246570714,0.0053167036938,0.000306497387707,0.0053167036938,0.170730515583,0.593999347224,0.161859193998
803,0.0673534819692,0.042226115332,0.00698197555707,0.125836792671,0.0792596098235,0.000591258998731,0.122496099409,0.094980598715,0.00609170403691,0.0374777874005,0.0368191109852,0.379885465102,1,3,8,20,0.00898743081409,0.000518107501445,0.00898743081409,0.0137052502605,0.031112459782,0.00767638950053,0.00898743081409,0.000518107501445,0.00898743081409,0.167769672491,0.583698090548,0.159052199158
804,0.0483251237894,0.159162691212,0.0191212550938,0.0253196801646,0.111078216037,0.175850176868,0.0345952340602,0.0161688898078,0.236338527493,0.0471067397048,0.0341716345083,0.0927618312606,1,3,8,20,0.00469124254107,0.00027044079692,0.00469124254107,0.0140609712737,0.0227709207494,0.0091344302662,0.00469124254107,0.00027044079692,0.00469124254107,0.172230140732,0.599216788036,0.163280897184
805,0.0740560500105,0.0284102635896,0.0164414704033,0.279199124505,0.0260999478435,0.0754392257994,0.007595101896,0.0447588030155,0.0476319028607,0.157270332145,0.121462330873,0.121635447059,1,3,8,20,0.00558986005552,0.000322244308379,0.00558986005552,0.0138586798476,0.0365604517573,0.00541948705401,0.00558986005552,0.000322244308379,0.00558986005552,0.169729704494,0.590517361994,0.160910386014
806,0.0448654535649,0.145430308016,0.101510836762,0.128827742961,0.0189125993625,0.0336608559063,0.0973673863398,0.00785616940986,0.120969255476,0.131242421192,0.0201925759479,0.149164395061,1,3,8,20,0.0062202099312,0.000358582724316,0.0062202099312,0.0139903309931,0.0204693770723,0.0101075679574,0.0062202099312,0.000358582724316,0.0062202099312,0.171328551511,0.596080011888,0.162426155405
807,0.167315700229,0.0218907246468,0.149851871546,0.224820545219,0.0465066151772,0.00575563210268,0.0628857566049,0.108076522765,0.0318465397425,0.0916239230502,0.0782576458638,0.0111685230526,1,3,8,20,0.00406945951262,0.000234596242678,0.00406945951262,0.0140002821,0.0321284003228,0.00635448658657,0.00406945951262,0.000234596242678,0.00406945951262,0.171500846846,0.5966794555,0.162589498109
808,0.00423330023912,0.258792014081,0.0584590478278,0.105879177373,0.0500924601953,0.218009940536,0.18810718798,0.0207864295497,0.0328197673279,0.035264941468,0.0246881158385,0.0028676175828,1,3,8,20,0.00627062479514,0.000361489040896,0.00627062479514,0.0140553565065,0.0140498059912,0.011935603338,0.00627062479514,0.000361489040896,0.00627062479514,0.172124364494,0.598848775228,0.163180617181
809,0.095973997628,0.0239476316143,0.0370450815651,0.0432956346792,0.0579713225166,0.0616960420041,0.116448371623,0.0135183265361,0.176590263132,0.014554869074,0.095809137051,0.263149322577,1,3,8,20,0.00597572750137,0.000344488798756,0.00597572750137,0.0139449779667,0.0261727223968,0.00844148822344,0.00597572750137,0.000344488798756,0.00597572750137,0.170778397896,0.594165937613,0.161904588301
810,0.195622255697,0.0611349738141,0.00173579296524,0.102117496323,0.0701370959938,0.0541589943761,0.147471687422,0.0566093802924,0.00635813956496,0.201265868102,0.0166190141484,0.0867693013013,1,3,8,20,0.00557397524442,0.00032132858063,0.00557397524442,0.0138649376724,0.036064102325,0.00555666693569,0.00557397524442,0.00032132858063,0.00557397524442,0.169806775957,0.590785506201,0.16098345277
811,0.0266834109926,0.00951288127371,0.0272225455028,3.70926393342e-05,0.0269874450906,0.0824581216751,0.153089809864,0.0401553375881,0.0142221794965,0.0131759968227,0.159114910749,0.447340268306,1,3,8,20,0.0112265818228,0.000647190101189,0.0112265818228,0.0136518729637,0.0230257181129,0.010436720121,0.0112265818228,0.000647190101189,0.0112265818228,0.167063050435,0.581239637011,0.158382293863
812,0.0236975837625,0.0290728497149,0.0134787425233,0.279824736245,0.0419801657473,0.13614985295,0.0695071393457,0.053696634455,0.00565981878467,0.00964711392159,0.188318895457,0.148966467092,1,3,8,20,0.00552938390654,0.000318757978738,0.00552938390654,0.0141195114289,0.0123487016884,0.0122613119461,0.00552938390654,0.000318757978738,0.00552938390654,0.172928032049,0.601644865906,0.163942525398
813,0.100609753711,0.0436904610724,0.126126877487,0.150806926552,0.0218305359728,0.135428040922,0.0742378663754,0.141199796321,0.0562651935457,0.10389722074,0.0339988970595,0.0119084302409,1,3,8,20,0.00350951265522,0.000202316420643,0.00350951265522,0.0141410479352,0.0221500585879,0.00906167578696,0.00350951265522,0.000202316420643,0.00350951265522,0.173239262544,0.602727687627,0.164237584057
814,0.0175858603224,0.00930223616712,0.000344067045372,0.397972465595,0.0063323276284,0.00247332607982,0.160269379381,0.142181621685,0.0220657650929,0.0175769626573,0.183593152764,0.0403028355813,1,3,8,20,0.00480647840591,0.000277083915209,0.00480647840591,0.0140821462416,0.0201016964206,0.00991434425422,0.00480647840591,0.000277083915209,0.00480647840591,0.172486977604,0.60011036546,0.163524388566
815,0.0182805265256,0.0557237830141,0.10483525467,0.0957471450156,0.0219268368426,0.163488185373,0.0130655611412,0.169408902777,0.0312567167749,0.0214069538315,0.263164918259,0.0416952157762,1,3,8,20,0.00588908362614,0.000339493951771,0.00588908362614,0.0138623219828,0.0344649682968,0.00607566416538,0.00588908362614,0.000339493951771,0.00588908362614,0.169767342789,0.59064831177,0.160946068588
816,0.0393959142499,0.00131035770676,0.0119980750038,0.0581578898937,0.172331763434,0.102205049397,0.294587414158,0.122767787114,0.00474928544618,0.0118546931632,0.0688937054836,0.111748064949,1,3,8,20,0.00636648755769,0.000367015338391,0.00636648755769,0.0138804756711,0.0299591963139,0.00745168607505,0.00636648755769,0.000367015338391,0.00636648755769,0.169978674118,0.591383567977,0.161146418938
817,0.0242127467264,0.016385900116,0.0591510435785,0.0358447366012,0.296483963018,0.00060261576277,0.0242576204482,0.224355932666,0.0662022628602,0.0703488605065,0.171227187367,0.0109271303488,1,3,8,20,0.00608700283064,0.000350903600051,0.00608700283064,0.0140740794127,0.0133618382254,0.0120917556964,0.00608700283064,0.000350903600051,0.00608700283064,0.172358140785,0.599662121126,0.163402246232
818,0.00407014696376,0.255756846822,0.0936028206238,0.0558536639043,0.00343208818343,0.00632985139033,0.0334876243887,0.284292034201,0.0841249031498,0.0505402569532,0.0955846648776,0.0329250985414,1,3,8,20,0.0039250688177,0.000226272406453,0.0039250688177,0.0140354305864,0.0296636548545,0.00702190976345,0.0039250688177,0.000226272406453,0.0039250688177,0.171935027129,0.598190039615,0.163001117968
819,0.0128354274374,0.125376368486,0.0769580989503,0.148055781777,0.0294869558788,0.0276409603846,0.0225509879226,0.226248128954,0.162669494617,0.0428625405151,0.109927368475,0.0153878866014,1,3,8,20,0.00358144159819,0.000206462981067,0.00358144159819,0.0140243438167,0.0327203552433,0.00608426593846,0.00358144159819,0.000206462981067,0.00358144159819,0.171807181875,0.597745245096,0.162879915676
820,0.00752431835696,0.131019231625,0.0866303709127,0.261956799101,0.0449684418864,0.105037872258,0.222209330311,0.0254801292695,0.0252836971665,0.0154351350448,0.0194912589481,0.0549634151198,1,3,8,20,0.0132916279804,0.000766235902728,0.0132916279804,0.013380040001,0.036533494489,0.00704685159319,0.0132916279804,0.000766235902728,0.0132916279804,0.163682975416,0.569479803987,0.155177850788
821,0.0278610027703,0.0157562211276,0.0536366962248,0.0345839880466,0.0507328863688,0.151135439549,0.145303166774,0.127548515767,0.0965205005069,0.0257808005618,0.227026643827,0.0441141384763,1,3,8,20,0.00711046989496,0.000409904439609,0.00711046989496,0.0140549960055,0.00916505789359,0.013495140243,0.00711046989496,0.000409904439609,0.00711046989496,0.172100293251,0.598765027444,0.163157796703
822,0.0956835319677,0.0733441013325,0.00201655053878,0.00360912918427,0.0813987227925,0.0175079138023,0.0154897854574,0.0532064055013,0.17683885125,0.307404147695,0.154203241569,0.0192976189089,1,3,8,20,0.0104307893729,0.000601314250079,0.0104307893729,0.013594597315,0.0330808180665,0.00742267910417,0.0104307893729,0.000601314250079,0.0104307893729,0.166379666706,0.578862033408,0.157734419408
823,0.0299423829103,0.0588412726363,0.103104036517,0.0678794348483,0.0792375167254,0.217118659185,0.0143793253112,0.0289690461807,0.00708463457853,0.256906746229,0.0105580949255,0.125978849953,1,3,8,20,0.00346521434312,0.000199762711104,0.00346521434312,0.0142521750634,0.0119431967619,0.0119420051828,0.00346521434312,0.000199762711104,0.00346521434312,0.174602341618,0.607470062345,0.165529836234
824,0.0182516101741,0.0109028543306,0.0988838307005,0.031224231599,0.0210247677518,0.115850479486,0.0413263968753,0.00619298811358,0.12974647575,0.15515685194,0.0125078669924,0.358931646287,1,3,8,20,0.00633869340599,0.000365413060856,0.00633869340599,0.0139236982947,0.0260511349406,0.0085522447511,0.00633869340599,0.000365413060856,0.00633869340599,0.170509087588,0.593228963066,0.161649271614
825,0.0777287955098,0.00622769928044,0.218385434375,0.0071008199106,0.0160847673103,0.0943902064904,0.107488448561,0.0380394476215,0.0403254398446,0.220574230932,0.00978556926881,0.163869140895,1,3,8,20,0.00634293126284,0.000365657364869,0.00634293126284,0.0137708297892,0.0404239522007,0.00448407449994,0.00634293126284,0.000365657364869,0.00634293126284,0.168635337934,0.586709882003,0.159872883792
826,0.120598727132,0.0805635736035,0.0805706909168,0.04936649079,0.0629845753804,0.10994239377,0.056091466091,0.0901078205446,0.177100327677,0.0944445005269,0.000656174426072,0.077573259142,1,3,8,20,0.00546701679009,0.000315162638585,0.00546701679009,0.013920344825,0.0314721033765,0.00683420512738,0.00546701679009,0.000315162638585,0.00546701679009,0.170488382991,0.593156928394,0.161629642849
827,0.051859721959,0.0212663743518,0.126840662539,0.0744076187608,0.114944044054,0.0363915035404,0.18508696749,0.07239802001,0.0188998265794,0.214939376483,0.0750731078012,0.00789277643113,1,3,8,20,0.00858957925339,0.000495172150695,0.00858957925339,0.0137912229133,0.0253453726877,0.00922542796296,0.00858957925339,0.000495172150695,0.00858957925339,0.168832716127,0.58739659297,0.160060006025
828,0.153465110739,0.0817032708814,0.163772337393,0.0768712807526,0.0685324020398,0.0314355955027,0.152692770577,0.0475075631546,0.00531097523894,0.196674023471,0.0025941898992,0.0194404803504,1,3,8,20,0.0053318103929,0.000307368258848,0.0053318103929,0.0140853562236,0.0167226706171,0.0109814547405,0.0053318103929,0.000307368258848,0.0053318103929,0.172514028134,0.600204478672,0.163550033524
829,0.067822284031,0.296404070126,0.0148508953715,0.00792528561145,0.00544925893714,0.143066447917,0.0365328661634,0.0391319054679,0.200747436827,0.133834252752,0.0101890337461,0.044046263049,1,3,8,20,0.00553052572695,0.000318823802412,0.00553052572695,0.0139022923391,0.0328003920119,0.00647151215736,0.00553052572695,0.000318823802412,0.00553052572695,0.170265634478,0.592381949938,0.161418468562
830,0.0880995922952,0.157309924646,0.0591585469654,0.200712716493,0.00905624035764,0.076601794275,0.0392984363713,0.0319040413061,0.0473448229437,0.0136878606528,0.165816445456,0.111009578238,1,3,8,20,0.00536930104521,0.000309529520347,0.00536930104521,0.0140279762392,0.0219073275285,0.00952152071966,0.00536930104521,0.000309529520347,0.00536930104521,0.171809866434,0.597754585115,0.162882460742
831,0.106375780058,0.148746301071,0.0964359070561,0.156394610656,0.025189734066,0.075552179384,0.0788460771085,0.0603186197333,0.09286082585,0.146191578945,0.0119865782168,0.00110180785512,1,3,8,20,0.00732209835316,0.000422104399084,0.00732209835316,0.0138822875549,0.024191843934,0.00928544172432,0.00732209835316,0.000422104399084,0.00732209835316,0.169978519995,0.591383031758,0.161146272823
832,0.0601994619786,0.0358052412782,0.00360148799102,0.0896300254238,0.16530188479,0.0633984514804,0.301233268312,0.11292458885,0.00472268383018,0.0958578325196,0.0240773406613,0.0432477328848,1,3,8,20,0.00584936165574,0.000337204059224,0.00584936165574,0.0139791308596,0.0236961793476,0.00911604213644,0.00584936165574,0.000337204059224,0.00584936165574,0.171199953783,0.595632599393,0.162304239739
833,0.181185227803,0.158597366274,0.0156437583983,0.0598848802128,0.0273602597744,0.0604693228646,0.277636286226,0.0645673139922,0.0169460741694,0.0585248989011,0.0321519460205,0.0470326653629,1,3,8,20,0.00593206953003,0.000341972003588,0.00593206953003,0.0140496926572,0.0165660538645,0.0111520326827,0.00593206953003,0.000341972003588,0.00593206953003,0.172062867204,0.598634816114,0.16312231535
834,0.0863633274724,0.0512858835945,0.0178276998306,0.186205018444,0.092448357981,0.20596742603,0.0308954431248,0.0793499735051,0.0138042096086,0.15987566555,0.00016853137821,0.075808463481,1,3,8,20,0.00528905915153,0.000304903734858,0.00528905915153,0.0139368368569,0.030961072252,0.00694145652835,0.00528905915153,0.000304903734858,0.00528905915153,0.170694683766,0.593874682483,0.161825224037
835,0.0791632296903,0.0446150055763,0.0401034075321,0.0670757014511,0.0291202028494,0.0864542949704,0.153819756285,0.285627123289,0.0666041378357,0.0297535115032,0.00582208017208,0.111841548845,1,3,8,20,0.0077397603267,0.000446181780711,0.0077397603267,0.0138263745259,0.0270117978572,0.00857492690067,0.0077397603267,0.000446181780711,0.0077397603267,0.169283442037,0.588964742026,0.160487311784
836,0.119838791154,0.0232317608475,0.122055378084,0.0659239160077,0.0454086071877,0.331209030393,0.0304876414162,0.00154388407363,0.118538292215,0.0752189225812,0.0138474004631,0.0526963755767,1,3,8,20,0.00627164696911,0.000361547967192,0.00627164696911,0.0139106132262,0.0276761971744,0.00807807610258,0.00627164696911,0.000361547967192,0.00627164696911,0.17035027785,0.592676438053,0.161498713783
837,0.0841510191808,0.0603031899818,0.184933661262,0.0151507987083,0.0135188265082,0.0652799098522,0.0190301975788,0.056898629146,0.140656873819,0.00261961718047,0.222159925761,0.135297351021,1,3,8,20,0.00424635148249,0.000244793712726,0.00424635148249,0.0141976218342,0.0125063239339,0.0119468576041,0.00424635148249,0.000244793712726,0.00424635148249,0.173915424736,0.605080166324,0.164878612212
838,0.00213776769472,0.449296164568,0.0959628358486,0.00337219558649,0.0426618805406,0.156684895447,0.0597499902754,0.00779823596452,0.0961968881407,0.0702150259127,0.00388154176731,0.012042578254,1,3,8,20,0.00506483122794,0.000291977441277,0.00506483122794,0.0140105928338,0.0253277326413,0.00848914418889,0.00506483122794,0.000291977441277,0.00506483122794,0.171603929438,0.597038096673,0.162687224431
839,0.200806807059,0.0996046124922,0.0236579070713,0.00553078827372,0.130097579781,0.0393297467073,0.151434784222,0.282816764354,0.022094667403,0.0210386458303,0.00529880827707,0.0182888885279,1,3,8,20,0.00600205950915,0.000346006786604,0.00600205950915,0.0138304534261,0.0368047860573,0.00543700229633,0.00600205950915,0.000346006786604,0.00600205950915,0.169374098462,0.589280150534,0.160573257614
840,0.0815248850133,0.0286256220614,0.0626274857519,0.0851717774588,0.0394133232176,0.102270987715,0.197737730107,0.0688405386176,0.0758073264825,0.117024795499,0.112421055004,0.0285344730711,1,3,8,20,0.00575162625442,0.000331569807831,0.00575162625442,0.0141002263904,0.01286342574,0.0121623284146,0.00575162625442,0.000331569807831,0.00575162625442,0.172686462186,0.600804404899,0.163713507737
841,0.00388703114772,0.00728392818422,0.124070352565,0.0117463532875,0.0365445842328,0.0379534148327,0.070450924976,0.0455635260611,0.304196310287,0.24728821447,0.042066827834,0.0689485321222,1,3,8,20,0.00547344680286,0.000315533316026,0.00547344680286,0.0138744203528,0.0357597562171,0.005621687999,0.00547344680286,0.000315533316026,0.00547344680286,0.169925353931,0.591198058338,0.161095869319
842,0.116987509079,0.0780722635333,0.100616127448,0.0116108456365,0.081129546038,0.318783534078,0.114475853887,0.00994534043541,0.0419598080742,0.0787417525323,0.00684317270144,0.0408342465569,1,3,8,20,0.00796214187278,0.000459001634303,0.00796214187278,0.0139490192506,0.0141583148391,0.0122606208257,0.00796214187278,0.000459001634303,0.00796214187278,0.170781447444,0.594176547489,0.161907479391
843,0.109969225391,0.210215678829,0.0553780890553,0.0734460688062,0.108204831922,0.00628096756448,0.0797365012313,0.0651214401339,0.00965200716622,0.187361400697,0.0460658468299,0.0485679423747,1,3,8,20,0.0043459015744,0.00025053257742,0.0043459015744,0.0141115093782,0.0200336333866,0.00983675109998,0.0043459015744,0.00025053257742,0.0043459015744,0.172857647964,0.601399988181,0.163875798538
844,0.0787126238597,0.059968462737,0.0149159860538,0.0754467222568,0.115700432933,0.00607138075174,0.0737466678689,0.0940817726741,0.138029291163,0.00269897308293,0.224956802612,0.115670884007,1,3,8,20,0.00499980928454,0.000288229055633,0.00499980928454,0.013909905434,0.0351916013817,0.00568292815357,0.00499980928454,0.000288229055633,0.00499980928454,0.170371364238,0.592749801041,0.161518704502
845,0.0093519397476,0.129822033225,0.023230368791,0.0282856019442,0.105392394991,0.00235308880954,0.0825229313007,0.0757546228918,0.0713322489938,0.0936022585404,0.144717858551,0.233634652214,1,3,8,20,0.00558532345024,0.000321982782112,0.00558532345024,0.0138798420504,0.0345938983153,0.00597528025481,0.00558532345024,0.000321982782112,0.00558532345024,0.169989187634,0.591420146218,0.161156386162
846,0.0247945731147,0.0332151771465,0.173071986802,0.0588799513492,0.14720128278,0.0210662246441,0.103211123198,0.153338471177,0.0646366324178,0.0519980442034,0.144395479776,0.0241910533912,1,3,8,20,0.00539469226152,0.000310993273439,0.00539469226152,0.0138273221787,0.0406568503861,0.00421871819729,0.00539469226152,0.000310993273439,0.00539469226152,0.169349932611,0.58919607359,0.160550347444
847,0.00908923373644,0.233874407616,0.0222349624886,0.047548136882,0.0628404385044,0.0344925484786,0.053212665344,0.0712836354997,0.350363598752,0.0767344145903,0.0230467807222,0.0152791773851,1,3,8,20,0.00562663192089,0.000324364133242,0.00562663192089,0.0139163758827,0.03091109664,0.00702659881608,0.00562663192089,0.000324364133242,0.00562663192089,0.170436002132,0.59297468683,0.161579983749
848,0.0169346827833,0.0500655858339,0.0202401850913,0.235856612639,0.134348112195,0.279594429479,0.0071053496345,0.116324846057,0.0562061969693,0.025745183712,0.0230029417668,0.0345758738395,1,3,8,20,0.00670412403376,0.000386479409339,0.00670412403376,0.014012647287,0.0155334298324,0.0116067451142,0.00670412403376,0.000386479409339,0.00670412403376,0.171590749954,0.596992243094,0.162674729765
849,0.0109795547473,0.100238175579,0.016799268026,0.0321724197176,0.0289087749712,0.215277538258,0.00170228319218,0.340968119599,0.101763761516,0.0337334711635,0.0425938036519,0.0748628295784,1,3,8,20,0.00464677595309,0.000267877386612,0.00464677595309,0.0141492557311,0.0147164391,0.0114053679332,0.00464677595309,0.000267877386612,0.00464677595309,0.173313249912,0.602985101767,0.164307726971
850,0.00661133490623,0.0772653269149,0.21561753764,0.0970108125174,0.00341311231718,0.0459265987942,0.193594022203,0.0368531421814,0.0473287626824,0.0541735146061,0.0432191104934,0.178986724744,1,3,8,20,0.0095982102319,0.000553317719431,0.0095982102319,0.0136626851431,0.0315442389423,0.0076826002573,0.0095982102319,0.000553317719431,0.0095982102319,0.167233675726,0.581833270265,0.1585440533
851,0.0678437985001,0.253371533812,0.0796191316446,0.105113263338,0.0307735942794,0.16228363053,0.0946239060186,0.117641129328,0.00475176030528,0.0467283185119,0.0264789335949,0.0107710001378,1,3,8,20,0.0056368844147,0.000324955169108,0.0056368844147,0.0138851162909,0.0337951778493,0.0062122481287,0.0056368844147,0.000324955169108,0.0056368844147,0.170052625423,0.591640856648,0.161216527663
852,0.0612264031017,0.0922159393408,0.0922920476183,0.0137085836671,0.0564925267264,0.0228679028882,0.0598120117665,0.0244163627108,0.116173125365,0.198884693032,0.10920578785,0.152704615934,1,3,8,20,0.00563118259314,0.000324626470441,0.00563118259314,0.0138819328361,0.0341283993681,0.00611671127494,0.00563118259314,0.000324626470441,0.00563118259314,0.170013740467,0.591505569534,0.161179663206
853,0.0333249551931,0.0701442400136,0.059967643017,0.134344889989,0.0353479658288,0.165270489268,0.0231180460756,0.0694805107961,0.0456969918957,0.221442622706,0.0863849512103,0.0554766940069,1,3,8,20,0.00522862213965,0.000301419661393,0.00522862213965,0.0138397799334,0.0404561588433,0.00424060996121,0.00522862213965,0.000301419661393,0.00522862213965,0.169506508629,0.58974082713,0.160698787622
854,0.136229505188,0.0201996591564,0.0660500025052,0.0967855826859,0.0492234615286,0.0402697958787,0.00667162218233,0.053666565934,0.286514311245,0.0956914016322,0.0548246205003,0.093873471563,1,3,8,20,0.00589982866654,0.000340113381967,0.00589982866654,0.013890619043,0.0317369318712,0.00685025322523,0.00589982866654,0.000340113381967,0.00589982866654,0.170113917536,0.591854101917,0.161274634978
855,0.268591323904,0.134659473492,0.0221419613711,0.106846711551,0.053691344575,0.0232252649521,0.0472088273811,0.0045647527788,0.178132063427,0.0255126393443,0.0872840799876,0.0481415572369,1,3,8,20,0.00879624679416,0.000507086123152,0.00879624679416,0.0137660442473,0.0265063937411,0.0089401970072,0.00879624679416,0.000507086123152,0.00879624679416,0.168519274794,0.586306079383,0.159762851405
856,0.145033321993,0.184676187525,0.0957806301362,0.251925423023,0.111918874281,0.0358938155983,0.0935468891526,0.000651799907319,0.036865884799,0.0204866286393,0.00109763694921,0.0221229079957,1,3,8,20,0.0129402336053,0.00074597871628,0.0129402336053,0.0133835321329,0.0382625977593,0.00648342782933,0.0129402336053,0.00074597871628,0.0129402336053,0.163733999906,0.569657326522,0.155226223996
857,0.0348064950898,0.0152072014757,0.102603815053,0.0957672451076,0.121785811001,0.0170058358945,0.00456153561752,0.293446866301,0.131520810252,0.01879336068,0.126140103126,0.0383609204018,1,3,8,20,0.0047400836927,0.000273256392118,0.0047400836927,0.0140957609497,0.0192082727318,0.010153316522,0.0047400836927,0.000273256392118,0.0047400836927,0.172655401509,0.600696339731,0.163684061002
858,0.00407592869298,0.0197821523644,0.241504008804,0.00719514830657,0.0154060689193,0.0249935225096,0.101925896003,0.164433743247,0.0272686400985,0.121566790017,0.0289188764953,0.242929224543,1,3,8,20,0.00461764873869,0.000266198260664,0.00461764873869,0.0142314186844,0.00714866221547,0.0135417414933,0.00461764873869,0.000266198260664,0.00461764873869,0.174320971224,0.606491128791,0.165263086116
859,0.00170632009536,0.0935093698513,0.0636183029773,0.00660055961338,0.220432845945,0.236236609925,0.0359892837729,0.000798320948908,0.0518729379865,0.0367655461145,0.0501958544938,0.202274048276,1,3,8,20,0.00575226502052,0.000331606631425,0.00575226502052,0.0138390808891,0.0374551899881,0.00520033421941,0.00575226502052,0.000331606631425,0.00575226502052,0.169485687253,0.589668386161,0.160679048144
860,0.072673351524,0.0457974904456,0.097121431227,0.0374271850164,0.0250098346964,0.0396991303962,0.110077308095,0.0278000523732,0.083140560899,0.0759845395069,0.351124028119,0.0341450877014,1,3,8,20,0.00484295449529,0.000279186689174,0.00484295449529,0.0140285532369,0.0249356256363,0.00855349072823,0.00484295449529,0.000279186689174,0.00484295449529,0.171829255198,0.597822041793,0.162900842048
861,0.00149988599355,0.0460162237499,0.0101375880322,0.000660803641575,0.115974607787,0.0260242033187,0.12905362478,0.178720766011,0.095692428679,0.0490053783993,0.0281623106442,0.319052178963,1,3,8,20,0.00616081185451,0.000355158543397,0.00616081185451,0.014148476345,0.00592262537602,0.0142133799036,0.00616081185451,0.000355158543397,0.00616081185451,0.173268268214,0.602828603092,0.164265082565
862,0.105044034655,0.0204994650982,0.127327090471,0.0501782724235,0.0185362106516,0.0643094808951,0.162833031934,0.185816931028,0.0639358689631,0.0778497093881,0.0997203419643,0.0239495625275,1,3,8,20,0.00362350293412,0.000208887733381,0.00362350293412,0.0140031483245,0.0344702737725,0.00559769554295,0.00362350293412,0.000208887733381,0.00362350293412,0.171546412625,0.596837986286,0.162632696246
863,0.199448740262,0.0456967601736,0.184602330727,0.0228465193163,0.031293189632,0.145391964828,0.117662801522,0.0258712980639,0.156871865578,0.0188985568725,0.0484556326123,0.00296034041128,1,3,8,20,0.0126445352556,0.000728932294862,0.0126445352556,0.0133223845478,0.0457534794216,0.00430051096851,0.0126445352556,0.000728932294862,0.0126445352556,0.162991456933,0.567073898248,0.154522264269
864,0.105680821688,0.282086017174,0.00171268243251,0.180952805203,0.0779253004374,0.0111664214677,0.104539047695,0.00282547952573,0.0328522656507,0.00929848502429,0.0542008479357,0.136759825766,1,3,8,20,0.00568775444548,0.00032788772515,0.00568775444548,0.0138915300161,0.0328931837011,0.0064783083143,0.00568775444548,0.00032788772515,0.00568775444548,0.170130045607,0.591910214111,0.161289925019
865,0.0308351796866,0.150767266305,0.111292488991,0.0839785506522,0.075932968198,0.0178465033238,0.0654954713152,0.151481010331,0.0319549010107,0.0791765196686,0.126818729954,0.0744204105633,1,3,8,20,0.00527625226006,0.000304165443051,0.00527625226006,0.0139516220412,0.0296435628795,0.00731176077673,0.00527625226006,0.000304165443051,0.00527625226006,0.170876199771,0.594506206309,0.161997308296
866,0.103869998175,0.0224085033114,0.0670806877882,0.0887267923284,0.245409838885,0.0492093724369,0.145853013248,0.0787348097392,0.0257926687738,0.0215172358156,0.052952422927,0.0984446565723,1,3,8,20,0.00579014942303,0.00033379059184,0.00579014942303,0.0141560619715,0.00737903721585,0.0137231051026,0.00579014942303,0.00033379059184,0.00579014942303,0.173369915974,0.60318225225,0.16436144861
867,0.130848286534,0.050592604792,0.0282359766919,0.0466135897946,0.11869838994,0.0269778402471,0.231074369922,0.0287735729422,0.0860633102582,0.175759425695,0.0309770327413,0.0453856004414,1,3,8,20,0.00390971451448,0.000225387261428,0.00390971451448,0.0138844938578,0.0439692762332,0.00296864285222,0.00390971451448,0.000225387261428,0.00390971451448,0.170085412987,0.591754929936,0.161247611553
868,0.140391290635,0.0237096000305,0.000940370710898,0.00214848288063,0.198080432686,0.252173490038,0.0300635200605,0.00075111702309,0.237615056617,0.0235069270319,0.0304263336993,0.0601933785874,1,3,8,20,0.00663809342687,0.000382672876253,0.00663809342687,0.0138877899598,0.0276796058275,0.0081541771981,0.00663809342687,0.000382672876253,0.00663809342687,0.170061966852,0.591673357002,0.161225383701
869,0.178823695184,0.0363755013168,0.181555373886,0.000452876587718,0.12620961085,0.0540855186671,0.0835699063054,0.0111374487248,0.0563854934834,0.0102190823836,0.151670033229,0.109515459382,1,3,8,20,0.00700302081755,0.00040371021412,0.00700302081755,0.0138627495279,0.0279007307825,0.0081683215674,0.00700302081755,0.00040371021412,0.00700302081755,0.169746516456,0.590575853557,0.160926324411
870,0.108779387707,0.184177239497,0.038047977263,0.0646121150105,0.0473750339778,0.0453034824572,0.0324491525254,0.143950556195,0.0406645260859,0.141039741234,0.0421908701605,0.111409917887,1,3,8,20,0.00896155567874,0.000516615851383,0.00896155567874,0.0135309080922,0.0476840962582,0.00297938267882,0.00896155567874,0.000516615851383,0.00896155567874,0.165633433067,0.576265764701,0.157026960785
871,0.0335596972574,0.0458520268585,0.0149208900527,0.0441584580697,0.303154387383,0.203625288613,0.0113599372673,0.0473311607034,0.0203847647283,0.128119884087,0.0597642147181,0.0877692902619,1,3,8,20,0.00311724810625,0.000179703150002,0.00311724810625,0.0140602357349,0.0320585726088,0.00617399902591,0.00311724810625,0.000179703150002,0.00311724810625,0.172257957633,0.599313567579,0.163307268693
872,0.0086062613931,0.0658218914254,0.0795793815126,0.249362624797,0.0178232335391,0.057980451612,0.00639402709975,0.0404480717977,0.00454335977956,0.161160899313,0.295946334292,0.0123334634385,1,3,8,20,0.00689562750564,0.000397519203401,0.00689562750564,0.0138469513009,0.0300176254332,0.00754642594564,0.00689562750564,0.000397519203401,0.00689562750564,0.169555396711,0.589910916749,0.160745135431
873,0.0548279257136,0.00446803900966,0.15485205554,0.0954953113486,0.0420775591744,0.245922572765,0.180190782332,0.066173985375,0.0202505663198,0.0561215985071,0.00410504194088,0.0755145619748,1,3,8,20,0.00874724203723,0.000504261096435,0.00874724203723,0.0137144131821,0.0316561749956,0.00747194601213,0.00874724203723,0.000504261096435,0.00874724203723,0.167887599414,0.584108377571,0.159163998484
874,0.0757793040801,0.0138917268034,0.179809507617,0.238067758322,0.0372638286635,0.142877492403,0.157134477822,0.0299999179743,0.00497691806486,0.0653144789708,0.048635941908,0.00624864737088,1,3,8,20,0.00476134987742,0.000274482345347,0.00476134987742,0.0140910311301,0.0195291928553,0.0100669338434,0.00476134987742,0.000274482345347,0.00476134987742,0.172596932292,0.600492915777,0.163628629902
875,0.00419179260563,0.00796594545153,0.0536276067263,0.0795638459937,0.166104282262,0.0322216422926,0.0453401671129,0.0240979782269,0.0407778996933,0.28325530223,0.052345127379,0.210508410026,1,3,8,20,0.00656975508005,0.000378733306552,0.00656975508005,0.013719536601,0.0439264723581,0.00354018509613,0.00656975508005,0.000378733306552,0.00656975508005,0.16800134928,0.584504131933,0.159271837798
876,0.116757264823,0.118593527251,0.00248234397023,0.0758939395189,0.0305611756859,0.141211994774,0.00070291814725,0.114447982007,0.15973414088,0.0516205435062,0.17247872674,0.0155154426972,1,3,8,20,0.00663497024059,0.000382492830779,0.00663497024059,0.0139611214684,0.0207913050175,0.0101036543724,0.00663497024059,0.000382492830779,0.00663497024059,0.170960836037,0.594800669701,0.16207754678
877,0.145183308927,0.0841050591928,0.129110607191,0.164468592769,0.03361333395,0.0327070039891,0.00882789380629,0.216876999878,0.163010344621,0.00663972943604,0.000404782944962,0.0150523432959,1,3,8,20,0.00395754268263,0.000228144460144,0.00395754268263,0.0141399333055,0.019631070911,0.00986904536928,0.00395754268263,0.000228144460144,0.00395754268263,0.173215116869,0.60264368088,0.164214693015
878,0.0320041788237,0.00583665907237,0.0248178401826,0.0127869778766,0.0143721429912,0.439722849727,0.0225776697887,0.0455218869816,0.270112104686,0.00837691505133,0.063091946941,0.0607788278773,1,3,8,20,0.00665138336591,0.000383439014792,0.00665138336591,0.0137814550587,0.0376167266347,0.00534369241336,0.00665138336591,0.000383439014792,0.00665138336591,0.16875834987,0.587137860619,0.15998950391
879,0.0143583329829,0.00945097926589,0.0371868039457,0.183645372981,0.0134532063455,0.0386438300621,0.045915592502,0.122989903452,0.142493547268,0.243145758606,0.0499043330472,0.0988123395423,1,3,8,20,0.00843810936728,0.000486440213186,0.00843810936728,0.0137608589671,0.0290922548696,0.00813280001491,0.00843810936728,0.000486440213186,0.00843810936728,0.168464101371,0.586114122035,0.159710544846
880,0.0364815807013,0.0868112528537,0.0554558572106,0.0802234764402,0.243139907902,0.0531034412827,0.0498765749677,0.0583062285304,0.115229690806,0.0023336490306,0.0445633967791,0.174474943496,1,3,8,20,0.00413260925768,0.000238236699813,0.00413260925768,0.0140590409643,0.0262244578892,0.00803922153165,0.00413260925768,0.000238236699813,0.00413260925768,0.172219553921,0.59917995479,0.163270860474
881,0.129393033727,0.210374932351,0.20993806762,0.140957785939,0.0278008075638,0.0548538627635,0.0839927173531,0.0650675926645,0.0151172046461,0.0451378542857,0.00698107405152,0.0103850670351,1,3,8,20,0.00844576214922,0.000486881380836,0.00844576214922,0.0136686302455,0.0377338262951,0.00568791026903,0.00844576214922,0.000486881380836,0.00844576214922,0.16733351032,0.58218061112,0.158638700392
882,0.115050929036,0.0181152542264,0.0482226227651,0.0924904001249,0.00924413946926,0.0236710627452,0.0133045297999,0.224972929304,0.172866812287,0.0930135308838,0.0713723021976,0.117675487161,1,3,8,20,0.00809102051036,0.000466431231291,0.00809102051036,0.0136994536195,0.0369083909999,0.00584699320452,0.00809102051036,0.000466431231291,0.00809102051036,0.167719601662,0.583523885954,0.159004730056
883,0.104018500494,0.0145381931558,0.0509682556146,0.0935239411342,0.117314542976,0.0452272588991,0.00041649465724,0.0600657588498,0.0862681654577,0.214645567557,0.164465121811,0.0485481993938,1,3,8,20,0.00958979679469,0.000552832701518,0.00958979679469,0.0136695841968,0.0309437391352,0.00785083723675,0.00958979679469,0.000552832701518,0.00958979679469,0.167318431652,0.582128149972,0.158624405226
884,0.032063020053,0.0838737887239,0.135122782762,0.0185997884174,0.256502344171,0.0184852083436,0.000657400035519,0.0543201220002,0.0026249769529,0.157248626885,0.195967654866,0.0445342867893,1,3,8,20,0.0051842147869,0.000298859665878,0.0051842147869,0.0140096650496,0.0247159233712,0.0086874595226,0.0051842147869,0.000298859665878,0.0051842147869,0.17158976432,0.596988813912,0.162673795345
885,0.0235872452545,0.00724331416582,0.0277040132617,0.0482679866891,0.0129068055144,0.123592021131,0.160600380842,0.316926222783,0.0566083901783,0.0841120057251,0.0318737934609,0.106577820994,1,3,8,20,0.00753108479295,0.000434152051455,0.00753108479295,0.0137598609108,0.0344984046195,0.00641152177239,0.00753108479295,0.000434152051455,0.00753108479295,0.168473093328,0.586145406522,0.159719069572
886,0.0832484843024,0.0564998525273,0.0428315008213,0.0919299197609,0.0605869166717,0.00483594541812,0.254917522755,0.0758382644637,0.194359410653,0.0807343268921,0.0390753606679,0.0151424950662,1,3,8,20,0.00691965775448,0.000398904499427,0.00691965775448,0.0137981656902,0.0344716704023,0.00629050329794,0.00691965775448,0.000398904499427,0.00691965775448,0.168956887924,0.587828606933,0.160177725736
887,0.0101003372279,0.0145376137155,0.177686344458,0.219502050115,0.00352345961912,0.0635566812695,0.0546339270088,0.105109303515,0.00242580692086,0.0853891633929,0.116692175979,0.146843136778,1,3,8,20,0.00372640522963,0.000214819845942,0.00372640522963,0.0140154458532,0.0327093883347,0.00611785756968,0.00372640522963,0.000214819845942,0.00372640522963,0.171694730749,0.597354009264,0.162773307619
888,0.0761211558427,0.188531171432,0.0133177448176,0.193925823754,0.0188587038446,0.114330116935,0.130886146654,0.0459588501284,0.0229373792686,0.120011497875,0.0340279863767,0.0410934230714,1,3,8,20,0.00931024069268,0.000536716848554,0.00931024069268,0.0138423007315,0.0163140219552,0.011933836698,0.00931024069268,0.000536716848554,0.00931024069268,0.169441893527,0.589516020638,0.160637529982
889,0.110477763653,0.0344377108214,0.0536095671451,0.00900764649825,0.229060648816,0.0269257201935,0.12029964643,0.0368413660288,0.0904253303649,0.102602942478,0.121705969414,0.0646056881583,1,3,8,20,0.00535520779129,0.000308717072304,0.00535520779129,0.0139436170935,0.0299350770306,0.0072458356191,0.00535520779129,0.000308717072304,0.00535520779129,0.170776238614,0.594158425117,0.161902541216
890,0.286980836557,0.0517924141976,0.176368505815,0.063109553359,0.019246638643,0.0596067825945,0.0537260801384,0.0493733624343,0.070292826211,0.00842715923165,0.065290355602,0.0957854852171,1,3,8,20,0.00870680900858,0.000501930212795,0.00870680900858,0.0138202651926,0.021923502634,0.0102188414074,0.00870680900858,0.000501930212795,0.00870680900858,0.169185932951,0.588625491991,0.160394869364
891,0.0047029412829,0.105042237115,0.0908330787189,0.0765179924031,0.0676946340999,0.0884757990269,0.0565682753601,0.0848555797094,0.00977213300278,0.0229963992757,0.0352322343656,0.35730869564,1,3,8,20,0.00772057520387,0.000445075796558,0.00772057520387,0.0137144124738,0.0376690974056,0.00555372393486,0.00772057520387,0.000445075796558,0.00772057520387,0.167911615159,0.58419193227,0.159186766348
892,0.249070834659,0.00960216852258,0.180396310438,0.10736622475,0.07457554438,0.0287124506418,0.0400876186447,0.0724246568747,0.0486336315092,0.0315085933369,0.131620813173,0.0260011530715,1,3,8,20,0.0077732329452,0.000448111410557,0.0077732329452,0.0138013909356,0.029168792731,0.00797130361603,0.0077732329452,0.000448111410557,0.0077732329452,0.168976444505,0.587896647472,0.160196266138
893,0.0469492806842,0.0853027946932,0.0349901154599,0.00372697521186,0.050413194393,0.0275877289646,0.0758127308111,0.295986734885,0.0653914059684,0.166708117809,0.0643628824995,0.0827680386202,1,3,8,20,0.00714892340017,0.000412121207662,0.00714892340017,0.0137846914756,0.0343979795836,0.0063595818494,0.00714892340017,0.000412121207662,0.00714892340017,0.168786374747,0.587235363741,0.160016072587
894,0.0448600573614,0.0156326358481,0.0528635506171,0.205221495017,0.0328102364884,0.0336361273583,0.0876099551166,0.0197756466539,0.0707335000928,0.0663025283336,0.322799145948,0.0477551211654,1,3,8,20,0.00551088607594,0.000317691615615,0.00551088607594,0.0139727384748,0.0262805763002,0.00831319468069,0.00551088607594,0.000317691615615,0.00551088607594,0.171129525249,0.595387567021,0.162237470739
895,0.0410942232421,0.15334671019,0.0647481456737,0.0510991004562,0.0532628316853,0.0395584356141,0.103800647823,0.107197130511,0.00394970523495,0.116585011189,0.0580338413643,0.207324217017,1,3,8,20,0.00659944891061,0.000380445096794,0.00659944891061,0.0139386765884,0.0231132714103,0.00943881642503,0.00659944891061,0.000380445096794,0.00659944891061,0.170686568988,0.593846449843,0.16181753091
896,0.0514833048976,0.0839852532122,0.179062978295,0.011893260108,0.0572588410768,0.121739504848,0.0500431812261,0.0618739701699,0.146015124528,0.0243171272403,0.109427997091,0.102899457306,1,3,8,20,0.00677919026112,0.000390806827965,0.00677919026112,0.0138192795445,0.0333057738382,0.00659103685812,0.00677919026112,0.000390806827965,0.00677919026112,0.169218959314,0.5887403961,0.160426179645
897,0.0834956593412,0.0729097958306,0.0415717528128,0.0232962143056,0.0813769384171,0.121240169413,0.0148643056403,0.237095713554,0.0887062372125,0.10328529776,0.11286893509,0.0192889806226,1,3,8,20,0.0041891894074,0.00024149843285,0.0041891894074,0.0139598005515,0.0352398606921,0.00549878683035,0.0041891894074,0.00024149843285,0.0041891894074,0.171001878345,0.594943462594,0.162116456491
898,0.104808532175,0.00373532823469,0.0214849880848,0.0299562629095,0.179748519224,0.294857118162,0.0681648093825,0.176199496468,0.0229578837434,0.0460286856053,0.0118885534434,0.0401698225675,1,3,8,20,0.00766397011866,0.00044181262604,0.00766397011866,0.013881088722,0.0223025213983,0.00989222219798,0.00766397011866,0.00044181262604,0.00766397011866,0.16995582642,0.591304077106,0.161124758428
899,0.104408134353,0.025989173576,0.172199516428,0.0203520684524,0.0944269285336,0.0521026797493,0.0207908142942,0.159985495828,0.0472507426162,0.0208499224943,0.241485119572,0.0401594041033,1,3,8,20,0.0073116388218,0.000421501427916,0.0073116388218,0.0140228257226,0.0110167750326,0.0130132112112,0.0073116388218,0.000421501427916,0.0073116388218,0.171701287029,0.597376819633,0.162779523228
900,0.105939169639,0.160315881208,0.181668698569,0.0192174362757,0.110887964432,0.0912372327639,0.137203170505,0.0162076247905,0.15818891322,0.00465506068906,0.0107617892022,0.00371705870659,1,3,8,20,0.00802070300139,0.000462377566831,0.00802070300139,0.0136146509211,0.0453072029719,0.00345443296728,0.00802070300139,0.000462377566831,0.00802070300139,0.166681853058,0.579913389076,0.158020903867
901,0.149717699822,0.103715014407,0.017499270077,0.0126819153253,0.0371591275028,0.0685989432459,0.044613510443,0.237603264986,0.241415533932,0.0210349807366,0.0411079917996,0.0248527477231,1,3,8,20,0.00507212238712,0.000292397762094,0.00507212238712,0.0139103545798,0.0347257849529,0.00583001249794,0.00507212238712,0.000292397762094,0.00507212238712,0.170375177089,0.592763066573,0.161522319234
902,0.0707217920793,0.178236265489,0.329193184332,0.0596552357336,0.0538279242753,0.00852081798088,0.0415312571676,0.0638607937474,0.0137260546879,0.000994504418379,0.0107899661657,0.168942203923,1,3,8,20,0.00555160340462,0.000320038888586,0.00555160340462,0.0139608828318,0.0271587098434,0.00807315105373,0.00555160340462,0.000320038888586,0.00555160340462,0.17098326239,0.594878694646,0.162098807839
903,0.0390603423161,0.118077223458,0.0200003172191,0.0215463431963,0.0529403076395,0.077665320543,0.000225963157562,0.0474960474648,0.121615139276,0.265093340625,0.0713753411905,0.164904313914,1,3,8,20,0.00788556315931,0.000454587023863,0.00788556315931,0.0136211460929,0.0454869376078,0.00337512782725,0.00788556315931,0.000454587023863,0.00788556315931,0.166764624209,0.580201363429,0.158099374149
904,0.0476258524991,0.115550796822,0.107388044853,0.0648408430336,0.0181419658705,0.0562239524888,0.0720476640043,0.0277814584069,0.173579283446,0.128201960918,0.186130266856,0.00248791080191,1,3,8,20,0.00419325643448,0.000241732888867,0.00419325643448,0.0140575594042,0.0260088049783,0.00811302912748,0.00419325643448,0.000241732888867,0.00419325643448,0.172199975839,0.599111839447,0.163252299688
905,0.106287054098,0.0378922505249,0.0525785512222,0.116056585024,0.147271723028,0.100337590403,0.0702138710794,0.117602233565,0.00198220690104,0.0986470738028,0.0992043446039,0.0519265157478,1,3,8,20,0.0050495427125,0.000291096088786,0.0050495427125,0.0140400060963,0.0226470388895,0.00924485512369,0.0050495427125,0.000291096088786,0.0050495427125,0.171964794243,0.598293604266,0.163029338354
906,0.189817358973,0.0314058487032,0.0485408080743,0.191674185342,0.0599936777306,0.0337275592284,0.0979399043212,0.112558090037,0.0707084104375,0.0355168646844,0.0596885836787,0.0684287087898,1,3,8,20,0.00699087469808,0.000403010014504,0.00699087469808,0.0139052018285,0.0239735753753,0.00927757680443,0.00699087469808,0.000403010014504,0.00699087469808,0.170267122205,0.592387125981,0.161419878985
907,0.148416977264,0.0649847254414,0.0803367090303,0.0376090618598,0.0690089685897,0.0806800954437,0.0812229902487,0.145343049967,0.137594788366,0.0233572591245,0.102206662625,0.0292387120399,1,3,8,20,0.00540032653858,0.000311318078299,0.00540032653858,0.0140228279402,0.0222105042511,0.00944221378932,0.00540032653858,0.000311318078299,0.00540032653858,0.171746039703,0.597532521495,0.16282195051
908,0.0156819285911,0.0799390824145,0.0777680108548,0.0968524984375,0.209147895276,0.0804398714885,0.0300455223323,0.115084793398,0.00910995281937,0.0354290685025,0.152570971036,0.0979304048498,1,3,8,20,0.00700025140068,0.000403550562749,0.00700025140068,0.0140488161918,0.010392606282,0.0131244316291,0.00700025140068,0.000403550562749,0.00700025140068,0.17202712881,0.598510476403,0.163088433956
909,0.0158384300146,0.254623092669,0.0367633611728,0.00706300076937,0.0775476479654,0.0695199092855,0.0394539452564,0.000136546507715,0.0812692354579,0.111665321708,0.239627361362,0.0664921478305,1,3,8,20,0.00861028756015,0.00049636594337,0.00861028756015,0.0135743528636,0.0456495947333,0.00348149260494,0.00861028756015,0.00049636594337,0.00861028756015,0.166174138742,0.578146968054,0.157539570875
910,0.0459431935995,0.0392051953597,0.215788891327,0.103919019509,0.0111539042189,0.120617422159,0.0420807653185,0.101737380235,0.0172053705786,0.0266669679307,0.263254481593,0.0124274081715,1,3,8,20,0.00798091275962,0.000460083738576,0.00798091275962,0.0139779948204,0.0113193694559,0.0130682970024,0.00798091275962,0.000460083738576,0.00798091275962,0.171136150614,0.595410617748,0.162243751844
911,0.0274907902623,0.0408839815796,0.124140762283,0.0711254340535,0.136840007306,0.0101354457384,0.0486495175585,0.0834353410794,0.0210935161543,0.00811809975031,0.298577891995,0.12950921224,1,3,8,20,0.00557671437907,0.000321486486292,0.00557671437907,0.0140770040305,0.0160749829912,0.0112163253043,0.00557671437907,0.000321486486292,0.00557671437907,0.172405927661,0.59982837947,0.163447550055
912,0.0206510532847,0.14757644667,0.151508689367,0.12374299854,0.0633501581349,0.0156174134374,0.0237134396585,0.0863494099452,0.182527256979,0.00615674649897,0.0652979581303,0.113508429354,1,3,8,20,0.00804320788122,0.000463674928369,0.00804320788122,0.0139596050863,0.0126865301068,0.0126943437751,0.00804320788122,0.000463674928369,0.00804320788122,0.170909296984,0.594621356919,0.162028685746
913,0.153240095283,0.148303381466,0.0763422488054,0.0156376822286,0.00793780625729,0.0567153688257,0.0308497594191,0.0484040498414,0.102898756648,0.338251234182,0.0174240168405,0.00399560020323,1,3,8,20,0.0069559616079,0.000400997344332,0.0069559616079,0.0137305091721,0.0406311543031,0.00455433823382,0.0069559616079,0.000400997344332,0.0069559616079,0.168126798474,0.584940590166,0.159390768531
914,0.0592278442167,0.100790818848,0.0523688836103,0.130798922075,0.162454613031,0.128797931477,0.0264511931735,0.0616302592485,0.147724702653,0.0369299940106,0.0308077600555,0.0620170776008,1,3,8,20,0.00624175341584,0.000359824663334,0.00624175341584,0.013904417322,0.0284348238192,0.00785701591552,0.00624175341584,0.000359824663334,0.00624175341584,0.170275036555,0.5924146613,0.161427382098
915,0.109105534388,0.0144300540293,0.0588876709525,0.033346557647,0.131582421418,0.0977912442115,0.0834528109507,0.0907829101809,0.149780132253,0.0196657913431,0.124593224149,0.0865816484766,1,3,8,20,0.00639526979194,0.000368674576919,0.00639526979194,0.0140134076608,0.0172706748679,0.0110499628216,0.00639526979194,0.000368674576919,0.00639526979194,0.17160729688,0.597049812552,0.162690416897
916,0.107143330221,0.196623458102,0.0427507674496,0.0539440824955,0.233398480992,0.0210023262509,0.0205545660762,0.0336085709308,0.127944517271,0.0039499237438,0.132959438541,0.0261205379262,1,3,8,20,0.00539204390406,0.000310840600902,0.00539204390406,0.0141314509625,0.0120285548233,0.0123230646176,0.00539204390406,0.000310840600902,0.00539204390406,0.173077584133,0.602165182033,0.164084306612
917,0.0716525685757,0.0790717332231,0.0649857067699,0.111692078588,0.014556547957,0.221039969688,0.0564729264658,0.0385901207929,0.0365728422393,0.0537019926679,0.0566016188121,0.19506189422,1,3,8,20,0.00325336458908,0.000187549994365,0.00325336458908,0.0142289827426,0.0153682580424,0.0109277890648,0.00325336458908,0.000187549994365,0.00325336458908,0.174323039633,0.606498325124,0.165265047048
918,0.0067909394928,0.0490896004463,0.00261313950563,0.163724716219,0.0632211337044,0.0192889259033,0.187947021199,0.125352474774,0.0409378712506,0.151116262674,0.0323083275934,0.157609587238,1,3,8,20,0.00396454673361,0.000228548229745,0.00396454673361,0.0140833754972,0.0249168428486,0.0083740733281,0.00396454673361,0.000228548229745,0.00396454673361,0.172521745665,0.600231329222,0.163557350045
919,0.0512298032077,0.067119320396,0.0408631982579,0.22261941369,3.02864875363e-06,0.0695220279434,0.128153846538,0.209319743379,0.0123270681734,0.137427832127,0.0448130592892,0.0166016583499,1,3,8,20,0.00693711505525,0.000399910878076,0.00693711505525,0.0137975205978,0.0344301854754,0.00630591940404,0.00693711505525,0.000399910878076,0.00693711505525,0.168948572766,0.587799677139,0.160169842641
920,0.116548678773,0.135719441157,0.0510559930573,0.0633445515615,0.0211911584304,0.0712563371803,0.0521593226014,0.100418728703,0.114578770242,0.130681183604,0.09835693532,0.0446888993711,1,3,8,20,0.00468505627239,0.000270084170841,0.00468505627239,0.0141905725509,0.0106008955096,0.0125785624111,0.00468505627239,0.000270084170841,0.00468505627239,0.173818758509,0.604743848733,0.164786968855
921,0.101647083089,0.0888438924412,0.0687530499453,0.298121490807,0.0728002271595,0.103510437067,0.00743101211297,0.105342853506,0.0238314487216,0.0381797350246,0.0580468681865,0.0334919019395,1,3,8,20,0.00340119473673,0.000196072108195,0.00340119473673,0.0140709326639,0.0293881185566,0.0069897421481,0.00340119473673,0.000196072108195,0.00340119473673,0.172382421311,0.59974659704,0.163425265118
922,0.335211983013,0.180519515999,0.0476762708553,0.0636614935463,1.89536490711e-06,0.049917571455,0.0160994068981,0.0118020017306,0.121618746922,0.0126734860156,0.0558525265294,0.104965101671,1,3,8,20,0.00528277848009,0.000304541666648,0.00528277848009,0.0140458724118,0.0207285443512,0.00983704755999,0.00528277848009,0.000304541666648,0.00528277848009,0.172031237603,0.598524771567,0.163092329253
923,0.172089641281,0.37496226989,0.0284972265249,0.0555345350017,0.0592520406188,0.0196151690834,0.0380208556474,0.01362678214,0.00627482488354,0.0666587675806,0.102015556688,0.06345233066,1,3,8,20,0.00446061792446,0.000257145746715,0.00446061792446,0.0140050057766,0.0293926212436,0.00721127110187,0.00446061792446,0.000257145746715,0.00446061792446,0.171549589866,0.596849040426,0.162635708395
924,0.195065543893,0.158089606938,0.0407655497358,0.057690627883,0.253304640891,0.0106688182175,0.0361576653418,0.0197527688573,0.0140609046516,0.106404877119,0.00718824873606,0.100850747736,1,3,8,20,0.00672800543778,0.000387856124757,0.00672800543778,0.0137629878912,0.0389072718907,0.00499444268011,0.00672800543778,0.000387856124757,0.00672800543778,0.168530211912,0.586344131405,0.15977322022
925,0.0514210914713,0.168642089048,0.0295537096263,0.196000824121,0.103358108528,0.0995519346228,0.0338268983023,0.0662369687194,0.0871323172416,0.02410353796,0.0216247478326,0.118547772527,1,3,8,20,0.00637012644657,0.000367225113093,0.00637012644657,0.0138421546579,0.0335470781653,0.00643669281509,0.00637012644657,0.000367225113093,0.00637012644657,0.169508903043,0.589749157687,0.160701057619
926,0.0482953790496,0.0362881209941,0.0334131881138,0.0911711826559,0.0486240542867,0.381833284949,0.139679903223,0.0093293239301,0.00431734948496,0.10213306673,0.0709807028664,0.0339344437163,1,3,8,20,0.00762081566861,0.000439324857872,0.00762081566861,0.0137214781086,0.0375878930226,0.00555573346648,0.00762081566861,0.000439324857872,0.00762081566861,0.168000550342,0.584501352297,0.159271080373
927,0.0919921345425,0.053225366308,0.113396102161,0.0252729274061,0.0526561639092,0.0896079818663,0.180083957236,0.097397140997,0.0897851314443,0.0962456977556,0.0571232205182,0.0532141758562,1,3,8,20,0.0134572349027,0.000775782812243,0.0134572349027,0.0133531643863,0.0380948182814,0.0066396563557,0.0134572349027,0.000775782812243,0.0134572349027,0.16334969607,0.568320270714,0.154861888957
928,0.0134116853783,0.0180964468019,0.0224857664576,0.0373142889648,0.524753660285,0.0199375659951,0.00950597902482,0.0106617943089,0.019952831795,0.0638054116002,0.056083111922,0.203991457466,1,3,8,20,0.00517365393434,0.000298250853743,0.00517365393434,0.0139147089357,0.0337210405633,0.0061358165647,0.00517365393434,0.000298250853743,0.00517365393434,0.170426170875,0.592940482282,0.161570663334
929,0.111435857439,0.256020317853,0.0163063587988,0.00909494280841,0.0207894376528,0.0527250241147,0.236640499912,0.12143592218,0.0141309357948,0.012158257569,0.0638273143143,0.085435131562,1,3,8,20,0.00550632444727,0.000317428646799,0.00550632444727,0.0140656232285,0.0175591138127,0.0107813523262,0.00550632444727,0.000317428646799,0.00550632444727,0.172268084701,0.599348801301,0.163316869548
930,0.100060499874,0.00446309304636,0.118026859915,0.0720259508928,0.00486745499063,0.0888466319239,0.122353455328,0.250926110696,0.0858390907127,0.0133612840226,0.0311574695262,0.108072099073,1,3,8,20,0.00332381150743,0.000191611119018,0.00332381150743,0.0140451639362,0.0322683069952,0.00615806316379,0.00332381150743,0.000191611119018,0.00332381150743,0.172068394724,0.598654047259,0.163127555654
931,0.172475885072,0.0262634547569,0.208552177451,0.010080459825,0.0888246581086,0.0444466589092,0.119878729405,0.00829595660631,0.0291391213504,0.143847704105,0.00870917717096,0.13948601724,1,3,8,20,0.0042691067661,0.000246105509543,0.0042691067661,0.0140507123862,0.0262094478135,0.00807217733469,0.0042691067661,0.000246105509543,0.0042691067661,0.172114279644,0.598813688388,0.16317105635
932,0.0273911412941,0.0214437716855,0.0473326773452,0.00483500409929,0.0430498359464,0.0361351305158,0.146787344168,0.0573358354959,0.163034302197,0.154028658066,0.265452959231,0.0331733399553,1,3,8,20,0.0068091108308,0.000392531689265,0.0068091108308,0.0137130432601,0.043136206393,0.00381425391723,0.0068091108308,0.000392531689265,0.0068091108308,0.167916161875,0.58420775104,0.159191076813
933,0.0487041714873,0.0372898580611,0.0829453865159,0.0459198158189,0.0130759366765,0.262022019463,0.102862512257,0.0677183363215,0.102939752588,0.0241062003936,0.0657030110524,0.146712999365,1,3,8,20,0.00410548536566,0.000236673061415,0.00410548536566,0.0139623474762,0.0354902108178,0.00541030715957,0.00410548536566,0.000236673061415,0.00410548536566,0.171035053731,0.595058885179,0.162147908051
934,0.144221810113,0.160494895181,0.31962470936,0.0106919787216,0.129078183454,0.0264083402053,0.0102119447607,0.0682007526332,0.00551282174045,0.0833021100534,0.000612359525553,0.0416400942524,1,3,8,20,0.00893743898057,0.000515225571726,0.00893743898057,0.0136384330145,0.0376983043298,0.0058013697149,0.00893743898057,0.000515225571726,0.00893743898057,0.166951889031,0.580852888332,0.158276908512
935,0.132526978421,0.00352602429391,0.00562309939387,0.0662108510088,0.0746225825826,0.119715852829,0.00438527437938,0.0965898955128,0.0333557064621,0.0782292312114,0.341674670777,0.0435398331286,1,3,8,20,0.00517587625,0.000298378965819,0.00517587625,0.0141481751299,0.0117194441488,0.0123651148776,0.00517587625,0.000298378965819,0.00517587625,0.173287624235,0.602895945849,0.164283432828
936,0.037496263738,0.110909882204,0.0387298194847,0.181698564365,0.0990976839032,0.146400364381,0.0425873115684,0.0352440831882,0.0612855723803,0.0241548296952,0.150946824657,0.0714488004354,1,3,8,20,0.0064473503052,0.000371676914868,0.0064473503052,0.0138359522193,0.0336789681838,0.00641559436587,0.0064473503052,0.000371676914868,0.0064473503052,0.169431075068,0.589478381451,0.160627273661
937,0.278893507422,0.143823894028,0.05005933677,0.034262516093,0.0330793299599,0.287822252639,0.00278263622565,0.0921035885451,0.00370663459059,0.0285744069199,0.0292943834164,0.0155975133906,1,3,8,20,0.00815153985416,0.000469920051028,0.00815153985416,0.0138027969697,0.0268207467613,0.00871561497751,0.00815153985416,0.000469920051028,0.00815153985416,0.168984825187,0.587925805234,0.160204211352
938,0.10131055087,0.0240010766484,0.0149145085429,0.0301649660056,0.000349601097914,0.0816395253433,0.0451223086774,0.14517476086,0.00107139416364,0.0486225055095,0.132511180906,0.375117621377,1,3,8,20,0.00671449570007,0.000387077315262,0.00671449570007,0.0137013687927,0.044789874711,0.00332618877494,0.00671449570007,0.000387077315262,0.00671449570007,0.167775286451,0.583717622429,0.15905752141
939,0.0620488030556,0.0878483890303,0.00639836409982,0.198098033533,0.0576600472722,0.10950721686,0.0446963872848,0.0719155007757,0.0150208293433,0.0156650323076,0.110414314915,0.220727081523,1,3,8,20,0.00513874705539,0.000296238541637,0.00513874705539,0.0141587229293,0.0109434728893,0.0125769901391,0.00513874705539,0.000296238541637,0.00513874705539,0.173417773394,0.603348756031,0.164406819312
940,0.219226022841,0.075406633063,0.0909190376524,0.0156105413687,0.0467572499854,0.167079469767,0.0549479975359,0.0588366009775,0.0226682109451,0.0511525714748,0.136031078013,0.0613645863762,1,3,8,20,0.00503452680418,0.000290230451552,0.00503452680418,0.0139618382295,0.0300970779498,0.007132530509,0.00503452680418,0.000290230451552,0.00503452680418,0.171007072138,0.594961532646,0.162121380409
941,0.31977303386,0.128148985182,0.0121294872893,0.0161582772929,0.017681921416,0.108472781435,0.14770322058,0.0311458808865,0.00436397304517,0.0364895988175,0.0939850719058,0.0839477682894,1,3,8,20,0.0038847984782,0.000223950901519,0.0038847984782,0.0140082658701,0.0324579636916,0.00622234907913,0.0038847984782,0.000223950901519,0.0038847984782,0.171603021991,0.597034939517,0.162686364136
942,0.157769208192,0.00580640871999,0.0325947386736,0.00740861355261,0.0549736620317,0.14601701181,0.0447055249581,0.195215796724,0.0125618506984,0.182750603719,0.0932721999174,0.0669243810036,1,3,8,20,0.0082858106763,0.000477660496726,0.0082858106763,0.0137637382675,0.0297130374793,0.00792502198586,0.0082858106763,0.000477660496726,0.0082858106763,0.168502955702,0.586249302598,0.159747380269
943,0.106034209665,0.0588534639283,0.053202620646,0.0433549696366,0.0289948958138,0.0215103975051,0.11028628804,0.0287100786233,0.247942391063,0.188820964495,0.078096853323,0.0341928672608,1,3,8,20,0.00649501765046,0.000374424842464,0.00649501765046,0.0139862658456,0.019242785495,0.0105126198926,0.00649501765046,0.000374424842464,0.00649501765046,0.171272295948,0.595884289597,0.162372822935
944,0.0689278089979,0.0844182276476,0.0339007999008,0.221778625573,0.258479253202,0.0157741773921,0.059640371969,0.0253338403573,0.00705680741097,0.0973520139506,0.052356765172,0.0749813084263,1,3,8,20,0.0051543495622,0.000297137995105,0.0051543495622,0.0139266155922,0.032712693644,0.00641722794416,0.0051543495622,0.000297137995105,0.0051543495622,0.170572557915,0.593449786702,0.161709443963
945,0.111834014343,0.0867242902062,0.0231913530318,0.0318275485342,0.098352578253,0.154709230626,0.08802935573,0.049649658947,0.0102573984616,0.0124585461459,0.233733125439,0.0992329002824,1,3,8,20,0.00678695526659,0.000391254465078,0.00678695526659,0.0137808147052,0.0368830363506,0.00557991776904,0.00678695526659,0.000391254465078,0.00678695526659,0.168747328866,0.587099516745,0.159979055568
946,0.084028829466,0.0254291960696,0.0154735871662,0.0387669885327,0.0109393140311,0.0725812406605,0.210994553149,0.221162831411,0.109810508619,0.051790181696,0.0198469112332,0.139175857966,1,3,8,20,0.00558718330199,0.000322089998865,0.00558718330199,0.0139336513433,0.0295150771876,0.00741352697538,0.00558718330199,0.000322089998865,0.00558718330199,0.170648663924,0.593714571935,0.16178159543
947,0.125738159376,0.0325096693759,0.060842781717,0.143846195672,0.139711642043,0.00321986578403,0.0115290785807,0.0368329131041,0.148682224573,0.0550082844561,0.118303430532,0.123775754787,1,3,8,20,0.00654198538194,0.000377132438718,0.00654198538194,0.0139249690316,0.0247408375583,0.00896595424698,0.00654198538194,0.000377132438718,0.00654198538194,0.170519905406,0.593266600023,0.161659527328
948,0.148690574214,0.00750280863604,0.0774503655133,0.082312719721,0.186084033499,0.00419265539569,0.168898064171,0.057232529824,0.178487477381,0.0372563685543,0.0238120634781,0.0280803396121,1,3,8,20,0.00369054012362,0.000212752293952,0.00369054012362,0.0141029135623,0.0246814545091,0.00838308828032,0.00369054012362,0.000212752293952,0.00369054012362,0.172767628082,0.601086794309,0.163790456175
949,0.182245220869,0.0618417283117,0.0149914503982,0.0205993172239,0.0535452534657,0.156354007395,0.123590353348,0.158534489221,0.0313970607067,0.0188550798019,0.111707179131,0.0663388601275,1,3,8,20,0.00558368267841,0.000321888194882,0.00558368267841,0.0140350734494,0.0199833260266,0.010111307073,0.00558368267841,0.000321888194882,0.00558368267841,0.171891837591,0.598039776157,0.162960172599
950,0.00297810236489,0.0206776347492,0.201027602805,0.00639836729594,0.151654904518,0.031132778816,0.0542500853256,0.297448389431,0.0539930355752,0.0215213667819,0.0904414275096,0.0684763048274,1,3,8,20,0.00489732870857,0.000282321254365,0.00489732870857,0.0139121728979,0.0355782400969,0.005551915245,0.00489732870857,0.000282321254365,0.00489732870857,0.170401553759,0.592854835312,0.161547325346
951,0.0434665077296,0.13784887258,0.18585089902,0.0704681955325,0.0734800880164,0.0299569918017,0.0335689976285,0.0319256599826,0.127130034782,0.142377151083,0.0602029839715,0.0637236178718,1,3,8,20,0.00420907740315,0.000242644936228,0.00420907740315,0.0141493161693,0.0172742057288,0.0105891924922,0.00420907740315,0.000242644936228,0.00420907740315,0.173324233007,0.603023313745,0.164318139373
952,0.133760660144,0.0358118528068,0.0326734816656,0.161896075749,0.0541195883088,0.0687571152394,0.16809123801,0.000338982376954,0.0766909164163,0.108086083493,0.0753242653239,0.0844497404657,1,3,8,20,0.00506617007895,0.000292054623373,0.00506617007895,0.0139130179031,0.0345098055278,0.00588990622058,0.00506617007895,0.000292054623373,0.00506617007895,0.170407959705,0.592877122647,0.161553398434
953,0.0306661772704,0.00104963782694,0.0975098763649,0.0123719786671,0.0778795986259,0.417335063518,0.0657265009272,0.149264412673,0.00765260024412,0.00889745097383,0.00374550920283,0.127901193706,1,3,8,20,0.00544087219976,0.00031365545498,0.00544087219976,0.0138092081224,0.0420924282533,0.00382200636989,0.00544087219976,0.00031365545498,0.00544087219976,0.16912683496,0.588419880425,0.160338842161
954,0.0451020592966,0.102731548754,0.000320516923089,0.300346569605,0.0689708594943,0.0747415482356,0.148076147498,0.00998867432853,0.208953332001,0.0102683886456,0.0202821535308,0.0102182016882,1,3,8,20,0.00514130162412,0.00029638580744,0.00514130162412,0.0139782255239,0.0279283253858,0.00776897745499,0.00514130162412,0.00029638580744,0.00514130162412,0.171205426328,0.59565163927,0.162309427925
955,0.0468425984995,0.00685930453486,0.0011928984793,0.0355404824319,0.0582204401839,0.0480168650216,0.296093688214,0.00145354247278,0.0139302707139,0.11453697942,0.236979872215,0.140333057814,1,3,8,20,0.0065182522436,0.000375764270522,0.0065182522436,0.0138784631437,0.0292599057846,0.00768157803006,0.0065182522436,0.000375764270522,0.0065182522436,0.169950455987,0.591285392492,0.161119667048
956,0.0283074589462,0.00875874018837,0.0610114254417,0.155890866343,0.0853211865269,0.103069829893,0.0515805439879,0.0676350836088,0.179104331404,0.0308306217952,0.00325195009531,0.22523796177,1,3,8,20,0.00538371455461,0.000310360430482,0.00538371455461,0.0139753961336,0.0267750721146,0.00814645388075,0.00538371455461,0.000310360430482,0.00538371455461,0.171165075017,0.595511250468,0.162271173307
957,0.0183560510331,0.000621716530097,0.0459590210428,0.0559863932376,0.1129319243,0.140234942146,0.0190330603851,0.081063020806,0.0627146522319,0.0308531420433,0.28935636728,0.142889708964,1,3,8,20,0.00752684262451,0.000433907498886,0.00752684262451,0.0138920332733,0.0220748405026,0.00992784169325,0.00752684262451,0.000433907498886,0.00752684262451,0.170093178417,0.591781947135,0.161254973483
958,0.0151883417911,0.188157853765,0.163963451619,0.0395743179756,0.0539552524803,0.0103968560428,0.0921397401325,0.0894173923129,0.0606122556086,0.139499791747,0.135004640151,0.0120901063738,1,3,8,20,0.00816954617228,0.000470958079435,0.00816954617228,0.013714609312,0.0350210807616,0.00639782055362,0.00816954617228,0.000470958079435,0.00816954617228,0.167903521624,0.58416377354,0.159179093361
959,0.0481247888565,0.0128557335069,0.0791205345922,0.00284897742615,0.333800075677,0.166870718419,0.115799472173,0.138317857583,0.00556480051575,0.0604065812027,0.0104324371354,0.0258580229123,1,3,8,20,0.00555616272126,0.000320301724117,0.00555616272126,0.0140025928089,0.0232036304706,0.0091938250563,0.00555616272126,0.000320301724117,0.00555616272126,0.17149437885,0.596656952285,0.162583366196
960,0.0858284369022,0.0967185248415,0.0199288940321,0.0725508671495,0.0589029733866,0.0675726067447,0.190586516851,0.00669871335986,0.0424960338152,0.140587910785,0.206065540918,0.0120629812154,1,3,8,20,0.0061902713134,0.000356856822578,0.0061902713134,0.0137662965217,0.0417449895679,0.00407797267691,0.0061902713134,0.000356856822578,0.0061902713134,0.168583347723,0.586528999568,0.159823595043
961,0.0697402194949,0.0405519637898,0.0450407423677,0.271204868198,0.0107991537642,0.0788787779586,0.00110984324825,0.198098067411,0.0838103490101,0.0421446179749,0.0512630466223,0.10735835016,1,3,8,20,0.0101520564899,0.000585245854052,0.0101520564899,0.0136168690422,0.0326156450732,0.0074957539949,0.0101520564899,0.000585245854052,0.0101520564899,0.166659165166,0.579834454196,0.15799939486
962,0.0100741265743,0.0756171526215,0.000156196533913,0.0628694323737,0.0568836181435,0.0567304597472,0.261767229416,0.0304389093443,0.28187958504,0.0217448703922,0.0278769924492,0.113961427364,1,3,8,20,0.00795766901386,0.000458743782888,0.00795766901386,0.0137021103211,0.0374391710793,0.00566868034433,0.00795766901386,0.000458743782888,0.00795766901386,0.167755284312,0.583648031721,0.159038558602
963,0.183839746837,0.0928646106545,0.0149936293648,0.0832956100565,0.0617072126287,0.091868029897,0.0127806144814,0.00205508079005,0.0718530520775,0.282959105066,0.0996643205918,0.00211898755434,1,3,8,20,0.00741785438014,0.000427624543485,0.00741785438014,0.0137942797566,0.0319198833032,0.00711770903085,0.00741785438014,0.000427624543485,0.00741785438014,0.168897601524,0.587622339864,0.160121519914
964,0.00296142522546,0.0214029553136,0.152646803127,0.116147817275,0.0317166437057,0.0326904074502,0.149219715206,0.278805707024,0.024442307051,0.0747913766271,0.0692985965764,0.0458762454189,1,3,8,20,0.00505106811226,0.000291184025046,0.00505106811226,0.0138651234238,0.0391091056823,0.00458463088449,0.00505106811226,0.000291184025046,0.00505106811226,0.169821288882,0.590835999038,0.16099721159
965,0.0277429465314,0.0996938074985,0.20543209896,0.000814166503924,0.0546541589773,0.0155808861153,0.00500624133485,0.0921569054562,0.106588705577,0.127721975329,0.18882225405,0.0757858536659,1,3,8,20,0.00410621280613,0.00023671499691,0.00410621280613,0.0142757419314,0.00596947419723,0.0137680208567,0.00410621280613,0.00023671499691,0.00410621280613,0.17487619203,0.608422832651,0.165789457115
966,0.138346349551,0.104972981185,0.1000394835,0.0142258261239,0.0619161841788,0.0393050793962,0.0382514855237,0.0930042069735,0.0272799792507,0.267223040013,0.01622063874,0.0992147455645,1,3,8,20,0.00956308823097,0.00055129300597,0.00956308823097,0.0134790702673,0.0490433641025,0.00272106916633,0.00956308823097,0.00055129300597,0.00956308823097,0.164984000672,0.574006283335,0.156411273522
967,0.179695384265,0.074518106571,0.118910762825,0.182382276352,0.134499370573,0.0838082886284,0.00340619818466,0.0697954738442,0.0165994308218,0.0584293319534,0.0755368339974,0.00241854198418,1,3,8,20,0.00744385725954,0.000429123557737,0.00744385725954,0.0139874845392,0.0135709582865,0.0123179075634,0.00744385725954,0.000429123557737,0.00744385725954,0.171265029769,0.595859009375,0.162365934314
968,0.166863947205,0.0926546943155,0.054000843035,0.182912063269,0.0245340805671,0.143215854059,0.112016404258,0.0149475931009,0.0687720422214,0.0541088317332,0.0364149003209,0.049558745914,1,3,8,20,0.0072429174483,0.000417539777489,0.0072429174483,0.0139700768525,0.0163873085183,0.0114783169287,0.0072429174483,0.000417539777489,0.0072429174483,0.171056372522,0.595133056733,0.162168119097
969,0.0425089168169,0.0104465779051,0.00403082219339,0.0516728829547,0.0607791708249,0.136287267177,0.025774099286,0.138505894062,0.213192708212,0.0218128564402,0.177654934187,0.117333869941,1,3,8,20,0.00738738468416,0.000425868026146,0.00738738468416,0.013713070454,0.0397468821981,0.00489541398641,0.00738738468416,0.000425868026146,0.00738738468416,0.167902963334,0.584161831158,0.15917856408
970,0.00902088564666,0.164368184651,0.0223214226378,0.00335151365715,0.213993488326,0.0261469013275,0.0196680597965,0.0801229880516,0.0352357526677,0.0735116897021,0.0503780604456,0.301881053089,1,3,8,20,0.00525395248523,0.000302879905408,0.00525395248523,0.013999126353,0.025300059846,0.00853675203322,0.00525395248523,0.000302879905408,0.00525395248523,0.171458963676,0.596533737111,0.162549791229
971,0.0342462238764,0.147744885363,0.0326942019183,0.0267593516054,0.221617215898,0.00484629634406,0.137438014758,0.119226248683,0.0225707408397,0.0348276404737,0.0527174132838,0.165311766957,1,3,8,20,0.00725464244221,0.000418215700055,0.00725464244221,0.0139095715902,0.0220172150699,0.00988691042399,0.00725464244221,0.000418215700055,0.00725464244221,0.170314508419,0.592551990361,0.161464802966
972,0.16766716756,0.114043790326,0.185517435322,0.050103683091,0.033272193575,0.0572626968465,0.00797853877952,0.051305852602,0.0741685900217,0.206968347785,0.0224655468136,0.0292461572769,1,3,8,20,0.00395522874387,0.000228011066179,0.00395522874387,0.0140044266144,0.0324070695911,0.00625156956358,0.00395522874387,0.000228011066179,0.00395522874387,0.171554317612,0.596865489028,0.162640190483
973,0.00987205469272,0.243125877062,0.00741908137875,0.190675533058,0.0656200018418,0.0190863557285,8.00200235511e-05,0.0316914892324,0.165636303128,0.0786880557678,0.140430243079,0.047674985007,1,3,8,20,0.00612459744692,0.000353070854866,0.00612459744692,0.0140127973508,0.0189133961978,0.0105279708645,0.00612459744692,0.000353070854866,0.00612459744692,0.171606150389,0.597045823722,0.162689329978
974,0.0253200612113,0.0346468229756,0.141305624588,0.0539173781642,0.0424228570689,0.0597687979707,0.196959038001,0.10397645267,0.0311973066781,0.0560959212879,0.144339570596,0.110050168788,1,3,8,20,0.00434025308331,0.000250206953149,0.00434025308331,0.0140818947189,0.0228559166011,0.00903655184546,0.00434025308331,0.000250206953149,0.00434025308331,0.172494804651,0.600137597033,0.163531808911
975,0.143427225954,0.0457632569674,0.0555982093672,0.00538961925104,0.0067475232918,0.0457349038663,0.0213618441956,0.122124828032,0.0851971020634,0.154699575439,0.107533081082,0.20642283049,1,3,8,20,0.00640091898744,0.000369000241797,0.00640091898744,0.013836820936,0.0338690829202,0.00635200652415,0.00640091898744,0.000369000241797,0.00640091898744,0.169442809108,0.589519206091,0.160638397988
976,0.0153625118785,0.0948728698428,0.0191179811718,0.0675172027132,0.0259323468519,0.119018358023,0.0587046734364,0.0861278803983,0.253804481541,0.147327040862,0.0563022474144,0.0559124058656,1,3,8,20,0.00511819896396,0.000295053985056,0.00511819896396,0.014042098933,0.0220478314769,0.00942893448084,0.00511819896396,0.000295053985056,0.00511819896396,0.171988838753,0.598377259042,0.163052133488
977,0.228481744328,0.00378153133657,0.0661798872845,0.232098615508,0.058352828778,0.0671757184305,0.00847537394025,0.184392425866,0.0017065238011,0.00182023169548,0.0488234341397,0.098711684892,1,3,8,20,0.00538984697738,0.000310713952451,0.00538984697738,0.0140134817078,0.0231521372356,0.00917342590948,0.00538984697738,0.000310713952451,0.00538984697738,0.171631731753,0.597134825468,0.162713582111
978,0.258421880685,0.0607844534675,0.0419983506251,0.0909231728114,0.00615308561852,0.0100612788359,0.00402601633462,0.11701032918,0.15648680729,0.00421486266904,0.214112744295,0.0358070181873,1,3,8,20,0.0051331590891,0.0002959164065,0.0051331590891,0.0137247062243,0.051853259192,0.000993921617423,0.0051331590891,0.0002959164065,0.0051331590891,0.168098328304,0.584841537795,0.159363777698
979,0.0784674448241,0.0211946634655,0.0609512633217,0.104233008899,0.0878160924025,0.0382234389677,0.0874734757067,0.17109382562,0.0145234245169,0.0405626798042,0.134806549759,0.160654132713,1,3,8,20,0.00479470382236,0.000276405133899,0.00479470382236,0.0140976014003,0.0187150408607,0.010304441452,0.00479470382236,0.000276405133899,0.00479470382236,0.17267668107,0.600770374802,0.163704234858
980,0.148888624761,0.0132770976568,0.0599841376735,0.00449178217297,0.0119704091981,0.0806431539643,0.11149431483,0.0214730863756,0.216921886866,0.130888654771,0.159455706,0.0405111457317,1,3,8,20,0.00525881148804,0.000303160017251,0.00525881148804,0.0139842966314,0.0266683120874,0.0081504105723,0.00525881148804,0.000303160017251,0.00525881148804,0.17127708778,0.595900961164,0.162377365779
981,0.22707838203,0.020057659523,0.198890854857,0.0427540423548,0.0731373044176,0.117508636737,0.0620569896778,0.076603752325,0.0221612476162,0.0568366571936,0.0818576512256,0.0210568220427,1,3,8,20,0.00565229978556,0.000325843834561,0.00565229978556,0.0139707604047,0.0256386627926,0.0085246658553,0.00565229978556,0.000325843834561,0.00565229978556,0.171101971666,0.595291703604,0.162211348866
982,0.087664671129,0.019302827145,0.0313916234885,0.193351448145,0.10984301902,0.0643214190136,0.0346698394498,0.0339848025268,0.0939347220692,0.0249352915827,0.185143979358,0.121456357073,1,3,8,20,0.00520950496052,0.000300317594059,0.00520950496052,0.0139936873363,0.0260726383391,0.00830868116798,0.00520950496052,0.000300317594059,0.00520950496052,0.171393339831,0.596305421035,0.162487577261
983,0.0037364359677,0.0969853299613,0.0339283145692,0.0596736424709,0.210854034356,0.0497522690299,0.255817148025,0.0232699919697,0.0300267114415,0.180761994909,0.0100302315922,0.0451638957079,1,3,8,20,0.00486892033198,0.000280683567987,0.00486892033198,0.0139547684856,0.0317328322493,0.00663460702263,0.00486892033198,0.000280683567987,0.00486892033198,0.170924296265,0.594673541865,0.16204290565
984,0.141826901582,0.0350253795464,0.0117246878536,0.151210963533,0.194750924697,0.00135019507544,0.0502386050743,0.0682859503831,0.000306771111577,0.213023514184,0.035521999213,0.096734107747,1,3,8,20,0.00643662711299,0.000371058744176,0.00643662711299,0.0138096875146,0.0362154630103,0.00569523688589,0.00643662711299,0.000371058744176,0.00643662711299,0.16910940961,0.588359254789,0.160322322249
985,0.0381105442656,0.194507367545,0.127034052343,0.0439996679772,0.161953614064,0.082229313432,0.0779918899343,0.00796753030009,0.0672017819908,0.0917942153486,0.0447971138467,0.0624129089522,1,3,8,20,0.00610532935681,0.000351960087815,0.00610532935681,0.0141118456944,0.00969755840704,0.0131329973144,0.00610532935681,0.000351960087815,0.00610532935681,0.172820598728,0.601271087838,0.163840674416
986,0.0352927782388,0.0301741008018,0.126957485602,0.294104096911,0.117383279373,0.098998014755,0.0451364507501,0.0251803140379,0.0139548975006,0.0544419463088,0.116586052401,0.0417905833198,1,3,8,20,0.00484616576856,0.000279371812687,0.00484616576856,0.0139881349398,0.028723540685,0.00748177651229,0.00484616576856,0.000279371812687,0.00484616576856,0.171333788529,0.596098232331,0.162431120303
987,0.00101038733055,0.15500292363,0.00615187843807,0.000875269189884,0.0317557238766,0.109452793758,0.100987371559,0.0757080890766,0.0499133126934,0.0807534453283,0.0106580059093,0.37773079921,1,3,8,20,0.00756912116531,0.000436344772629,0.00756912116531,0.0137734755749,0.0329933659684,0.00684560975976,0.00756912116531,0.000436344772629,0.00756912116531,0.168639072964,0.58672287678,0.159876424746
988,0.0072766924635,0.0383661154059,0.026100492974,0.0353430762578,0.0026135343615,0.0286557979074,0.054889883232,0.0290678911395,0.228681027746,0.207270628069,0.155237463065,0.186497397379,1,3,8,20,0.00574604697456,0.00033124817345,0.00574604697456,0.0139192125503,0.0299445549971,0.00732534839407,0.00574604697456,0.00033124817345,0.00574604697456,0.170467975715,0.593085928145,0.161610295954
989,0.293388349526,0.0154373660133,0.0764404402551,0.0914598514584,0.0777544852519,0.0327546867968,0.0140893447179,0.0419558272917,0.0564918813457,0.12547085735,0.0429258476066,0.131831062386,1,3,8,20,0.00454803905883,0.000262185401144,0.00454803905883,0.0142064905113,0.00990415741369,0.0127469990086,0.00454803905883,0.000262185401144,0.00454803905883,0.174017065088,0.605433789707,0.164974971234
990,0.0703510911208,0.0270755116883,0.0576134538948,0.0227003926353,0.252909193353,0.0363927318238,0.205826183117,0.0124884163776,0.05835220131,0.0206789863027,0.164642150732,0.0709696876441,1,3,8,20,0.00333867240647,0.000192467820275,0.00333867240647,0.0140424966587,0.03243248411,0.00611470863221,0.00333867240647,0.000192467820275,0.00333867240647,0.172035355178,0.598539097281,0.163096232874
991,0.136448853465,0.0117966755796,0.039457373095,0.0334955544448,0.0763420871789,0.00960736165971,0.220081857481,0.157723488422,0.0733725203923,0.195948340318,0.0170600689861,0.0286658189772,1,3,8,20,0.00543379609067,0.000313247531373,0.00543379609067,0.0141147500167,0.0133569734036,0.0119557592708,0.00543379609067,0.000313247531373,0.00543379609067,0.172871910045,0.60144960829,0.163889319548
992,0.0692505050738,0.00210513399094,0.126984848897,0.0397438380756,0.159388871083,0.025342964244,0.167553611295,0.291238585551,0.0152614456811,0.0420667456474,0.0245187370566,0.036544713405,1,3,8,20,0.00928642676185,0.000535344022832,0.00928642676185,0.0135740315451,0.0417199288242,0.00473620953931,0.00928642676185,0.000535344022832,0.00928642676185,0.16615437853,0.578078219047,0.157520837422
993,0.0232476554061,0.232857015245,0.0136864314197,0.146728951128,0.0720359381134,0.0337334385941,0.0367497822836,0.029576751219,0.055429295304,0.0809663863794,0.229519335143,0.0454690197644,1,3,8,20,0.0051985502693,0.00029968607791,0.0051985502693,0.0140226301121,0.0234108746981,0.00905994426628,0.0051985502693,0.00029968607791,0.0051985502693,0.171748336648,0.59754051294,0.162824128103
994,0.046170730635,0.0076234137816,0.0597560605659,0.0141208106064,0.0391518526637,0.110166904906,0.163212219318,0.219603368954,0.00376498419701,0.104626598364,0.0972497752875,0.134553280722,1,3,8,20,0.00601555299464,0.00034678465919,0.00601555299464,0.0137270712174,0.046462620894,0.00270562844922,0.00601555299464,0.00034678465919,0.00601555299464,0.168106666733,0.584870548554,0.159371682855
995,0.0832576855279,0.00753245613763,0.0578003891633,0.098471015695,0.113728691998,0.0100260359241,0.0514714965058,0.129953235613,0.130632357412,0.0125976082054,0.29649116376,0.00803786405701,1,3,8,20,0.0060197761816,0.000347028117514,0.0060197761816,0.0139760629856,0.0229870585925,0.00935263929301,0.0060197761816,0.000347028117514,0.0060197761816,0.171158364262,0.595487902656,0.162264811249
996,0.0744669369285,0.00414749953573,0.0220407016878,0.00670000973404,0.00346914751854,0.0933959937216,0.0350923937258,0.0548331197283,0.077631293289,0.00765359411277,0.567889308799,0.052680001219,1,3,8,20,0.00567790303923,0.000327319811185,0.00567790303923,0.0139234422096,0.0299452893667,0.00731080936791,0.00567790303923,0.000327319811185,0.00567790303923,0.170521411618,0.593271840382,0.161660955276
997,0.0438283308045,0.0415122490195,0.0403968534031,0.0213717553272,0.00775534258119,0.129394934807,0.0292823441464,0.00223127698699,0.481846234542,0.151268664175,0.0356806779349,0.0154313362717,1,3,8,20,0.00755872430586,0.000435745414372,0.00755872430586,0.0139041518255,0.0207467564078,0.0103105380339,0.00755872430586,0.000435745414372,0.00755872430586,0.170240964807,0.592296120123,0.161395080751
998,0.104566714795,0.0830570529862,0.0502875088812,0.0125918656335,0.0385101338702,0.00506799520838,0.230030832307,0.121780827945,0.0874824408895,0.0807630170007,0.0948605905651,0.0910010199188,1,3,8,20,0.00411872419713,0.000237436253703,0.00411872419713,0.0141217210536,0.0204023700938,0.00968458183373,0.00411872419713,0.000237436253703,0.00411872419713,0.172988124588,0.601853937664,0.163999495471
999,0.312726015056,0.0452633431504,0.0203514791421,0.0369002688509,0.0772619104897,0.00807006628071,0.00482502075525,0.184070152941,0.0957638853955,0.112545039974,0.0737389966384,0.0284838213255,1,3,8,20,0.00907074915469,0.000522910637977,0.00907074915469,0.0138518257871,0.0168195467427,0.0117403518639,0.00907074915469,0.000522910637977,0.00907074915469,0.169564242672,0.589941693292,0.160753521748
