run_ID,t1_initial,t2_initial,t3_initial,t4_initial,t5_initial,t6_initial,t7_initial,t8_initial,t9_initial,t10_initial,t11_initial,t12_initial,alpha,prior_cost_c,lambda,k,sample_amount,learning_parameter,generations,t1_final,t2_final,t3_final,t4_final,t5_final,t6_final,t7_final,t8_final,t9_final,t10_final,t11_final,t12_final
0,0.130970986477,0.034398596647,0.138313212051,0.0103809079685,0.0388262920692,0.0385944690552,0.18952667793,0.0833002453497,0.092609575454,0.117546787488,0.0648926212158,0.0606396282942,20,9,2,20,0.000259386915471,2.59386915471e-06,0.000259386915471,0.0153221804413,0.00194519587103,0.00167039661833,0.000259386915471,2.59386915471e-06,0.000259386915471,0.184709555854,0.610602637862,0.184707297953
1,0.248452758163,0.157415529165,0.323859793961,0.0427512113619,0.0888688536213,0.0159040387025,0.00924464373545,0.043607150885,0.0176202283854,0.012274621765,0.0356403045097,0.00436086574418,20,9,2,20,9.30984722286e-05,9.30984722286e-07,9.30984722286e-05,9.09344306436e-05,0.001260727883,0.000260896468875,9.30984722286e-05,9.30984722286e-07,9.30984722286e-05,0.188100926113,0.621813634738,0.188098624508
2,0.00766922892656,0.170688395417,0.182159179112,0.085383640795,0.0348737609997,0.130251801926,0.0876193866144,0.0137820479769,0.232608726171,0.018320651872,0.0292748439581,0.00736833623064,20,9,2,20,0.00392489326652,3.92489326652e-05,0.00392489326652,0.0533208111418,0.0294084719971,0.0116804743111,0.00392489326652,3.92489326652e-05,0.00392489326652,0.167707697658,0.554398828377,0.167705645584
3,0.0116559330006,8.06904566076e-05,0.0846971545581,0.0955035765554,0.0146771930635,0.0390633374015,0.272116265897,0.192577556279,0.115835406309,0.143654785807,0.00707699589356,0.0230611047792,20,9,2,20,0.00053266263146,5.3266263146e-06,0.00053266263146,0.0265817569716,0.00461480369201,0.00512038974652,0.00053266263146,5.3266263146e-06,0.00053266263146,0.181226957256,0.599090048795,0.181224739761
4,0.0228159136014,0.107447467913,0.0496246110857,0.333507397253,0.102000940188,0.0525140905701,0.0974754926248,0.0393433271607,0.0688648090719,0.0126664256111,0.0146170642524,0.0991224606675,20,9,2,20,0.000439607781042,4.39607781042e-06,0.000439607781042,0.0113065567694,0.0140166743815,0.00236066660235,0.000439607781042,4.39607781042e-06,0.000439607781042,0.182924580206,0.604701956822,0.182922341939
5,0.243653777968,0.0225251429919,0.0448278259548,0.0490592989039,0.00347061553823,0.0300875057018,0.150321151522,0.138285226197,0.0117406411382,0.0114195432414,0.156819810833,0.13778946001,20,9,2,20,0.000210381155612,2.10381155612e-06,0.000210381155612,0.00815532668429,0.00191636340604,0.000936616795966,0.000210381155612,2.10381155612e-06,0.000210381155612,0.186241197112,0.615665845494,0.186238918262
6,0.164630891573,0.000674353224372,0.130256292633,0.049860347116,0.0159509005168,0.0713102792994,0.221991841429,0.0434337611101,0.096651667751,0.147163254765,0.038055835679,0.0200205749024,20,9,2,20,0.000367152263542,3.67152263542e-06,0.000367152263542,0.00561233891172,0.00435769991781,0.000727541358072,0.000367152263542,3.67152263542e-06,0.000367152263542,0.186180980514,0.615466784798,0.186178702401
7,0.114585318204,0.120815380949,0.191802237612,0.032124645488,0.245015825936,0.011412928936,0.0191042552709,0.0488037317942,0.0223483954177,0.103291880915,0.0158372494173,0.0748581500604,20,9,2,20,0.000359274532689,3.59274532689e-06,0.000359274532689,0.0241924766697,0.00676391131844,0.0021611227981,0.000359274532689,3.59274532689e-06,0.000359274532689,0.18196134404,0.601517743994,0.181959117558
8,0.0529176952867,0.00774327845954,0.312937035011,0.0148347378787,0.136326872393,0.133377383069,0.0374290998348,0.11866362921,0.0292530742355,0.0212484726262,0.106430275442,0.0288384465543,20,9,2,20,0.000608026377434,6.08026377434e-06,0.000608026377434,0.0106273999504,0.0075298149693,0.0016921318763,0.000608026377434,6.08026377434e-06,0.000608026377434,0.184273594368,0.609161453204,0.184271339594
9,0.0966176515621,0.00106036778813,0.0265962522357,0.0436516057431,0.0364108221548,0.213308521706,0.0689256116759,0.107833961491,0.186196950095,0.0388077990389,0.167042800579,0.013547655929,20,9,2,20,0.000373065985747,3.73065985747e-06,0.000373065985747,0.0208538771643,0.00485007459208,0.00325212691769,0.000373065985747,3.73065985747e-06,0.000373065985747,0.182735222202,0.604075987609,0.182732986252
10,0.130114220079,0.0782049227066,0.173360716683,0.0507871532267,0.308665760283,0.0188614766651,0.00255259053014,0.0257510457445,0.0343315382391,0.0205496482064,0.0839360140267,0.0728849136088,20,9,2,20,0.00037183073355,3.7183073355e-06,0.00037183073355,0.0563640358838,0.0036660911049,0.00200852774773,0.00037183073355,3.7183073355e-06,0.00037183073355,0.176500906633,0.583466932117,0.176498746965
11,0.0476902442763,0.0846191224204,0.036684930456,0.0228082333651,0.11085551173,0.110729358084,0.0170390146738,0.200191629454,0.0193480798589,0.167731199889,0.171968354079,0.0103343217138,20,9,2,20,3.69829824002e-05,3.69829824002e-07,3.69829824002e-05,4.75940548458e-05,0.000315872370996,9.92599657563e-06,3.69829824002e-05,3.69829824002e-07,3.69829824002e-05,0.188376995562,0.622726249847,0.188374690579
12,0.0272529422353,0.0681398157356,0.054687257123,0.0456693317598,0.11962302731,0.0171770865164,0.127105938149,0.261037776293,0.050595055616,0.0628345465672,0.0250645087666,0.140812713928,20,9,2,20,0.000129716601292,1.29716601292e-06,0.000129716601292,0.000362962621554,0.00157476879827,0.000141498986166,0.000129716601292,1.29716601292e-06,0.000129716601292,0.187985225499,0.621431158048,0.18798292531
13,0.130742228825,0.0437950841442,0.126482220959,0.00162330117055,0.0657217525295,0.0466469894552,0.0732219764917,0.208225575578,0.0909524059702,0.0754571987427,0.0242777920428,0.112853474092,20,9,2,20,0.000497244382951,4.97244382951e-06,0.000497244382951,0.00478549296323,0.00173793809653,0.00160083397577,0.000497244382951,4.97244382951e-06,0.000497244382951,0.18656742006,0.616744255267,0.186565137218
14,0.0803245001999,0.0328059448698,0.00783991795647,0.376142146494,0.290627899372,0.00859294128587,0.0291411441763,0.0883971070271,0.0106216819018,0.00712492339783,0.0207628131151,0.0476189802031,20,9,2,20,0.00179299930142,1.79299930142e-05,0.00179299930142,0.00862156115591,0.00788574721501,0.00507535837205,0.00179299930142,1.79299930142e-05,0.00179299930142,0.183049086503,0.60511354285,0.183046846712
15,0.124721702959,0.13448840339,0.00188385736375,0.0102858514821,0.0230766507625,0.00922763642465,0.0489284219151,0.0662460553267,0.292189056209,0.23200442011,0.0371244382464,0.0198235058119,20,9,2,20,0.00020219923496,2.0219923496e-06,0.00020219923496,0.0114608445054,0.00378875960702,0.000746021409195,0.00020219923496,2.0219923496e-06,0.00020219923496,0.185307409483,0.612578982013,0.185305142059
16,0.253048713126,0.01295930704,0.101833851616,0.110146111847,0.106907263952,0.00300128384588,0.107468972812,0.158145138031,0.0126036439411,0.0504971531915,0.00594902854144,0.0774395320558,20,9,2,20,0.000808912415283,8.08912415283e-06,0.000808912415283,0.0624301097038,0.0080606112297,0.00474924806461,0.000808912415283,8.08912415283e-06,0.000808912415283,0.173681619607,0.574147089048,0.173679494437
17,0.257539696668,0.164312885736,0.0228249440187,0.0975747673014,0.014713675514,0.0140051870555,0.0998688535552,0.0238845494137,0.0256040145789,0.134269763988,0.00962534670954,0.135776315462,20,9,2,20,9.44637658285e-05,9.44637658285e-07,9.44637658285e-05,0.00463205291161,0.00318042821094,0.000559835093738,9.44637658285e-05,9.44637658285e-07,9.44637658285e-05,0.186825843739,0.61759853797,0.186823557736
18,0.0516224873512,0.101100435728,0.198029246771,0.0878207847828,0.0407717098774,0.126950732479,0.0466591517105,0.233631746043,0.0340900068167,0.0145702381157,0.0553042720029,0.0094491883224,20,9,2,20,0.000826522396533,8.26522396533e-06,0.000826522396533,0.169437087348,0.019251717715,0.003484089004,0.000826522396533,8.26522396533e-06,0.000826522396533,0.151629298169,0.501247744898,0.151627442832
19,0.0177606069027,0.00733965685885,0.0345806283885,0.0133125467896,0.148977766631,0.097044371885,0.0580596685406,0.152078343766,0.0507141914394,0.0475432876492,0.190715334271,0.181873596878,20,9,2,20,3.24660181037e-05,3.24660181037e-07,3.24660181037e-05,0.00011420047386,0.000201222915049,0.000209862350404,3.24660181037e-05,3.24660181037e-07,3.24660181037e-05,0.188351789783,0.622642925977,0.188349485108
20,0.0125150160952,0.0489151516655,0.052202298258,0.0818952980393,0.0326344776577,0.222881592457,0.226172026829,0.0493141745636,0.0559840410909,0.00673086179221,0.157468067927,0.053286993624,20,9,2,20,0.000185992715574,1.85992715574e-06,0.000185992715574,0.000599026428956,0.00137760669035,0.000165998883864,0.000185992715574,1.85992715574e-06,0.000185992715574,0.187930637074,0.621250702653,0.187928337553
21,0.00796300867508,0.182360509395,0.0434553462413,0.0944405573049,0.0569751107785,0.171309534232,0.0161345814486,0.083429069983,0.079911303703,0.0144213331143,0.0289784593587,0.220621185765,20,9,2,20,1.30615298709e-06,1.30615298709e-08,1.30615298709e-06,2.60001344876e-06,1.4878530264e-06,1.26273394428e-06,1.30615298709e-06,1.30615298709e-08,1.30615298709e-06,0.18847339369,0.623044917447,0.188471087528
22,0.177804345913,0.0718159289661,0.016455361634,0.225554179317,0.0659353371555,0.0782081045097,0.0198646691611,0.0409766745914,0.0269574696205,0.162652599521,0.0942171360015,0.0195581936097,20,9,2,20,0.000201136865891,2.01136865891e-06,0.000201136865891,0.0367632235191,0.00418738177809,0.00124749191883,0.000201136865891,2.01136865891e-06,0.000201136865891,0.180369693291,0.596256153008,0.180367486285
23,0.203133032238,0.147699739183,0.0226524249511,0.0996562277703,0.142438546575,0.117936470257,0.0854294012755,0.0594151632884,0.0556126459458,0.00493109705116,0.0102954594862,0.0507997919782,20,9,2,20,0.00145000387166,1.45000387166e-05,0.00145000387166,0.0202622075605,0.0192491954777,0.0190771449694,0.00145000387166,1.45000387166e-05,0.00145000387166,0.176334266249,0.582916061558,0.176332108621
24,0.0109816188441,0.0921903924484,0.0939485995158,0.00940979711342,0.249465539716,0.0297775445811,0.0438249485388,0.0283165866916,0.106024394907,0.107366020034,0.132167562707,0.0965269949033,20,9,2,20,9.13352903804e-05,9.13352903804e-07,9.13352903804e-05,0.00748104274879,0.000648420341399,0.00133689844574,9.13352903804e-05,9.13352903804e-07,9.13352903804e-05,0.186622013474,0.616924727157,0.186619729965
25,0.00781667705109,0.0131619958954,0.0765401561743,0.0601631179484,0.101159487763,0.0432838663416,0.0158141572584,0.126128844627,0.277860880098,0.010874252191,0.121813618165,0.145382946487,20,9,2,20,0.000285870732389,2.85870732389e-06,0.000285870732389,0.0176208625708,0.00296483143467,0.00125866642478,0.000285870732389,2.85870732389e-06,0.000285870732389,0.184141671406,0.608725349574,0.184139418246
26,0.064623629444,0.0490133226109,0.16282096996,0.0517807670102,0.0151236396945,0.0227769693484,0.257858774794,0.138603457311,0.124983096647,0.0393830949173,0.0579336983916,0.0150985798716,20,9,2,20,0.000470759690219,4.70759690219e-06,0.000470759690219,0.000990172120502,0.0103833029279,0.000601630671188,0.000470759690219,4.70759690219e-06,0.000470759690219,0.185861698039,0.614411318455,0.185859423833
27,0.197168582608,0.206609642372,0.0723189813196,0.00300783286397,0.0630706054192,0.0151419471193,0.000931545440947,0.0737072823409,0.105029818894,0.0184870036367,0.180837902893,0.0636888550915,20,9,2,20,0.000156815245221,1.56815245221e-06,0.000156815245221,0.00348228051762,0.00173875062194,0.000131141384283,0.000156815245221,1.56815245221e-06,0.000156815245221,0.187347824592,0.619324073396,0.187345532202
28,0.106515756567,0.245172082374,0.231676822817,0.0449993376806,0.0480426546112,0.0417186716585,0.042920123017,0.133857227354,0.0171615467523,0.0381273235156,0.0311844638642,0.0186239897886,20,9,2,20,0.00181539395557,1.81539395557e-05,0.00181539395557,0.110876953197,0.0213946096928,0.00347617240359,0.00181539395557,1.81539395557e-05,0.00181539395557,0.161514812699,0.533926731905,0.161512836401
29,0.222618649929,0.0535175199731,0.0813734503748,0.0812653868996,0.0273616814948,0.159499906819,0.178135491236,0.034552149683,0.0189029021295,0.00503587036319,0.0159320359838,0.121804955115,20,9,2,20,0.000510897709796,5.10897709796e-06,0.000510897709796,0.00889768032036,0.00948923520218,0.00249452182337,0.000510897709796,5.10897709796e-06,0.000510897709796,0.18415266228,0.608761682596,0.184150408985
30,0.0561792779856,0.227167787455,0.0164484659384,0.132893892064,0.0429585972624,0.0541036869246,0.0402344839712,0.14082243023,0.0690226794844,0.0745368688085,0.0294889041817,0.116142925695,20,9,2,20,7.57879140307e-05,7.57879140307e-07,7.57879140307e-05,0.00201098771361,0.00555814346494,0.000154699307907,7.57879140307e-05,7.57879140307e-07,7.57879140307e-05,0.186962217494,0.618049354783,0.186959929822
31,0.0935320177141,0.0504563163,0.00925440791461,0.0372348554322,0.267489493432,0.0262122980389,0.0171808814851,0.172482841166,0.0418749328628,0.120830865908,0.131414946542,0.032036143204,20,9,2,20,9.2129307025e-05,9.2129307025e-07,9.2129307025e-05,0.000455087610954,0.000748088096768,0.000362627355318,9.2129307025e-05,9.2129307025e-07,9.2129307025e-05,0.188110472724,0.621845193396,0.188108171002
32,0.0121057568005,0.107247216219,0.0677811803231,0.102867666851,0.0540383273464,0.0198673283394,0.239637207033,0.0828506283267,0.0330640551247,0.0807924911002,0.0915901444564,0.108157998079,20,9,2,20,0.000216433117291,2.16433117291e-06,0.000216433117291,0.0109277901015,0.00312233625606,0.000614339489251,0.000216433117291,2.16433117291e-06,0.000216433117291,0.185547515723,0.613372711938,0.185545245361
33,0.116002795486,0.0154471440241,0.0455563233936,0.0359450447044,0.0161628513289,0.0936742842251,0.0508683217077,0.156235339235,0.334126478777,0.0459601139808,0.06183791473,0.0281833884076,20,9,2,20,0.000779281902201,7.79281902201e-06,0.000779281902201,0.00938047159952,0.00572700002107,0.00450685130553,0.000779281902201,7.79281902201e-06,0.000779281902201,0.184188135227,0.608878947102,0.184185881498
34,0.0387298245505,0.0146838836005,0.117451202526,0.0198607719946,0.00471532855566,0.00754604933251,0.00571151725211,0.256479570707,0.0313112321536,0.131307052951,0.060446006365,0.311757560012,20,9,2,20,5.89202885057e-05,5.89202885057e-07,5.89202885057e-05,0.00114554491873,0.000245503660927,0.000533477072484,5.89202885057e-05,5.89202885057e-07,5.89202885057e-05,0.188068023787,0.621704868331,0.18806572267
35,0.111353594667,0.0806751725753,0.127382584069,0.0413583043743,0.0640280562496,0.103554752843,0.106355704984,0.0606560580916,0.0714232092229,0.0158648683196,0.188480222426,0.0288674721776,20,9,2,20,0.00030429415364,3.0429415364e-06,0.00030429415364,0.00402761600547,0.00316898874683,0.000692843211738,0.00030429415364,3.0429415364e-06,0.00030429415364,0.186757870107,0.617373834496,0.186755584935
36,0.0816404062125,0.00420835495254,0.0480751068479,0.0829399989203,0.0190501827123,0.025924503007,0.211598871572,0.0870877954806,0.121885605888,0.235530468381,0.0394254731464,0.0426332328795,20,9,2,20,0.000174236982931,1.74236982931e-06,0.000174236982931,0.00863107604506,0.000931478529057,0.00325417114389,0.000174236982931,1.74236982931e-06,0.000174236982931,0.185927740058,0.614629636509,0.185925465044
37,0.0141191877411,0.254065152693,0.0776045203367,0.0195385294638,0.119606310548,0.087078429254,0.019013428602,0.270080907445,0.0755591401536,0.0102924504488,0.0429908896041,0.0100510537096,20,9,2,20,0.0023620119675,2.3620119675e-05,0.0023620119675,0.0457674758173,0.00717665779179,0.0380355076193,0.0023620119675,2.3620119675e-05,0.0023620119675,0.16953834011,0.560450464915,0.169536265637
38,0.0589916689917,0.00153406621295,0.280230657431,0.0880089026013,0.151968821986,0.0261539730656,0.0667757872472,0.0404607505994,0.0247742032273,0.00830276937211,0.251389151814,0.00140924745061,20,9,2,20,0.000153270067065,1.53270067065e-06,0.000153270067065,0.00163641893518,0.00247287874113,0.000318153767262,0.000153270067065,1.53270067065e-06,0.000153270067065,0.187524797839,0.619909101764,0.187522503284
39,0.0315116129058,0.255185509171,0.0620686686288,0.0785426683023,0.0484985807756,0.282730870572,0.0337071314656,0.0196734277722,0.00662568691795,0.0697832329324,0.0492326612009,0.0624399493559,20,9,2,20,0.000203803712485,2.03803712485e-06,0.000203803712485,0.00551189343042,0.00688906986436,0.000497048968777,0.000203803712485,2.03803712485e-06,0.000203803712485,0.185890017689,0.614504935987,0.185887743136
40,0.0185189875117,0.0901353262189,0.059086551187,0.0181687514509,0.0639202648984,0.00790771157298,0.0560773090632,0.106449064581,0.0942299375468,0.141813588812,0.0847832617049,0.258909245452,20,9,2,20,6.93991786199e-05,6.93991786199e-07,6.93991786199e-05,0.00227347529716,0.000387930284539,0.000356204364237,6.93991786199e-05,6.93991786199e-07,6.93991786199e-05,0.187854064814,0.620997574312,0.187851766229
41,0.0118579587171,0.042302185603,0.33997845665,0.0884378039111,0.0273909113816,0.103442782899,0.0103306417736,0.0726586502501,0.141008344955,0.0418897534945,0.0905759882438,0.0301265221207,20,9,2,20,0.000394071351983,3.94071351983e-06,0.000394071351983,0.00323993039232,0.00570192394914,0.00055621225443,0.000394071351983,3.94071351983e-06,0.000394071351983,0.186386663494,0.616146720212,0.186384382864
42,0.0289201609605,0.241680212401,0.0227104911591,0.0106815567112,0.0168896598964,0.0480655026095,0.0378504143299,0.0949470618001,0.0490052710366,0.177587659493,0.257749864321,0.0139121452822,20,9,2,20,5.74549323927e-05,5.74549323927e-07,5.74549323927e-05,0.00309665558695,0.000302845481482,0.000283281999668,5.74549323927e-05,5.74549323927e-07,5.74549323927e-05,0.187737745859,0.620613053547,0.187735448698
43,0.104880525966,0.0646876408963,0.124144695211,0.0359046011019,0.0149734173066,0.0183519274845,0.244857331124,0.00673027574513,0.247954455782,0.0248834117919,0.052015105825,0.0606166117652,20,9,2,20,0.000674989020024,6.74989020024e-06,0.000674989020024,0.0165423861703,0.0114199223286,0.00387385091095,0.000674989020024,6.74989020024e-06,0.000674989020024,0.181963639507,0.601525332225,0.181961412998
44,0.0300369659151,0.0637207805312,0.221466819945,0.110560548289,0.0230667531698,0.0109288178753,0.0180847958608,0.225062257867,0.0824381154095,0.013367306242,0.0724007419755,0.12886609692,20,9,2,20,1.96060354837e-06,1.96060354837e-08,1.96060354837e-06,5.00818917383e-06,3.24819541251e-05,1.56263069861e-06,1.96060354837e-06,1.96060354837e-08,1.96060354837e-06,0.188466545802,0.623022280075,0.188464239723
45,0.110253480241,0.0316485860744,0.0964430399645,0.19653563817,0.0723118987783,0.189113856492,0.041167117898,0.0212617946248,0.151068745677,0.0583925194828,0.014377866835,0.0174254557617,20,9,2,20,0.00126320277742,1.26320277742e-05,0.00126320277742,0.0109281514353,0.00988859554674,0.00710437193636,0.00126320277742,1.26320277742e-05,0.00126320277742,0.182255855748,0.602491324506,0.182253625663
46,0.0217826298511,0.0465624230087,0.0267268481863,0.0851932089147,0.100897883322,0.00652767432048,0.109446396877,0.094533832416,0.301609311114,0.0070714986839,0.123077136007,0.0765711572983,20,9,2,20,0.000179931224473,1.79931224473e-06,0.000179931224473,0.000812632827003,0.00262902719792,0.000438287882237,0.000179931224473,1.79931224473e-06,0.000179931224473,0.187607788395,0.620183447352,0.187605492824
47,0.0320379147354,0.338672368411,0.016007530186,0.0848265819263,0.116374314356,0.107090532007,0.0593159011394,0.100652613896,0.0748374307209,0.00192954111064,0.0243857759702,0.0438694955406,20,9,2,20,0.00237296427283,2.37296427283e-05,0.00237296427283,0.0501023801838,0.0196445063034,0.00842059414101,0.00237296427283,2.37296427283e-05,0.00237296427283,0.171944818854,0.568405669206,0.171942714935
48,0.0254179485544,0.0608480907135,0.0790568027314,0.0170686519059,0.0204083568168,0.12118843376,0.0232113898005,0.0824622366832,0.20708045732,0.0228244707187,0.0752811074381,0.265152053558,20,9,2,20,6.2021281109e-05,6.2021281109e-07,6.2021281109e-05,0.00123786300409,0.000503514806952,0.000731034393455,6.2021281109e-05,6.2021281109e-07,6.2021281109e-05,0.187962411192,0.621355739773,0.187960111281
49,0.0452749470692,0.00619690949534,0.00893258888221,0.176764942467,0.0714928845948,0.0574803897802,0.247261874988,0.158080275215,0.00598540951118,0.0762268813168,0.136364200509,0.00993869617088,20,9,2,20,0.000364720205044,3.64720205044e-06,0.000364720205044,0.00638777797064,0.00330305595128,0.000505897405705,0.000364720205044,3.64720205044e-06,0.000364720205044,0.1862772209,0.615784930939,0.186274941609
50,0.130077513681,0.0364716916705,0.00849065373515,0.140757154063,0.142201750715,0.0585119693248,0.0656168450956,0.00745874010324,0.0234210560488,0.197957360007,0.165499601224,0.0235356643319,20,9,2,20,2.49971529509e-06,2.49971529509e-08,2.49971529509e-06,4.23504296371e-06,1.42636982016e-05,1.5542734666e-05,2.49971529509e-06,2.49971529509e-08,2.49971529509e-06,0.188467081839,0.623024052077,0.188464775753
51,0.13826735678,0.0196780864128,0.00463013476524,0.0390382805791,0.0472308363772,0.0673763495183,0.0351457173766,0.0402330388578,0.188783804976,0.356288296908,0.00310836643839,0.060219731011,20,9,2,20,8.06454426257e-05,8.06454426257e-07,8.06454426257e-05,0.00464359984968,0.001503057437,0.000135419517259,8.06454426257e-05,8.06454426257e-07,8.06454426257e-05,0.187230271595,0.618935475564,0.187227981358
52,0.191545172088,0.134194637196,0.125841964412,0.0558067991469,0.031794033439,0.00772198963547,0.0455722180558,0.049089379872,0.019187876797,0.0886328954687,0.1837325102,0.0668805236889,20,9,2,20,8.21741669293e-05,8.21741669293e-07,8.21741669293e-05,0.00168625154357,0.00135515602134,0.000485848414667,8.21741669293e-05,8.21741669293e-07,8.21741669293e-05,0.187748329839,0.620648041482,0.187746032548
53,0.186714085411,0.148784039305,0.0148870216476,0.0124178033522,0.00483809421479,0.0118746761634,0.0950143440908,0.249491371766,0.0532913548931,0.116031555263,0.0282953740314,0.0783602798618,20,9,2,20,0.000340290413918,3.40290413918e-06,0.000340290413918,0.00780608422111,0.00518344906006,0.000523929864928,0.000340290413918,3.40290413918e-06,0.000340290413918,0.185670608317,0.613779624624,0.185668336449
54,0.106019642454,0.268159026145,0.0796143097274,0.00222159576317,0.126765863976,0.0933459081603,0.00365643530457,0.0168705524256,0.0102302031129,0.185239420433,0.0236375613513,0.0842394811457,20,9,2,20,0.000209219712524,2.09219712524e-06,0.000209219712524,0.0157511320706,0.00343051483271,0.000594915077302,0.000209219712524,2.09219712524e-06,0.000209219712524,0.184589476789,0.610205679835,0.18458721815
55,0.130591563286,0.0215340492398,0.0231415257412,0.281328737005,0.0876232479028,0.00263195297694,0.0547577771406,0.178618553105,0.0835974463939,0.0189137818991,0.0634424255504,0.0538189397587,20,9,2,20,0.000322828708253,3.22828708253e-06,0.000322828708253,0.00035044409419,0.0020661040472,0.0011957777325,0.000322828708253,3.22828708253e-06,0.000322828708253,0.187549959272,0.619992279038,0.187547664409
56,0.0683006506178,0.23202367694,0.135696589559,0.00831671663954,0.182824659998,0.186340731942,0.0649842596604,0.0414219296713,0.000271763869014,0.00399396877638,0.0657895574893,0.0100354948378,20,9,2,20,0.00126664050039,1.26664050039e-05,0.00126664050039,0.0120550794742,0.0229669757513,0.00285867447952,0.00126664050039,1.26664050039e-05,0.00126664050039,0.18037610954,0.596277363489,0.180373902455
57,0.22134111358,0.277556336596,0.0990348654977,0.121177332066,0.0166428255845,0.00309976825605,0.0273570800482,0.00920723691471,0.03976660688,0.0200844829083,0.0171308494406,0.147601502228,20,9,2,20,0.0004050414861,4.050414861e-06,0.0004050414861,0.0159661958454,0.00884060158694,0.000345874813171,0.0004050414861,4.050414861e-06,0.0004050414861,0.183427843807,0.606365617791,0.183425599382
58,0.193492721347,0.0079346470027,0.0281103993163,0.040084801871,0.191877103318,0.0157426613508,0.04854387331,0.0370258801413,0.369289061102,0.0142270201373,0.0101644749545,0.0435073561487,20,9,2,20,0.00174788295769,1.74788295769e-05,0.00174788295769,0.122105792532,0.024599255371,0.0105299095907,0.00174788295769,1.74788295769e-05,0.00174788295769,0.157516151206,0.520708177973,0.157514223837
59,0.107937790901,0.153969797341,0.0156335943234,0.125320780496,0.0672612644846,0.0595499885331,0.0529438486764,0.0707761183543,0.0549475786476,0.161047434248,0.0685991312855,0.0620126727091,20,9,2,20,0.000207705909659,2.07705909659e-06,0.000207705909659,0.00306414731096,0.00197938179272,0.000478022441309,0.000207705909659,2.07705909659e-06,0.000207705909659,0.187277342431,0.619091077365,0.187275050903
60,0.0243571674402,0.108399244342,0.127842540884,0.042190492218,0.239417485916,0.00555872776805,0.0472502428112,0.0626135588776,0.136849654341,0.0457603850788,0.0833101758755,0.0764503244471,20,9,2,20,0.00041695158303,4.1695158303e-06,0.00041695158303,0.00936039914599,0.00400389278682,0.000853747713916,0.00041695158303,4.1695158303e-06,0.00041695158303,0.185479729034,0.613148626453,0.185477459502
61,0.216727753184,0.0962529718601,0.348393583716,0.106100581002,0.0770732715344,0.038580132816,0.0367795130887,0.00597936731828,0.00543431413836,0.067746447888,0.000768613409336,0.000163450044052,20,9,2,20,0.00231000314492,2.31000314492e-05,0.00231000314492,0.0513120460593,0.032406766149,0.00846457769516,0.00231000314492,2.31000314492e-05,0.00231000314492,0.169350868687,0.559830732258,0.169348796508
62,0.022656828183,0.0234974163664,0.227089057468,0.101627444581,0.0131144739319,0.0655362076254,0.108135456906,0.148731356576,0.146357087931,0.0738912274435,0.00790410601472,0.0614593369736,20,9,2,20,0.000674210491186,6.74210491186e-06,0.000674210491186,0.0076071635542,0.00548024025781,0.00107525600685,0.000674210491186,6.74210491186e-06,0.000674210491186,0.185295249136,0.61253878301,0.185292981861
63,0.000729807751076,0.0767649785548,0.0457004068572,0.0140376427103,0.201796193396,0.0897640822401,0.311957196665,0.000511582952673,0.0660853823893,0.0187378509371,0.123673988673,0.0502408868738,20,9,2,20,0.000312174848251,3.12174848251e-06,0.000312174848251,0.0105566323469,0.00513027031995,0.00188106577692,0.000312174848251,3.12174848251e-06,0.000312174848251,0.184927736193,0.611323879058,0.184925473415
64,0.0966737941762,0.104285188005,0.0275683036197,0.0708574517015,0.292068232438,0.056896159828,0.0054434776127,0.0237062298184,0.0326860391047,0.0543926922767,0.0469817190124,0.188440712407,20,9,2,20,0.00013848159381,1.3848159381e-06,0.00013848159381,0.00247450730668,0.00183358603768,0.000713458248771,0.00013848159381,1.3848159381e-06,0.00013848159381,0.187424029379,0.619575986964,0.187421736057
65,0.150523198443,0.0415860925705,0.0437066404446,0.0291552374784,0.0724107956355,0.0346474022463,0.00310066963956,0.260684481709,0.0295147561178,0.15965085539,0.135862677861,0.0391571924639,20,9,2,20,6.37746542291e-05,6.37746542291e-07,6.37746542291e-05,0.000485700862278,0.0012385762182,6.1983467189e-05,6.37746542291e-05,6.37746542291e-07,6.37746542291e-05,0.188090405414,0.621778855991,0.188088103937
66,0.0887966445774,0.139562064421,0.0444968215677,0.00667881025218,0.052852566666,0.0457626153031,0.19106932471,0.0843679456966,0.0548491676865,0.149417432238,0.0455954919284,0.0965511149529,20,9,2,20,0.000118180892758,1.18180892758e-06,0.000118180892758,0.0162732399459,0.00106343058114,0.00168025178486,0.000118180892758,1.18180892758e-06,0.000118180892758,0.18480162613,0.610906997596,0.184799366773
67,0.072561394737,0.0535533783753,0.126572290394,0.0667686459482,0.079497340866,0.124446030893,0.0228839464865,0.182309892183,0.00897916226126,0.138303662307,0.0199533199884,0.10417093556,20,9,2,20,0.000241044286312,2.41044286312e-06,0.000241044286312,0.0187100099766,0.00265517558144,0.000730306792083,0.000241044286312,2.41044286312e-06,0.000241044286312,0.18412830079,0.60868115841,0.184126050419
68,0.226908879328,0.0578213204794,0.000361247039362,0.0332769856991,0.0211990810996,0.0059164901064,0.0866645952091,0.142337182896,0.0378264337152,0.116409893862,0.030831504588,0.240446385979,20,9,2,20,5.24958616139e-05,5.24958616139e-07,5.24958616139e-05,0.000517130403863,0.000787664572808,0.000102998915924,5.24958616139e-05,5.24958616139e-07,5.24958616139e-05,0.18817028268,0.622042909838,0.188167980226
69,0.0837847354691,0.00139715880494,0.0612490615311,0.153694847962,0.196201158944,0.010433409134,0.124256887043,0.15053787223,0.0715969167579,0.000728832066136,0.0040366261495,0.142082493908,20,9,2,20,0.000488697092259,4.88697092259e-06,0.000488697092259,0.0377210920088,0.00984965001656,0.00133164090612,0.000488697092259,4.88697092259e-06,0.000488697092259,0.178888224348,0.59135879494,0.178886035469
70,0.0426768334639,0.159694097637,0.137241827464,0.00866073765045,0.0860925071585,0.12817812902,0.120401917471,0.164647041531,0.0146190005036,0.0709620656407,0.0618408785912,0.00498496386899,20,9,2,20,0.000324891535907,3.24891535907e-06,0.000324891535907,0.0041557760663,0.00969169973967,0.000388942420169,0.000324891535907,3.24891535907e-06,0.000324891535907,0.185546016359,0.613367755424,0.185543746016
71,0.0817966836968,0.00168320276438,0.0563190132833,0.0656509930104,0.0336967550445,0.0152405347723,0.047384700906,0.133182625241,0.420174617919,0.0158097279362,0.0157599790333,0.113301166393,20,9,2,20,0.000613158832626,6.13158832626e-06,0.000613158832626,0.0252795256694,0.00880871886593,0.000815916619772,0.000613158832626,6.13158832626e-06,0.000613158832626,0.181432243621,0.599768673103,0.181430023614
72,0.132036149784,0.187347141131,0.0282532013089,0.0101428433118,0.00228233515008,0.00482797248007,0.00752792483116,0.0980469566761,0.0464261850733,0.0961396106011,0.188597338961,0.198372340692,20,9,2,20,4.66087118452e-05,4.66087118452e-07,4.66087118452e-05,0.00124569719457,0.000915963151066,0.00017888476142,4.66087118452e-05,4.66087118452e-07,4.66087118452e-05,0.187998942552,0.621476503124,0.187996642195
73,0.0596685885568,0.0723881749462,0.0114540213494,0.0338201892493,0.0301379862622,0.0988217900533,0.00391685606202,0.0133299206634,0.382353644592,0.081753284762,0.0496406475907,0.162714895912,20,9,2,20,0.000255383680103,2.55383680103e-06,0.000255383680103,0.00651632339283,0.00175672311779,0.000732866388574,0.000255383680103,2.55383680103e-06,0.000255383680103,0.186584501992,0.616800723774,0.186582218941
74,0.0194456295061,0.0230186481836,0.341552257738,0.0215759156683,0.0301695745553,0.0459857036369,0.325502889608,0.0800309199643,0.0782524359222,0.0206399692192,0.0068671983386,0.00695885766023,20,9,2,20,0.012884785917,0.00012884785917,0.012884785917,0.0865600132228,0.068000443542,0.0239669822497,0.012884785917,0.00012884785917,0.012884785917,0.145064933173,0.47954763027,0.145063158157
75,0.104693263776,0.172735158503,0.233396812646,0.0731216915285,0.0439641678665,0.0647998090889,0.0190322764364,0.00460638548248,0.0131178228286,0.146608385162,0.0883880180607,0.0355362086216,20,9,2,20,0.000183570194056,1.83570194056e-06,0.000183570194056,0.00154502233665,0.00136656622039,0.000645168702668,0.000183570194056,1.83570194056e-06,0.000183570194056,0.187665944737,0.620375697369,0.187663648454
76,0.187380428719,0.169865627897,0.0154383448988,0.0108229807203,0.115821138761,0.0467347317802,0.168921173944,0.019979516832,0.0369743321053,0.0738636809076,0.0613296865017,0.0928683569319,20,9,2,20,0.000243236895492,2.43236895492e-06,0.000243236895492,0.0040660865709,0.00188395352187,0.00166974151136,0.000243236895492,2.43236895492e-06,0.000243236895492,0.186854956898,0.61769477864,0.186852670538
77,0.0360944741977,0.00110614387999,0.128721228199,0.125193503492,0.0209867019739,0.260811410089,0.205505295525,0.00229109779279,0.0380768988621,0.0722034177981,0.0676338216127,0.0413760065781,20,9,2,20,0.000291246158488,2.91246158488e-06,0.000291246158488,0.0891458713576,0.00195712110024,0.00149930014736,0.000291246158488,2.91246158488e-06,0.000291246158488,0.170801461816,0.564626054527,0.170799381494
78,0.140966413053,0.028130139304,0.0407854993398,0.0575496317156,0.0387010710758,0.212029515243,0.0175818955713,0.307939282485,0.0424262019712,0.0359555867033,0.0662029232363,0.0117318403022,20,9,2,20,0.000777202855907,7.77202855906e-06,0.000777202855907,0.00748323573749,0.0101727612341,0.0010582487849,0.000777202855907,7.77202855906e-06,0.000777202855907,0.184359352857,0.609444948872,0.184357097034
79,0.153976825673,0.0659863278782,0.0258020066645,0.0730487297831,0.0596480562305,0.132917195918,0.298866031563,0.0103767254796,0.0523523600059,0.0855055195384,0.0370692561563,0.00445096510906,20,9,2,20,0.000353258985915,3.53258985915e-06,0.000353258985915,0.00046405569342,0.00318515782683,0.00316566645211,0.000353258985915,3.53258985915e-06,0.000353258985915,0.186923300493,0.617920705114,0.186921013297
80,0.075273688518,0.163412370189,0.111221238424,0.0638922979258,0.0195395575746,0.268311953049,0.0905255097432,0.0164584078989,0.00130147935939,0.00320683100578,0.0600156655384,0.126841000773,20,9,2,20,0.000563363532767,5.63363532767e-06,0.000563363532767,0.0470615697588,0.00507745263704,0.00245890464786,0.000563363532767,5.63363532767e-06,0.000563363532767,0.177758181838,0.58762316293,0.177756006786
81,0.0686965439004,0.0936203357984,0.0366377058368,0.299196372757,0.0457892018811,0.0580643254861,0.14702607269,0.0455147648393,0.00802156373704,0.0470820689479,0.124830320113,0.0255207240126,20,9,2,20,0.000148388699559,1.48388699559e-06,0.000148388699559,0.000992111445099,0.00499055712357,0.000207482152133,0.000148388699559,1.48388699559e-06,0.000148388699559,0.187196270873,0.618823075496,0.187193980338
82,0.116868460345,0.081547123459,0.223788735647,0.106068229961,0.187274952534,0.0451151223954,0.00847081742731,0.00823110086226,0.0688399508232,0.0366850977527,0.0461141312204,0.0709962775719,20,9,2,20,0.000743510297276,7.43510297276e-06,0.000743510297276,0.0174694635863,0.00503915521651,0.00200661743038,0.000743510297276,7.43510297276e-06,0.000743510297276,0.183291536781,0.605915021567,0.183289294024
83,0.0677448973184,0.347217395162,0.0601935973532,0.0391411011335,0.0581697972003,0.00765449581757,0.0868752017031,0.235890284629,0.0242909479247,0.0354935019703,0.0140295472465,0.0232992325422,20,9,2,20,0.00154533327575,1.54533327575e-05,0.00154533327575,0.0363941313781,0.0346881707059,0.00721824971582,0.00154533327575,1.54533327575e-05,0.00154533327575,0.17254681028,0.570395699157,0.172544698995
84,0.0113729682881,0.133389531371,0.030836871825,0.125110714281,0.101728520775,0.0597258486522,0.0590205972143,0.0370445730651,0.127926727386,0.104818041451,0.202766321531,0.00625928416012,20,9,2,20,0.000208112784795,2.08112784795e-06,0.000208112784795,0.0169550947246,0.00311836350517,0.000481516411532,0.000208112784795,2.08112784795e-06,0.000208112784795,0.184443601459,0.60972346296,0.184441347545
85,0.220577914524,0.1183627493,0.0204858028869,0.0785360014797,0.0487255155972,0.196853715312,0.00137202126562,0.0402568434401,0.0993778922577,0.0487074671571,0.101969923959,0.02477415282,20,9,2,20,0.000198073358138,1.98073358138e-06,0.000198073358138,0.00936522372137,0.00982073303859,0.000461281475124,0.000198073358138,1.98073358138e-06,0.000198073358138,0.184622296403,0.610314173099,0.184620037363
86,0.0509585241049,0.00289425945102,0.039622295188,0.103671752417,0.0106652730852,0.124708698994,0.106927505959,0.00423506355575,0.215184192553,0.114367702399,0.0026879834612,0.224076748831,20,9,2,20,0.000265979948196,2.65979948196e-06,0.000265979948196,0.0190845136818,0.000576536173811,0.00121145176616,0.000265979948196,2.65979948196e-06,0.000265979948196,0.184339913547,0.609380687477,0.184337657962
87,0.0639567462356,0.00175414905144,0.15046868433,0.0820315551944,0.168961794852,0.0171218785508,0.0120908759571,0.0238434478213,0.274005097603,0.00774973687286,0.0527996887699,0.145216344762,20,9,2,20,0.000223339157268,2.23339157268e-06,0.000223339157268,0.0727603883648,0.00224419173408,0.00077405504906,0.000223339157268,2.23339157268e-06,0.000223339157268,0.174023757691,0.575278144913,0.174021638836
88,0.122618647271,0.0947416659906,0.105977199855,0.00374076069281,0.0394680547947,0.0879155196735,0.0480704435461,0.0583378229333,0.170280410547,0.0468265497681,0.107596301484,0.114426623444,20,9,2,20,0.000274822746781,2.74822746781e-06,0.000274822746781,0.0226713208903,0.00321324859631,0.00210216904814,0.000274822746781,2.74822746781e-06,0.000274822746781,0.182992355025,0.604926003069,0.182990115929
89,0.00206987434086,0.0148681889382,0.100914565147,0.314782301698,0.0757300782743,0.0868570423165,0.0325732124638,0.00767663724548,0.0429199164217,0.0737146559474,0.200023767799,0.0478697594079,20,9,2,20,0.000175586483823,1.75586483823e-06,0.000175586483823,0.00243906513791,0.00206530487173,0.000697838862779,0.000175586483823,1.75586483823e-06,0.000175586483823,0.187361866626,0.619370492773,0.187359574064
90,0.0735211078277,0.00107394479027,0.174500909112,0.237899069964,0.0800578799819,0.0456326234653,0.0164069576474,0.112300971197,0.0320290470983,0.0525666424961,0.032683467725,0.141327378695,20,9,2,20,0.000162227134728,1.62227134728e-06,0.000162227134728,0.0290485736181,0.00902899266916,0.000898932590895,0.000162227134728,1.62227134728e-06,0.000162227134728,0.181006366077,0.598360830682,0.181004151281
91,0.201025705405,0.106090668036,0.0845734435951,0.0346444093156,0.0247118928291,0.159060836128,0.0355158206103,0.00703128775039,0.134714106673,0.060820166985,0.0853552379039,0.0664564247685,20,9,2,20,0.000400951005129,4.00951005129e-06,0.000400951005129,0.0132847880301,0.00282450486274,0.0017658554369,0.000400951005129,4.00951005129e-06,0.000400951005129,0.184802577218,0.610910135441,0.184800315971
92,0.0936986601757,0.0298917867369,0.0894450214083,0.0449131003135,0.0275371036751,0.119249025764,0.0646260797518,0.120258354347,0.0408743936469,0.255848292342,0.106780593667,0.00687758817095,20,9,2,20,0.00017684634163,1.7684634163e-06,0.00017684634163,0.00490220498797,0.00182178928432,0.000372535083257,0.00017684634163,1.7684634163e-06,0.00017684634163,0.187003879273,0.618187077987,0.187001591091
93,0.0574377078253,0.0343341802866,0.0898524770766,0.0114200841522,0.000588551118527,0.150091062958,0.0234733977939,0.308819114381,0.0170523274222,0.160784556522,0.107666541894,0.0384799985698,20,9,2,20,0.000220319458008,2.20319458008e-06,0.000220319458008,0.0082042713221,0.00200918788021,0.000325087469217,0.000220319458008,2.20319458008e-06,0.000220319458008,0.186322205388,0.615933638172,0.186319925547
94,0.0975819075144,0.0184171481953,0.0197210405649,0.0161779312016,0.0587734565866,0.0368525887947,0.0706020246623,0.0691305540088,0.0869023265973,0.34191084997,0.0477029262826,0.136227245621,20,9,2,20,6.39899343784e-05,6.39899343784e-07,6.39899343784e-05,0.00178401384869,0.0002807474691,0.0002982637984,6.39899343784e-05,6.39899343784e-07,6.39899343784e-05,0.187981536374,0.621418962743,0.18797923623
95,0.0249398373489,0.109981859354,0.0752998897398,0.148259451318,0.0582602718273,0.0298248003764,0.0563809120734,0.206446472868,0.0331055978176,0.00166579872139,0.135547337207,0.120287771349,20,9,2,20,0.000243440921903,2.43440921903e-06,0.000243440921903,0.0104641482829,0.00496104024967,0.000286930115945,0.000243440921903,2.43440921903e-06,0.000243440921903,0.185329595918,0.612652324704,0.185327328223
96,0.0878183333685,0.0774044838198,0.185466836732,0.0980759324743,0.0396080252726,0.13115529507,0.0440118721446,0.018456001917,0.107032595916,0.0158678063316,0.0487246370246,0.146378179929,20,9,2,20,0.000114243190838,1.14243190838e-06,0.000114243190838,0.000221799570982,0.00180233310448,0.000255157022995,0.000114243190838,1.14243190838e-06,0.000114243190838,0.187959243001,0.621345266544,0.187956943129
97,0.188095499307,0.0661515758807,0.0140218266964,0.156426842009,0.0983296919751,0.190261176245,0.00455214928801,0.0271969531256,0.0700328179002,0.036856390507,0.0358861179153,0.112188959149,20,9,2,20,0.000637717352767,6.37717352767e-06,0.000637717352767,0.0316524345518,0.00264142239613,0.0065818114978,0.000637717352767,6.37717352767e-06,0.000637717352767,0.180288154164,0.595986605475,0.180285948156
98,0.0218019813645,0.14278675757,0.198505409163,0.0203420866164,0.054543775049,0.0110805104365,0.0559814936092,0.00983904643819,0.297033267894,0.097274306469,0.0326416005824,0.0581697648077,20,9,2,20,0.000232900305613,2.32900305613e-06,0.000232900305613,0.0817604234468,0.00107231481731,0.00127064699038,0.000232900305613,2.32900305613e-06,0.000232900305613,0.172447499526,0.570067451816,0.172445404174
99,0.118236937662,0.0927013545781,0.131724447235,0.0262229943381,0.0588181119664,0.0968742129374,0.0835587168269,0.137616984749,0.0253497037638,0.1692164184,0.0331650455872,0.0265150719559,20,9,2,20,0.000159164359459,1.59164359459e-06,0.000159164359459,0.00302755929623,0.00298005246118,0.000474134500311,0.000159164359459,1.59164359459e-06,0.000159164359459,0.187133147885,0.618614407012,0.187130858121
100,0.0424819099895,0.0137414345703,0.0354543040144,0.166285625017,0.0780401325913,0.0293953142925,0.0580630148004,0.309877164568,0.117424217564,0.0605426411154,0.00645800006717,0.082236241409,20,9,2,20,0.000401819108841,4.01819108841e-06,0.000401819108841,0.00360626888354,0.00340865101525,0.00372794790298,0.000401819108841,4.01819108841e-06,0.000401819108841,0.186146178847,0.615351739373,0.18614390116
101,0.281054069266,0.0904062431401,0.0348938551064,0.205652970939,0.0583843103696,0.0189388735004,0.0178062095342,0.0992015636493,0.0184342484161,0.137860588734,0.0103614688098,0.0270055985344,20,9,2,20,0.000393354818102,3.93354818102e-06,0.000393354818102,0.010190675971,0.00918688826887,0.000803783012458,0.000393354818102,3.93354818102e-06,0.000393354818102,0.184373670883,0.609492280611,0.184371414885
102,0.00793886832434,0.0686704838855,0.0255424258149,0.0208127374716,0.0109231376607,0.0880796801116,0.04859660653,0.0226767675377,0.384598959049,0.0586279219338,0.196612691496,0.066919720184,20,9,2,20,0.000160105090338,1.60105090338e-06,0.000160105090338,0.0031418752742,0.00101204216746,0.000436589637045,0.000160105090338,1.60105090338e-06,0.000160105090338,0.187488887165,0.619790390244,0.187486593049
103,0.0521647061226,0.11903773802,0.0382427830492,0.097266745428,0.0607294430581,0.045548239979,0.0760139866863,0.147499879188,0.129338025696,0.11920588231,0.0892227659638,0.0257298044982,20,9,2,20,0.000234139931292,2.34139931292e-06,0.000234139931292,0.0337086372222,0.00222572899494,0.00129811508359,0.000234139931292,2.34139931292e-06,0.000234139931292,0.181280580724,0.599267328561,0.18127836689
104,0.0387935677853,0.0267918573821,0.0916088470322,0.0256887489209,0.11706043649,0.0432235715719,0.0645259663394,0.22024945309,0.0603363289384,0.0901140256582,0.0379318359496,0.183675360842,20,9,2,20,0.000152736940864,1.52736940864e-06,0.000152736940864,0.00408020890937,0.0021998763723,0.000556736901986,0.000152736940864,1.52736940864e-06,0.000152736940864,0.187071094679,0.618409274959,0.187068805675
105,0.168102459409,0.271655298871,0.0317705320587,0.0187904912495,0.0715446771232,0.104196409113,0.0635827981907,0.00757020132351,0.0519667747838,0.14122047364,0.0189714926985,0.0506283915389,20,9,2,20,0.00030516358736,3.0516358736e-06,0.00030516358736,0.0234845262323,0.00434711735535,0.000718579615902,0.00030516358736,3.0516358736e-06,0.00030516358736,0.182863163654,0.604498929383,0.182860926138
106,0.0787817625471,0.394277634054,0.0156090609382,0.00942378006137,0.0338228158339,0.056492629627,0.00535086433193,0.0497672403663,0.0228056745538,0.00571201679695,0.138566580988,0.189389939901,20,9,2,20,0.0001397032015,1.397032015e-06,0.0001397032015,0.00688258418484,0.00137617037624,0.000939306025881,0.0001397032015,1.397032015e-06,0.0001397032015,0.186635934634,0.616970746955,0.186633650954
107,0.0483361639861,0.0494372587792,0.183135156495,0.0216916031184,0.0889466867481,0.060773355224,0.143011563588,0.174796990344,0.0081390509442,0.00580122173273,0.12157219772,0.0943587513203,20,9,2,20,0.000212319714505,2.12319714505e-06,0.000212319714505,0.0139664987763,0.00463992824102,0.000533998243183,0.000212319714505,2.12319714505e-06,0.000212319714505,0.184707022483,0.610594262575,0.184704764429
108,0.059335770658,0.0208421846734,0.104446297781,0.060434139196,0.0641953802585,0.12596760287,0.0284961712143,0.120610054914,0.189658050643,0.134104821419,0.0409929408187,0.0509165855532,20,9,2,20,0.000132681382394,1.32681382394e-06,0.000132681382394,0.000251714564786,0.000771508235119,0.000150466691063,0.000132681382394,1.32681382394e-06,0.000132681382394,0.188153651349,0.621987930904,0.188151349099
109,0.0268576603474,0.0933030439583,0.0886654080468,0.0118244581527,0.161378028185,0.0124709966192,0.0483353272327,0.143292836138,0.0848626437626,0.266770386565,0.0448963551977,0.0173428557944,20,9,2,20,0.00028580712273,2.8580712273e-06,0.00028580712273,0.00965157720713,0.00202030930531,0.000339082123162,0.00028580712273,2.8580712273e-06,0.00028580712273,0.185995071972,0.614852218625,0.185992796134
110,0.00971914479771,0.0988345896408,0.0824725684846,0.0149521920725,0.0169591707592,0.0761850296807,0.055713994862,0.174234179719,0.213661552812,0.0470698664096,0.05402612403,0.156171586732,20,9,2,20,0.000216498619796,2.16498619796e-06,0.000216498619796,0.00172802981323,0.000520798251553,0.000464599389077,0.000216498619796,2.16498619796e-06,0.000216498619796,0.187799942737,0.620818660543,0.187797644814
111,0.12046598556,0.110504737462,0.138570524428,0.0531584995245,0.0333162698615,0.0716751520498,0.221439336922,0.0380466651199,0.0167767469603,0.0168375876196,0.0116182373696,0.167590257122,20,9,2,20,0.000502727983878,5.02727983878e-06,0.000502727983878,0.0210141694235,0.00411531885704,0.00472357249281,0.000502727983878,5.02727983878e-06,0.000502727983878,0.182467922004,0.603192361403,0.182465689324
112,0.0861107123194,0.0478657890958,0.0464791979452,0.0280018163876,0.110388643858,0.169016860669,0.00701009797523,0.0136884431648,0.0278076879681,0.387071702915,0.0583789415352,0.0181801061667,20,9,2,20,3.0677013937e-05,3.0677013937e-07,3.0677013937e-05,0.000125701295119,0.000332242404923,6.15879454954e-05,3.0677013937e-05,3.0677013937e-07,3.0677013937e-05,0.188354229765,0.622650991934,0.18835192506
113,0.0936219787854,0.147633974482,0.104380042825,0.0316627596873,0.144204776631,0.0874342010501,0.108533138786,0.00845140405811,0.00896003524557,0.154480241191,0.0714921445827,0.0391453026756,20,9,2,20,2.48059448159e-07,2.48059448159e-09,2.48059448159e-07,3.96621339783e-06,2.74997323802e-06,7.24261474134e-07,2.48059448159e-07,2.48059448159e-09,2.48059448159e-07,0.188473801492,0.623046265536,0.188471495325
114,0.00807455307098,0.0310763681249,0.30532985133,0.034582958503,0.0694815512942,0.12547065516,0.152918978013,0.0599743076735,0.0258148115103,0.00828586867091,0.0684968648403,0.110493231809,20,9,2,20,0.000440557774738,4.40557774738e-06,0.000440557774738,0.0321457212233,0.00218338855705,0.00242787752073,0.000440557774738,4.40557774738e-06,0.000440557774738,0.181213802449,0.599046578116,0.18121158988
115,0.156638211696,0.213458990276,0.028025162844,0.0442165546732,0.00764055515903,0.0187673433285,0.034303048475,0.00356963973127,0.0397130010915,0.219860173562,0.0939991044465,0.139808214718,20,9,2,20,5.56793278273e-05,5.56793278273e-07,5.56793278273e-05,0.00124677695088,0.00073356436993,0.000370366120369,5.56793278273e-05,5.56793278273e-07,5.56793278273e-05,0.187990154659,0.621447452593,0.187987854409
116,0.221140772575,0.290588341405,0.0409077175011,0.012927412953,0.127062597079,3.96125919256e-05,0.00711628542026,0.0637665079767,0.103392307917,0.07596648384,0.0564304786077,0.000661482132619,20,9,2,20,0.000958472533836,9.58472533836e-06,0.000958472533836,0.0274243484438,0.010478599889,0.00398485246991,0.000958472533836,9.58472533836e-06,0.000958472533836,0.179854365199,0.594552609913,0.179852164499
117,0.102523604235,0.00654629265433,0.150125908093,0.0456539387854,0.170054863447,0.229457796928,0.00964084886881,0.0617737323268,0.0597554447387,0.0329830597521,0.0113300929133,0.120154417257,20,9,2,20,0.000517327948922,5.17327948922e-06,0.000517327948922,0.0161316631907,0.00385659379197,0.00183088572016,0.000517327948922,5.17327948922e-06,0.000517327948922,0.183971055889,0.608161338237,0.183968804817
118,0.151481385251,0.285363821571,0.027207250961,0.0423499912365,0.0142828625876,0.189032714526,0.0183788041145,0.0235990646186,0.0556725342363,0.0644516114667,0.107915006974,0.0202649524572,20,9,2,20,0.000480259314483,4.80259314483e-06,0.000480259314483,0.0114857680176,0.00506496955133,0.00186329891397,0.000480259314483,4.80259314483e-06,0.000480259314483,0.18464092045,0.610375739442,0.184638661181
119,0.0178668217936,0.00799897206189,0.082058123959,0.0396747051591,0.281852945092,0.00513241415386,0.13059008725,0.00839405644565,0.00882140022948,0.11578513393,0.133958520416,0.167866819509,20,9,2,20,8.2393790006e-05,8.2393790006e-07,8.2393790006e-05,0.00874625264204,0.000698986654704,0.00120070196618,8.2393790006e-05,8.2393790006e-07,8.2393790006e-05,0.186406466439,0.616212183694,0.186404185568
120,0.0391067901804,0.0943291796933,0.297176894662,0.0476274954008,0.0636989000364,0.0807466208277,0.0392895576574,0.237505615138,0.0468025814778,0.0393425580528,0.0101793762325,0.00419443064061,20,9,2,20,0.0014793218289,1.4793218289e-05,0.0014793218289,0.0762858426966,0.060289652889,0.000970103442494,0.0014793218289,1.4793218289e-05,0.0014793218289,0.161430591756,0.533648318974,0.16142861649
121,0.0157934632571,0.137602045945,0.158602592894,0.0765567842602,0.0346777180789,0.159504057994,0.0519981919446,0.173102034612,0.0227173378886,0.0135857238746,0.010174754395,0.145685294855,20,9,2,20,0.000535437455132,5.35437455132e-06,0.000535437455132,0.0176759608905,0.00212790656406,0.00666130239761,0.000535437455132,5.35437455132e-06,0.000535437455132,0.183081673053,0.605221265663,0.183079432863
122,0.0161508031293,0.145798131547,0.0160359314871,0.149154920866,0.0556367250461,0.0788592560304,0.123963661802,0.0144162242082,0.0217819359038,0.192668876083,0.00411404166076,0.181419492236,20,9,2,20,5.065498033e-05,5.065498033e-07,5.065498033e-05,0.000229331521046,0.000630504323203,0.000147115572226,5.065498033e-05,5.065498033e-07,5.065498033e-05,0.188247226405,0.622297266148,0.18824492301
123,0.103503344728,0.167555030844,0.00509043176815,0.183852216545,0.049000697021,0.0747989706278,0.00936398568267,0.184757579746,0.026882331995,0.19139187729,0.0016094296375,0.00219410411545,20,9,2,20,0.000368643351919,3.68643351919e-06,0.000368643351919,0.0611551260452,0.00358568728644,0.00202222733892,0.000368643351919,3.68643351919e-06,0.000368643351919,0.175612882315,0.580531386364,0.175610744375
124,0.146601373628,0.154540434045,0.135580962387,0.0790828225244,0.0401760640116,0.144516995741,0.0272465612955,0.0337249683447,0.0661831427983,0.124171477465,0.00275437395919,0.0454208237999,20,9,2,20,0.000538287088589,5.38287088589e-06,0.000538287088589,0.0499994037216,0.00800984389297,0.00125571209638,0.000538287088589,5.38287088589e-06,0.000538287088589,0.176897560724,0.584778169266,0.176895396203
125,0.172837060363,0.184196962055,0.0174997552478,0.131823804288,0.00637971517256,0.000621432644779,0.108233620474,0.133343105163,0.0162279718631,0.0839903073836,0.0495669729308,0.095279292415,20,9,2,20,0.000308129272456,3.08129272456e-06,0.000308129272456,0.00494221765681,0.003240591884,0.00103365290349,0.000308129272456,3.08129272456e-06,0.000308129272456,0.186504854774,0.616537430408,0.186502572698
126,0.173747153175,0.0215074009682,0.0115815799238,0.00252732415862,0.0912117144292,0.106745252233,0.17303384191,0.291432338081,0.000814513592728,0.00116442536403,0.102039274781,0.0241951813833,20,9,2,20,0.000719396021113,7.19396021113e-06,0.000719396021113,0.00409057226536,0.00678891155492,0.00032779547041,0.000719396021113,7.19396021113e-06,0.000719396021113,0.185818029869,0.614266962637,0.185815756198
127,0.0357865334848,0.106668503965,0.263612336884,0.0217872043736,0.00668448070388,0.00558487788049,0.0139728923103,0.252832154269,0.0629351286169,0.0093128644481,0.115895674821,0.104927348242,20,9,2,20,0.000180618901718,1.80618901718e-06,0.000180618901718,0.0104224273546,0.0025386917376,0.000517068642633,0.000180618901718,1.80618901718e-06,0.000180618901718,0.18579823535,0.61420152701,0.18579596192
128,0.0167887216827,0.083210120744,0.0806543082627,0.30698671527,0.0411449039939,0.153834284887,0.0292791306353,0.0584538141667,0.170857040152,0.000218710723076,0.0201314174771,0.0384408320047,20,9,2,20,0.00131087414115,1.31087414115e-05,0.00131087414115,0.0123395109985,0.0393588557752,0.00169914821036,0.00131087414115,1.31087414115e-05,0.00131087414115,0.177418062805,0.586498816249,0.177415891915
129,0.0150349256773,0.0209470438535,0.0437233934683,0.441139426591,0.0765066807627,0.0427852395193,0.0162184700675,0.0406691352472,0.00250998339651,0.0676975035501,0.0296142414135,0.203153956453,20,9,2,20,0.000416085109579,4.16085109579e-06,0.000416085109579,0.0416312454212,0.00342545825231,0.00109809828398,0.000416085109579,4.16085109579e-06,0.000416085109579,0.17946108613,0.593252552608,0.179458897164
130,0.0373173434035,0.0882730260864,0.0787237657452,0.0517920106978,0.141037337766,0.136722657799,0.00066086194026,0.048028374817,0.152841473527,0.138669486404,0.108284874647,0.0176487871671,20,9,2,20,0.00034094380285,3.4094380285e-06,0.00034094380285,0.0197641218305,0.00365927611815,0.00157866784445,0.00034094380285,3.4094380285e-06,0.00034094380285,0.183504794378,0.606619996731,0.183502549011
131,0.0360958292482,0.0485841198807,0.03684941958,0.0925822357469,0.0968607448,0.0105158445888,0.012979233184,0.126430682802,0.328366095198,0.131398968693,0.0666602319725,0.0126765943054,20,9,2,20,0.00033292511349,3.3292511349e-06,0.00033292511349,0.0338600656058,0.00388930563021,0.00086667231951,0.00033292511349,3.3292511349e-06,0.00033292511349,0.180944965703,0.598157874691,0.180942757094
132,0.0324094176089,0.217053673526,0.00219849847946,0.0589039751183,0.11881448864,0.0525528166948,0.193741068788,0.038324333201,0.0345467011065,0.175028403471,0.0703471711802,0.00607945218668,20,9,2,20,0.000382521763336,3.82521763336e-06,0.000382521763336,0.01659602941,0.00321077537697,0.00208597235838,0.000382521763336,3.82521763336e-06,0.000382521763336,0.184059316356,0.608453104806,0.184057064204
133,0.042569283295,0.131779071081,0.10762994234,0.0424923315717,0.0340262032867,0.0382249237805,0.0786073117988,0.0172010049047,0.179892309265,0.0972145636467,0.0859330713156,0.144429983714,20,9,2,20,0.000147214956939,1.47214956939e-06,0.000147214956939,0.00317084790331,0.00166763759202,0.000596740213583,0.000147214956939,1.47214956939e-06,0.000147214956939,0.187339444972,0.619296372509,0.187337152684
134,0.103694029827,0.00408769269525,0.0606725907242,0.204913328155,0.00390294606408,0.133341285826,0.0968711916126,0.0155069666071,0.0320422122847,0.169313134358,0.138687191094,0.0369674307522,20,9,2,20,0.00021656578617,2.1656578617e-06,0.00021656578617,0.00512295599797,0.00331501748201,0.000241761081271,0.00021656578617,2.1656578617e-06,0.00021656578617,0.186675389777,0.617101175586,0.186673105615
135,0.0297301525664,0.12420727646,0.0512483876215,0.11354604779,0.0277247256811,0.0223734422538,0.188388517806,0.0569836649436,0.0172959238235,0.0666734987667,0.0622574583043,0.239570903983,20,9,2,20,0.000131379807897,1.31379807897e-06,0.000131379807897,0.000991467470887,0.000440921601036,0.000425065114791,0.000131379807897,1.31379807897e-06,0.000131379807897,0.188025764695,0.62156517028,0.18802346401
136,0.181379561717,0.068437188943,0.0252818239268,0.00129824941862,0.19400359875,0.132210811451,0.0762682453502,0.204329190701,0.0191263250014,0.0335371798631,0.0321051412373,0.0320226836414,20,9,2,20,0.00105695231244,1.05695231244e-05,0.00105695231244,0.0108985950202,0.0145185697007,0.00411027513397,0.00105695231244,1.05695231244e-05,0.00105695231244,0.182109373792,0.602007092559,0.182107145499
137,0.00948230972401,0.028179439403,0.0371800637461,0.139367966996,0.0442626631513,0.022631602528,0.140589390242,0.233466663085,0.00650231502274,0.14655001533,0.168057239656,0.023730331116,20,9,2,20,0.000180550096911,1.80550096911e-06,0.000180550096911,0.0158439622294,0.00162446314804,0.000695834812879,0.000180550096911,1.80550096911e-06,0.000180550096911,0.184915076365,0.611282036126,0.184912815928
138,0.00392707409521,0.0220203866675,0.0019875826183,0.203907909235,0.133603590291,0.00886335792111,0.120258315466,0.0233313629211,0.179381861563,0.0133389666607,0.0482450283636,0.241134564197,20,9,2,20,0.00032316774939,3.2316774939e-06,0.00032316774939,0.0101921080521,0.00330821971939,0.000691272156942,0.00032316774939,3.2316774939e-06,0.00032316774939,0.185555769569,0.613399997044,0.185553499106
139,0.163454633236,0.00995166195592,0.242875293763,0.0636136304161,0.0947631746829,0.0389580830806,0.019440859964,0.1110716238,0.0720175098461,0.0498974899658,0.0829572468673,0.0509987924231,20,9,2,20,0.00030496813994,3.0496813994e-06,0.00030496813994,0.00537389615891,0.00242862638464,0.00408642345619,0.00030496813994,3.0496813994e-06,0.00030496813994,0.186003552488,0.614880253044,0.186001276546
140,0.17588017516,0.0379939989378,0.0974795499115,0.0610697042429,0.00179590048139,0.205534767203,0.0552801147524,0.129634148321,0.108634552573,0.101503497164,0.0217521115756,0.00344147967777,20,9,2,20,0.000806896405331,8.06896405331e-06,0.000806896405331,0.0468778444133,0.0139148561086,0.0010669606006,0.000806896405331,8.06896405331e-06,0.000806896405331,0.176205005849,0.582488759677,0.176202849802
141,0.27113375594,0.0034027424673,0.193120314205,0.101052845406,0.143839192055,0.0187728132048,0.00317845678062,0.0329244124443,0.0117360735439,0.12562050076,0.0940411861726,0.00117770702055,20,9,2,20,0.000388964013177,3.88964013177e-06,0.000388964013177,0.00952481517841,0.002759137509,0.0035550714078,0.000388964013177,3.88964013177e-06,0.000388964013177,0.185195418727,0.61220876917,0.185193152674
142,0.0191879723783,0.069015876943,0.0062677850714,0.111557271149,0.139458769132,0.019107632821,0.249311535813,0.0480848362075,0.0449487550827,0.053054715435,0.0979270129678,0.142077836999,20,9,2,20,0.000207748540788,2.07748540788e-06,0.000207748540788,0.0113784639885,0.00290540029957,0.00173721859358,0.000207748540788,2.07748540788e-06,0.000207748540788,0.185298406848,0.612549221602,0.185296139535
143,0.0120360858606,0.0578953061066,0.0305796796413,0.0268219391795,0.195930581253,0.0771278649026,0.300641134932,0.0683652806553,0.0236875983183,0.00411625570408,0.0400658004975,0.162732472949,20,9,2,20,0.000275247619047,2.75247619047e-06,0.000275247619047,0.00206195355955,0.0020308252224,0.000930735667249,0.000275247619047,2.75247619047e-06,0.000275247619047,0.187320035768,0.619232210637,0.187317743718
144,0.0331450952674,0.0927326028593,0.0131909600123,0.00216711156874,0.216217846698,0.095305289544,0.0799973164749,0.00537507324494,0.113488177621,0.198588437678,0.129174344457,0.0206177445751,20,9,2,20,0.000163247938371,1.63247938371e-06,0.000163247938371,0.0153453250083,0.00167850176727,0.000768852387164,0.000163247938371,1.63247938371e-06,0.000163247938371,0.184998221364,0.611556885037,0.184995957724
145,0.0176507795769,0.0805662649513,0.109918354786,0.0784182269172,0.0906597208309,0.293576425427,0.0127994622209,0.0190747522444,0.0415241240283,0.0535547248988,0.137238889485,0.0650182746344,20,9,2,20,0.00027218391338,2.7218391338e-06,0.00027218391338,0.0191589751337,0.00604995158976,0.0011106277399,0.00027218391338,2.7218391338e-06,0.00027218391338,0.183308577564,0.605971354043,0.183306334598
146,0.0107357928232,0.0340001164905,0.254181584664,0.160129610722,0.00561745177034,0.0785768126863,0.174132217913,0.0539996776644,0.101158045084,0.0879465103344,0.0134531714632,0.0260690083847,20,9,2,20,0.000351984394425,3.51984394425e-06,0.000351984394425,0.0141927400995,0.0168045918606,0.00187221227526,0.000351984394425,3.51984394425e-06,0.000351984394425,0.182013603159,0.601690499301,0.182011376039
147,0.00884922111577,0.0869794486846,0.250011249269,0.0243986559913,0.0268088556731,0.122404295962,0.0804131876447,0.0336843732282,0.102672524394,0.118622071339,0.0204064214817,0.124749695217,20,9,2,20,0.000176409177545,1.76409177545e-06,0.000176409177545,0.0158382893405,0.00544475780946,0.000101510541854,0.000176409177545,1.76409177545e-06,0.000176409177545,0.184311268761,0.609285995127,0.184309013526
148,0.0756318789143,0.0702490424687,0.0675194153463,0.0552362172423,0.0592785678848,0.0266042888971,0.0602412973114,0.148508034714,0.321787713891,0.0363663111596,0.0658198139655,0.0127574182054,20,9,2,20,0.000730199920167,7.30199920167e-06,0.000730199920167,0.00208097741754,0.00553015676901,0.00138006231202,0.000730199920167,7.30199920167e-06,0.000730199920167,0.18622752114,0.615620636224,0.186225242458
149,0.0231797881526,0.00894204603949,0.00980425069124,0.138229709564,0.0680634879728,0.0651095722536,0.148072197336,0.0802392756865,0.0057393504183,0.12881564749,0.25248847614,0.0713161982564,20,9,2,20,9.56623519473e-05,9.56623519473e-07,9.56623519473e-05,0.0034169136081,0.00164086645909,0.000215873066713,9.56623519473e-05,9.56623519473e-07,9.56623519473e-05,0.187408957344,0.619526162662,0.187406664205
150,0.0994752820252,0.130782510541,0.0850779966444,0.00147218456946,0.153453977884,0.0942402058112,0.140083015272,0.0351956631633,0.0288055761659,0.0166781783483,0.185419127037,0.0293162825378,20,9,2,20,0.000282391441706,2.82391441706e-06,0.000282391441706,0.0100436049002,0.00273096392236,0.00409003617037,0.000282391441706,2.82391441706e-06,0.000282391441706,0.185082868921,0.611836708246,0.185080604244
151,0.00770363367417,0.0634822259869,0.167816926968,0.120237884428,0.0842530780401,0.055617626441,0.265155534141,0.0662436228965,0.0604025441607,0.0323040455486,0.0171630069913,0.0596198707242,20,9,2,20,0.000662884533337,6.62884533337e-06,0.000662884533337,0.0389450658059,0.0187911650215,0.0015183988328,0.000662884533337,6.62884533337e-06,0.000662884533337,0.176805103804,0.584472530297,0.176802940415
152,0.14226926602,0.138228768351,0.0131093389448,0.0390718293664,0.0208592058109,0.277302080473,0.0450420117223,0.0199736283796,0.0332375397992,0.0635933132705,0.0820038396799,0.125309178182,20,9,2,20,0.000252654424285,2.52654424285e-06,0.000252654424285,0.0142977914809,0.00558146296641,0.000564444397596,0.000252654424285,2.52654424285e-06,0.000252654424285,0.184430828683,0.609681229702,0.184428571985
153,0.0746928536271,0.00806504169196,0.018881872659,0.0406230603817,0.145478968559,0.0793636509674,0.0514102102183,0.0398003678234,0.263477450089,0.0369112121626,0.0733929529879,0.167902358833,20,9,2,20,0.000272180245776,2.72180245776e-06,0.000272180245776,0.00577230097168,0.000876084009371,0.00234351247662,0.000272180245776,2.72180245776e-06,0.000272180245776,0.186574417286,0.61676738631,0.186572134359
154,0.177069544252,0.044843893318,0.0950722775322,0.0167784748498,0.0657652724683,0.217028387917,0.0048901889085,0.0465944714433,0.113048588503,0.0713330060706,0.0246297997557,0.122946094982,20,9,2,20,0.000235695913183,2.35695913183e-06,0.000235695913183,0.0282546797523,0.00176751161914,0.00292406780099,0.000235695913183,2.35695913183e-06,0.000235695913183,0.1820872496,0.601933968258,0.182085025398
155,0.0980216008938,0.0538757212198,0.0482482835905,0.0291138160409,0.0621150265382,0.000448302537805,0.294257278039,0.113604399111,0.0140236558831,0.0679789676641,0.0645638791663,0.153749069316,20,9,2,20,0.000112672996176,1.12672996176e-06,0.000112672996176,0.00504710695072,0.00301280262361,0.000266424692279,0.000112672996176,1.12672996176e-06,0.000112672996176,0.186820713598,0.617581579033,0.186818427658
156,0.0418239309907,0.0345011835636,0.0041700358122,0.0380197461014,0.0738281848993,0.0355783881585,0.146572440015,0.0998062626635,0.0562204262241,0.0841073368013,0.248926927122,0.136445137649,20,9,2,20,4.07509760212e-05,4.07509760212e-07,4.07509760212e-05,0.00107476359285,0.000923022339248,0.000189508117818,4.07509760212e-05,4.07509760212e-07,4.07509760212e-05,0.188032264842,0.621586658107,0.188029964077
157,0.07586329657,0.148766886588,0.00955029645119,0.168987275048,0.203099815367,0.0164122697527,0.00852075143779,0.11966699023,0.00593280226416,0.096417083789,0.108708951951,0.0380735805512,20,9,2,20,0.000150593058663,1.50593058663e-06,0.000150593058663,0.0010176990886,0.00208882180885,0.000414426139569,0.000150593058663,1.50593058663e-06,0.000150593058663,0.187697679904,0.62048060573,0.187695383233
158,0.0904595897111,0.11842877673,0.0218955888622,0.0903534376879,0.133465555315,0.0238924432407,0.0862949952122,0.00106622906001,0.221624843053,0.0103305438741,0.0583421265836,0.14384587067,20,9,2,20,0.000356586216508,3.56586216508e-06,0.000356586216508,0.0143031042273,0.00366998749731,0.00118844914311,0.000356586216508,3.56586216508e-06,0.000356586216508,0.184593737797,0.610219765639,0.184591479106
159,0.212227535332,0.110876459326,0.07743889873,0.125461179225,0.0667806708847,0.104023016871,0.000921690728018,0.0490219550101,0.0479410268792,0.0104258147095,0.111096858288,0.0837848940161,20,9,2,20,0.000268537617312,2.68537617312e-06,0.000268537617312,0.00625247567754,0.00311510919158,0.00324426552259,0.000268537617312,2.68537617312e-06,0.000268537617312,0.185894905152,0.614521092694,0.18589263054
160,0.0698432857058,0.0723576494226,0.0408114909148,0.125578954779,0.0216496800136,0.00344008369043,0.0975554220357,0.28596489616,0.00706934353853,0.00359697988085,0.0869682920352,0.185163921823,20,9,2,20,0.000252424444971,2.52424444971e-06,0.000252424444971,0.0104053694758,0.0015135215486,0.000921809165069,0.000252424444971,2.52424444971e-06,0.000252424444971,0.185863981082,0.614418865612,0.185861706848
161,0.0253921629842,0.120418413447,0.0386866949209,0.00762378921688,0.023967800947,0.0473187694498,0.00653193082967,0.233149081519,0.33692760094,0.09406938636,0.0389452411255,0.0269691282597,20,9,2,20,0.00019696757381,1.9696757381e-06,0.00019696757381,0.000596577025507,0.00509706892832,0.00021746756183,0.00019696757381,1.9696757381e-06,0.00019696757381,0.187212055712,0.618875256142,0.187209764983
162,0.0178202732879,0.142107683417,0.1110531912,0.137267505647,0.139149378011,0.274100624663,0.00442433464172,0.0264339875164,0.0497899745349,0.0164760757542,0.0640291794917,0.0173477918345,20,9,2,20,0.00150988570417,1.50988570417e-05,0.00150988570417,0.0997728530339,0.0122962990694,0.00490201211967,0.00150988570417,1.50988570417e-05,0.00150988570417,0.165285209053,0.546390699573,0.165283186621
163,0.0118420686148,0.0520468607011,0.0309647272602,0.244940823329,0.00763194518459,0.0551234303949,0.139385010445,0.0565574799553,0.0182742500504,0.258331153158,0.0211477704419,0.103754480465,20,9,2,20,0.000344736748591,3.44736748591e-06,0.000344736748591,0.00981338617691,0.00140042628625,0.000742826611256,0.000344736748591,3.44736748591e-06,0.000344736748591,0.185960662484,0.614738469644,0.185958387067
164,0.0885698157865,0.0157845358541,0.32187640578,0.0569394207199,0.107512587964,0.0195310959427,0.0645903189594,0.0493018328455,0.0526294004451,0.110092212035,0.0235450287764,0.089627344891,20,9,2,20,0.000129748021339,1.29748021339e-06,0.000129748021339,0.0513912988253,0.00246294509617,0.000773045229521,0.000129748021339,1.29748021339e-06,0.000129748021339,0.178081180518,0.588690935343,0.178079007941
165,0.0479169286708,0.06498618978,0.120096044895,0.131017530294,0.126563627204,0.0607758873996,0.00744913418631,0.0529355216405,0.134054271068,0.000168672707796,0.0692324687661,0.184803723388,20,9,2,20,6.21978315242e-05,6.21978315242e-07,6.21978315242e-05,0.00171858005817,0.00442705643318,4.99621277103e-05,6.21978315242e-05,6.21978315242e-07,6.21978315242e-05,0.187260548406,0.619035560608,0.187258257084
166,0.01496650461,0.100225876157,0.0767783060965,0.0707468590908,0.179455418481,0.0212421157097,0.0936027809937,0.161564472317,0.0475556607924,0.0559960000435,0.0309850431835,0.146880962525,20,9,2,20,0.000240857377737,2.40857377737e-06,0.000240857377737,0.00143798368853,0.00110972127405,0.000465335083449,0.000240857377737,2.40857377737e-06,0.000240857377737,0.18772501721,0.620570975882,0.187722720204
167,0.0855860455519,0.0261583100886,0.0856102281835,0.00651489904805,0.170816367937,0.117008964283,0.0414090332177,0.062907748933,0.0123668747455,0.0308056148123,0.0695283544386,0.29128755876,20,9,2,20,6.00709496308e-05,6.00709496308e-07,6.00709496308e-05,0.0015944055686,0.0007776634734,0.000446977030922,6.00709496308e-05,6.00709496308e-07,6.00709496308e-05,0.187898556947,0.621144653944,0.187896257818
168,0.0174324077187,0.171367690162,0.0528482531384,0.0273784412788,0.112555812443,0.108631772917,0.0126811005404,0.0171536252797,0.0207500223809,0.0148322520593,0.0671211950342,0.377247427047,20,9,2,20,8.32676754746e-05,8.32676754746e-07,8.32676754746e-05,0.00978019645968,0.00148035465427,0.000105966707806,8.32676754746e-05,8.32676754746e-07,8.32676754746e-05,0.186269993372,0.61576103858,0.18626771417
169,0.0732520962522,0.0950072696239,0.175101265144,0.124425017213,0.0797688963792,0.0524050507826,0.00131592775618,0.12153012541,0.0386704461772,0.187704892608,0.04585917305,0.00495983960317,20,9,2,20,8.14586532737e-05,8.14586532737e-07,8.14586532737e-05,0.000440666395745,0.00230589278446,0.000153291638178,8.14586532737e-05,8.14586532737e-07,8.14586532737e-05,0.187867122397,0.621040739346,0.187864823652
170,0.125651569056,0.174652623778,0.0369693019002,0.00385214309458,0.214656781982,0.128265754742,0.143899385342,0.0902816422869,0.0123534062508,0.0375615369175,0.0102982377647,0.0215576168846,20,9,2,20,0.00130611656743,1.30611656743e-05,0.00130611656743,0.110417132164,0.0332351889543,0.00418679128577,0.00130611656743,1.30611656743e-05,0.00130611656743,0.159621750407,0.527668751315,0.159619797273
171,0.0439282489024,0.000799622846577,0.0219789836419,0.284006858711,0.0673287142061,0.262506218552,0.00662460591634,0.13502722529,0.034819020853,0.0397945513362,0.00199812929598,0.101187820449,20,9,2,20,0.00100408596653,1.00408596653e-05,0.00100408596653,0.0293820820034,0.00836437657901,0.00186925293119,0.00100408596653,1.00408596653e-05,0.00100408596653,0.180248038139,0.595853992139,0.180245832622
172,0.011864627636,0.0733689818317,0.0602452020411,0.155938785344,0.0702896061933,0.030874109299,0.00864360383095,0.393587310873,0.0966574693856,0.0173158497159,0.0164202491886,0.064794204661,20,9,2,20,0.00123839936956,1.23839936956e-05,0.00123839936956,0.0118658991889,0.00490948335549,0.0103301534937,0.00123839936956,1.23839936956e-05,0.00123839936956,0.182428365875,0.603061598941,0.18242613368
173,0.109157545593,0.136410945482,0.178289676395,0.0998202556402,0.0483251541102,0.00750924700079,0.051831473521,0.0171913891987,0.0703723309238,0.0583790874304,0.196874822939,0.0258380717656,20,9,2,20,0.000117782245677,1.17782245677e-06,0.000117782245677,0.00962079403245,0.00471460142803,0.00024987014783,0.000117782245677,1.17782245677e-06,0.000117782245677,0.185637187931,0.613669145361,0.185634916472
174,0.00319996626724,0.0269208034931,0.0577885373835,0.071123864468,0.0339363835422,0.0255422470896,0.142854253417,0.209927601109,0.0939693297712,0.118188012816,0.185547319167,0.031001681476,20,9,2,20,0.000112529436344,1.12529436344e-06,0.000112529436344,0.00901398300362,0.00223259351891,0.00031964522334,0.000112529436344,1.12529436344e-06,0.000112529436344,0.186210183307,0.615563321776,0.186207904837
175,0.0255905279972,0.0376870738935,0.0473674736776,0.104097191865,0.0664645847366,0.32428699448,0.0736629167969,0.000953040556586,0.0198673685229,0.0263945477992,0.16650709927,0.107121180404,20,9,2,20,0.000157912143314,1.57912143314e-06,0.000157912143314,0.00405281004351,0.0021844604218,0.00184945557167,0.000157912143314,1.57912143314e-06,0.000157912143314,0.18683159746,0.617617558301,0.186829311386
176,0.0072094580317,0.0290256600679,0.039953244274,0.168922114757,0.183123109935,0.118467914022,0.0295491875673,0.0958878682508,0.105120167751,0.146708728363,0.00158755812813,0.0744449888521,20,9,2,20,0.000183751070521,1.83751070521e-06,0.000183751070521,0.00146886102372,0.00290751797044,0.000494781110354,0.000183751070521,1.83751070521e-06,0.000183751070521,0.187418075101,0.61955630364,0.187415781851
177,0.00764533303679,0.182690661786,0.0188430547084,0.0225115144653,0.0529686308045,0.0766128803279,0.0417363689296,0.0155821889515,0.127747563015,0.236233311285,0.01105828629,0.2063702064,20,9,2,20,9.1970730273e-05,9.1970730273e-07,9.1970730273e-05,0.00826958087809,0.00107584405079,0.000282162169883,9.1970730273e-05,9.1970730273e-07,9.1970730273e-05,0.186591144969,0.616822683759,0.186588861837
178,0.070534128772,0.00180695415856,0.0627977469965,0.252455256386,0.221358459891,0.00354822084118,0.0626275234081,0.0831605277636,0.0176665421036,0.128579379879,0.0731664667905,0.0222987930099,20,9,2,20,0.000394401529414,3.94401529414e-06,0.000394401529414,0.00487753925131,0.00285230262541,0.000857189667643,0.000394401529414,3.94401529414e-06,0.000394401529414,0.186558121016,0.616713515003,0.186555838288
179,0.0320576622762,0.0853320993981,0.0523364564406,0.150233549915,0.123374485044,0.199573382123,0.177659941977,0.0223823059549,0.0447927662227,0.0247379777923,0.0591754941141,0.028343878742,20,9,2,20,0.00122081385828,1.22081385828e-05,0.00122081385828,0.0189952510811,0.00811295035953,0.00546046704184,0.00122081385828,1.22081385828e-05,0.00122081385828,0.181412023881,0.599701831805,0.181409804121
180,0.47544750261,0.0347530489363,0.00323364410621,0.0616772926062,0.00541897080411,0.084343125187,0.00486535301439,0.110725053371,0.00253537102593,0.0490400375744,0.0237729386956,0.144187662069,20,9,2,20,0.000443177569781,4.43177569781e-06,0.000443177569781,0.0142716947748,0.00223689118811,0.00255720971233,0.000443177569781,4.43177569781e-06,0.000443177569781,0.184546175646,0.610062537311,0.184543917537
181,0.0159073777342,0.114570761252,0.138793344363,0.198018195712,0.103532343916,0.00490817857009,0.0737624086098,0.0457402207564,0.00528515252824,0.141226417717,0.106771706308,0.0514838925333,20,9,2,20,0.00028414755612,2.8414755612e-06,0.00028414755612,0.0117242144126,0.00265537756109,0.00181429997662,0.00028414755612,2.8414755612e-06,0.00028414755612,0.185207951267,0.612250198547,0.18520568506
182,0.142999553645,0.00109732419292,0.00633267400501,0.109130552098,0.138303142205,0.0453664213614,0.0986291377393,0.0320551104681,0.281923128581,0.0132967610635,0.024695341348,0.106170853293,20,9,2,20,0.000736621746302,7.36621746302e-06,0.000736621746302,0.0258363267694,0.00706745341118,0.00288358604213,0.000736621746302,7.36621746302e-06,0.000736621746302,0.181172236921,0.59890915734,0.181170020095
183,0.0361185494954,0.00272770298471,0.0921496219355,0.127243096942,0.160721646651,0.104142340559,0.0839210377207,0.0727190784111,0.168563261477,0.0665908694513,0.066710002661,0.0183927917113,20,9,2,20,0.000301112372966,3.01112372966e-06,0.000301112372966,0.0266798798009,0.0120423626796,0.00230256452395,0.000301112372966,3.01112372966e-06,0.000301112372966,0.180515078624,0.596736769775,0.180512872857
184,0.0251305418824,0.0106363508812,0.00631816213744,0.0908377718813,0.116580490211,0.065537589007,0.229112201001,0.0185487444224,0.0666248178321,0.0779221721066,0.0639266920914,0.228824466546,20,9,2,20,0.000180268263417,1.80268263417e-06,0.000180268263417,0.0118601095763,0.0022215055593,0.000384693916329,0.000180268263417,1.80268263417e-06,0.000180268263417,0.185612264466,0.613586754751,0.185609993312
185,0.00382113742589,0.152135389607,0.147840349871,0.0589838071737,0.0448841424976,0.0694957400733,0.0781667987345,0.0548500529951,0.0244700535369,0.093489886376,0.0599859587565,0.211876682952,20,9,2,20,8.60906493965e-05,8.60906493965e-07,8.60906493965e-05,0.00104306891892,0.000840747738696,0.000293572884634,8.60906493965e-05,8.60906493965e-07,8.60906493965e-05,0.187999779039,0.621479268336,0.187997478672
186,0.185335909909,0.159199725671,0.0643301049575,0.0436137530816,0.0528893970243,0.155546528495,0.164554732486,0.0162216385326,0.0931993509415,0.0432827713087,0.0177442461855,0.00408184140674,20,9,2,20,0.00133035249378,1.33035249378e-05,0.00133035249378,0.117924516044,0.0158561212556,0.0108282079098,0.00133035249378,1.33035249378e-05,0.00133035249378,0.160212213408,0.529620671292,0.160210253066
187,0.257547744109,0.0373098436143,0.126366734452,0.070951535306,0.0905022290202,0.0876710533549,0.0248560436088,0.102353465807,0.00695721649254,0.0848847057983,0.037095168342,0.0735042600945,20,9,2,20,0.000454751105481,4.54751105481e-06,0.000454751105481,0.0538369023497,0.00546670053083,0.000514438836936,0.000454751105481,4.54751105481e-06,0.000454751105481,0.176856603695,0.584642806253,0.176854448891
188,0.0105296519752,0.060786075277,0.0691666976274,0.107400249137,0.111472018497,0.00835114675502,0.186251425015,0.0734407291119,0.00717340926369,0.166527373024,0.0139420165819,0.184959207734,20,9,2,20,0.000118793880217,1.18793880217e-06,0.000118793880217,0.00654826261338,0.00236350475171,0.00013857898547,0.000118793880217,1.18793880217e-06,0.000118793880217,0.18667961687,0.617115151924,0.186677333457
189,0.140033312353,0.0671222567928,0.057767604845,0.0363950733123,0.0283464745271,0.187630846649,0.149543413999,0.170982071369,0.00427778221838,0.00491046621283,0.0706327977925,0.0823578999289,20,9,2,20,0.000535213709591,5.35213709591e-06,0.000535213709591,0.0122099942503,0.00945757455221,0.00135492222194,0.000535213709591,5.35213709591e-06,0.000535213709591,0.183730702819,0.607366792356,0.183728454688
190,0.142139287568,0.0528036504319,0.0553535963532,0.00629802531807,0.100049624755,0.0145363907101,0.00235676711593,0.0909551136089,0.136068072092,0.199609090237,0.182426455012,0.017403926799,20,9,2,20,0.000140016826587,1.40016826587e-06,0.000140016826587,0.00492159378052,0.000894442265764,0.000588548823184,0.000140016826587,1.40016826587e-06,0.000140016826587,0.187162198439,0.618710440728,0.18715990832
191,0.0146816197241,0.0146934954652,0.2962831329,0.00181899183718,0.117489161491,0.0622938813855,0.0874592567077,0.0584383468608,0.0955417156666,0.0149058145618,0.053174837205,0.183219746194,20,9,2,20,5.92443762168e-06,5.92443762168e-08,5.92443762168e-06,8.26284841146e-06,5.05232110178e-05,2.94341697237e-06,5.92443762168e-06,5.92443762168e-08,5.92443762168e-06,0.188459268519,0.622998223236,0.188456962529
192,0.0259902111718,0.0134627835266,0.242466837162,0.149884344432,0.0197244574672,0.0525963676904,0.0843087325481,0.0203300257205,0.0190478124354,0.144603052643,0.0886625876585,0.138922787545,20,9,2,20,0.00019602298954,1.9602298954e-06,0.00019602298954,0.0174587292802,0.00153362079576,0.000796601962067,0.00019602298954,1.9602298954e-06,0.00019602298954,0.184597140344,0.610231013589,0.184594881611
193,0.327791465216,0.040673782336,0.084007854266,0.00323425943824,0.0643367271746,0.154533410854,0.0526854147548,0.0151022350232,0.0280932931171,0.0585595347868,0.143425698975,0.0275563240583,20,9,2,20,0.000325087135975,3.25087135975e-06,0.000325087135975,0.0301889477916,0.00191308214582,0.00216818577547,0.000325087135975,3.25087135975e-06,0.000325087135975,0.181769990329,0.600885177483,0.181767766189
194,0.0833209522464,0.0217381517278,0.0372623090295,0.00975594276537,0.121239418675,0.0538068047055,0.0120998056469,0.0375026065927,0.10090851734,0.0220299102379,0.295741397399,0.204594183633,20,9,2,20,2.89041489617e-05,2.89041489617e-07,2.89041489617e-05,0.000159241395227,8.54631494519e-05,0.000317568887355,2.89041489617e-05,2.89041489617e-07,2.89041489617e-05,0.188347517238,0.622628802035,0.188345212616
195,0.0900320566735,0.179842939079,0.0176341817098,0.0215611035362,0.109246356812,0.123591592284,0.0976509705676,0.0418293916822,0.251542444268,0.0242885005628,0.0301306374887,0.0126498253363,20,9,2,20,0.00247533390094,2.47533390094e-05,0.00247533390094,0.0134164244421,0.0255425605424,0.00325036262637,0.00247533390094,2.47533390094e-05,0.00247533390094,0.178644479556,0.590553036892,0.17864229366
196,0.242725607362,0.0210973431938,0.00149138591272,0.00554645210323,0.088631673231,0.0951703530348,0.179270335458,0.0670461034128,0.0650101013296,0.0400013212632,0.172880371844,0.0211289518549,20,9,2,20,9.3966364814e-05,9.3966364814e-07,9.3966364814e-05,0.000414735052234,0.00194196904467,0.000136300207718,9.3966364814e-05,9.3966364814e-07,9.3966364814e-05,0.187934326222,0.621262898032,0.187932026655
197,0.090805309937,0.0376811495375,0.0389557617359,0.216283643392,0.0107426174584,0.0846690872941,0.0386703099522,0.0547656379472,0.0184817715643,0.024506803904,0.00718152041853,0.377256386859,20,9,2,20,0.000108011518455,1.08011518455e-06,0.000108011518455,0.0123920316641,0.00303918803657,0.000599700529905,0.000108011518455,1.08011518455e-06,0.000108011518455,0.185372120607,0.612792900467,0.185369852391
198,0.0432865634854,0.322861441813,0.190910555623,0.0127437671272,0.0486846256301,0.139217864741,0.0429643690764,0.0391570606392,0.0508171894371,0.085764235282,0.0228145933576,0.000777733788218,20,9,2,20,2.04496487572e-05,2.04496487572e-07,2.04496487572e-05,2.8808900202e-05,0.000298909381505,2.54197540908e-05,2.04496487572e-05,2.04496487572e-07,2.04496487572e-05,0.188393339844,0.622780279871,0.188391034661
199,0.0397578337275,0.125985221056,0.0306163131733,0.074417447974,0.115804398193,0.00652262659644,0.0739216780783,0.0454316136926,0.203223339783,0.170605215687,0.0133726830584,0.10034162898,20,9,2,20,0.0002066378574,2.066378574e-06,0.0002066378574,0.00224385378522,0.000761592651613,0.00101268314014,0.0002066378574,2.066378574e-06,0.0002066378574,0.187561509707,0.620030461826,0.187559214702
200,0.208314300187,0.0159680306476,0.0241702505374,0.0444514111983,0.107544940822,0.0674481358192,0.125401652333,0.0781662463855,0.0773941237945,0.0446718926914,0.0403634599952,0.166105555589,20,9,2,20,0.000335298110401,3.35298110401e-06,0.000335298110401,0.00918824180651,0.00411918451624,0.00110341177818,0.000335298110401,3.35298110401e-06,0.000335298110401,0.185505257745,0.613233017851,0.1855029879
201,0.075245947281,0.163900445205,0.0472960179621,0.145665230309,0.119162908472,0.0432072829662,0.00739991863829,0.00780710510955,0.0240425015827,0.222990237123,0.104893463806,0.038388941545,20,9,2,20,7.11889897215e-05,7.11889897215e-07,7.11889897215e-05,0.00557304341087,0.00376704038555,9.14045090866e-05,7.11889897215e-05,7.11889897215e-07,7.11889897215e-05,0.186643850489,0.616996914753,0.186641566713
202,0.251001393704,0.0501349496598,0.152846666227,0.0613835310599,0.127152155187,0.0759796716946,0.0080972886492,0.00226029261128,0.0438046825136,0.0130545111105,0.000549923984652,0.213734933599,20,9,2,20,0.000132470295017,1.32470295017e-06,0.000132470295017,0.000303038376617,0.00112233423137,0.000302993882022,0.000132470295017,1.32470295017e-06,0.000132470295017,0.188049268319,0.621642867259,0.188046967346
203,0.12808833366,0.0363307033148,0.012653567408,0.0707273742673,0.182602199834,0.213028356655,0.102813898519,0.0239202252744,0.0440326531832,0.123960511428,0.0186557723069,0.0431864041499,20,9,2,20,0.000543868284848,5.43868284848e-06,0.000543868284848,0.00854720839322,0.00376042854244,0.00149513583036,0.000543868284848,5.43868284848e-06,0.000543868284848,0.185461835508,0.613089475025,0.185459566195
204,0.0161254521648,0.00507773777964,0.112237827549,0.0436001732134,0.152983225048,0.0242479948926,0.109244591622,0.125239852007,0.129798672967,0.0812377625695,0.168957361322,0.0312493488647,20,9,2,20,0.000161435030364,1.61435030364e-06,0.000161435030364,0.0224382843227,0.00218630648173,0.000241105531686,0.000161435030364,1.61435030364e-06,0.000161435030364,0.183666503074,0.607154573335,0.183664258434
205,0.00606395348268,0.208700419789,0.15587797535,0.0138393348357,0.0485238085662,0.0541690600189,0.0598555229963,0.0523663201282,0.283224286583,0.00637315051917,0.0460288761743,0.0649772915567,20,9,2,20,0.000505529467701,5.05529467701e-06,0.000505529467701,0.00361378505745,0.0118372861883,0.00216345609755,0.000505529467701,5.05529467701e-06,0.000505529467701,0.184772461784,0.610810581507,0.184770200906
206,0.152945951966,0.0344597796056,0.130551226548,0.0276787913385,0.00251250219953,0.0065367707995,0.0441426396592,0.111669438291,0.0931402893831,0.0675038051072,0.113348627414,0.215510177689,20,9,2,20,3.77798305429e-05,3.77798305429e-07,3.77798305429e-05,0.00296016981515,0.00159246399485,0.000106813687355,3.77798305429e-05,3.77798305429e-07,3.77798305429e-05,0.187568575904,0.620053820868,0.187566280812
207,0.040839031589,0.052439143067,0.00336976313435,0.0435242849972,0.147493083413,0.339562331151,0.0108951338479,0.0817690792142,0.0353217999414,0.00818344618398,0.141283449088,0.0953194543731,20,9,2,20,0.000216869758463,2.16869758463e-06,0.000216869758463,0.0332230258163,0.0028799257491,0.00111020743706,0.000216869758463,2.16869758463e-06,0.000216869758463,0.181297307829,0.599322623217,0.181295093523
208,0.0241501365559,0.0417460261684,0.0436997655055,0.230613899143,0.0171789767111,0.0737166989075,0.0761829111262,0.161986337552,0.13978202695,0.115030445541,0.0014490994256,0.0744636764131,20,9,2,20,0.000573345823399,5.73345823399e-06,0.000573345823399,0.0190145382291,0.00073444966741,0.0087625554083,0.000573345823399,5.73345823399e-06,0.000573345823399,0.18266725994,0.603851321724,0.182665024821
209,0.175998451756,0.107066123712,0.0416270789839,0.120629189225,0.0573377597229,0.0539166900508,0.0384380083527,0.0960626620012,0.120074848054,0.0238818893701,0.156432024046,0.00853527472436,20,9,2,20,0.000261751297408,2.61751297408e-06,0.000261751297408,0.0501981152148,0.00675101606152,0.0016996037249,0.000261751297408,2.61751297408e-06,0.000261751297408,0.17722322062,0.585854744079,0.177221060084
210,0.0416285363746,0.110990978067,0.0269202666124,0.0204186275059,0.0208733379727,0.0657954408454,0.119573148372,0.100064149296,0.171884108471,0.0509176373778,0.00668190618109,0.264251862924,20,9,2,20,0.000171490940054,1.71490940054e-06,0.000171490940054,0.0091946685012,0.00254847929868,0.000875541112551,0.000171490940054,1.71490940054e-06,0.000171490940054,0.18596714572,0.614759901565,0.185964870223
211,0.0943910918734,0.0952333237967,0.184167397151,0.0505012089787,0.175810609164,0.0026410142792,0.0934401202203,0.0222601351021,0.00745920087953,0.147631249455,0.0745937564661,0.0518708926339,20,9,2,20,0.000400453734125,4.00453734125e-06,0.000400453734125,0.0164551439956,0.00303969874342,0.00144122245559,0.000400453734125,4.00453734125e-06,0.000400453734125,0.18422604648,0.609004272026,0.184223792288
212,0.0240683753103,0.00482969387801,0.0657713043252,0.0388518799837,0.180834407669,0.216993685034,0.044028314963,0.000930623754997,0.201972138423,0.0728714843417,0.135685453645,0.013162638671,20,9,2,20,0.000297628168528,2.97628168528e-06,0.000297628168528,0.00277254790022,0.00197301346771,0.00116360807807,0.000297628168528,2.97628168528e-06,0.000297628168528,0.1871361545,0.618624346116,0.1871338647
213,0.0957764512542,0.309706705645,0.0207015736538,0.0825901874761,0.00506437354726,0.0069008630133,0.00233287713673,0.194475356963,0.116020654627,0.102445909211,0.0630451654097,0.000939882063792,20,9,2,20,0.000601489750877,6.01489750877e-06,0.000601489750877,0.0168099630139,0.0025726533746,0.00442846663188,0.000601489750877,6.01489750877e-06,0.000601489750877,0.183531857194,0.606709459491,0.183529611496
214,0.00427192469614,0.0441766190645,0.0302587451271,0.103221728755,0.234784870554,0.027482985477,0.113006788529,0.0747995763033,0.184930575561,0.10375470773,0.0067981670434,0.0725133111592,20,9,2,20,0.000435723188965,4.35723188965e-06,0.000435723188965,0.00385792459548,0.00293846122379,0.00101519174285,0.000435723188965,4.35723188965e-06,0.000435723188965,0.186672966783,0.617093165785,0.18667068265
215,0.189245982168,0.0550711923376,0.126676017135,0.150107729056,0.00308829756927,0.0460844296337,0.0288218123319,0.0910529887149,0.141127275061,0.0972420014786,0.0127873925669,0.0586948819475,20,9,2,20,0.00076225399123,7.6225399123e-06,0.00076225399123,0.0137021389171,0.00615898964524,0.00211893793152,0.00076225399123,7.6225399123e-06,0.00076225399123,0.183755152336,0.607447616219,0.183752903906
216,0.0662543137686,0.0618415577338,0.111865651953,0.0424864650968,0.000209794399892,0.0863121721972,0.179860824308,0.0326219332741,0.0541458131441,0.00315293612193,0.263185754585,0.0980627834172,20,9,2,20,0.000156112545413,1.56112545413e-06,0.000156112545413,0.00811825728889,0.00104974883906,0.00122991706391,0.000156112545413,1.56112545413e-06,0.000156112545413,0.186397357174,0.616182070788,0.186395076413
217,0.0249996403287,0.175094237503,0.0771060651854,0.00346036838926,0.0149994578909,0.0060484087518,0.271154341176,0.0517174878501,0.0898416820233,0.0928560889983,0.0458342231526,0.146887998751,20,9,2,20,9.34639445108e-05,9.34639445108e-07,9.34639445108e-05,0.000880627415423,0.000455194904167,0.000507929958675,9.34639445108e-05,9.34639445108e-07,9.34639445108e-05,0.188057074921,0.621668673892,0.188054773852
218,0.0833319986124,0.114289886804,0.00673280600958,0.0586321702918,0.0528385885452,0.0165196785537,0.250528061615,0.0724475540368,0.0698933846684,0.018817378818,0.0891005245577,0.166867967487,20,9,2,20,0.000113029438922,1.13029438922e-06,0.000113029438922,0.000695532205243,0.000541624314464,0.000906733053232,0.000113029438922,1.13029438922e-06,0.000113029438922,0.187985682218,0.621432667843,0.187983382022
219,0.0760169671876,0.0802700747824,0.00902797357427,0.0777182247022,0.0631201656629,0.204255101221,0.0166251464155,0.0855663474628,0.0649609546597,0.201501989793,0.0234310876688,0.0975059668695,20,9,2,20,7.63656076586e-05,7.63656076586e-07,7.63656076586e-05,0.0018653938152,0.00307578831202,0.000114297415604,7.63656076586e-05,7.63656076586e-07,7.63656076586e-05,0.187464698282,0.619710427971,0.187462404461
220,0.000587167963874,0.0190196846244,0.123882779526,0.0196787110722,0.0756988417969,0.113523762235,0.207752956108,0.0369773515465,0.162345530483,0.0860969754636,0.0176880090177,0.136748230163,20,9,2,20,0.000177452582195,1.77452582195e-06,0.000177452582195,0.00235888231032,0.00298913888405,0.000617087005067,0.000177452582195,1.77452582195e-06,0.000177452582195,0.187216664988,0.61889049323,0.187214374202
221,0.118775868636,0.244794981764,0.0428220259257,0.0227226150427,0.0340763104248,0.00331134404538,0.0266171887169,0.029848741224,0.0403985783282,0.264174390851,0.0263388278289,0.146119127212,20,9,2,20,5.98229540341e-05,5.98229540341e-07,5.98229540341e-05,0.00142100402984,0.000726743913512,0.0002083995311,5.98229540341e-05,5.98229540341e-07,5.98229540341e-05,0.187985989841,0.621433684767,0.187983689642
222,0.228699713866,0.0026190069041,0.132541914517,0.0853682477602,2.2110779238e-05,0.312754661613,0.0305682269293,0.0354709384771,0.0901067406316,0.0303937415356,0.0108354548724,0.0406192421148,20,9,2,20,0.000841274041186,8.41274041186e-06,0.000841274041186,0.00247875657336,0.0181298130319,0.00103055400873,0.000841274041186,8.41274041186e-06,0.000841274041186,0.183759540356,0.607462122368,0.183757292016
223,0.0487902246982,0.00178417795551,0.0592025262618,0.0688916089229,0.00612916142002,0.209792952318,0.000612534476011,0.064365686303,0.0870909916789,0.0585338371633,0.0138462522834,0.380960046519,20,9,2,20,8.57921904927e-05,8.57921904927e-07,8.57921904927e-05,0.018087318444,0.00125378090641,0.000448823993368,8.57921904927e-05,8.57921904927e-07,8.57921904927e-05,0.184680474127,0.610506501285,0.184678216639
224,0.150480609347,0.0455164688538,0.0573512343372,0.102472012692,0.0492744760142,0.105058148849,0.0297141013403,0.113663309904,0.149018256021,0.0882343799503,0.103122494267,0.00609450842398,20,9,2,20,0.000338575348447,3.38575348447e-06,0.000338575348447,0.00587611133687,0.00604515150359,0.000883057268467,0.000338575348447,3.38575348447e-06,0.000338575348447,0.185805563784,0.614225752942,0.185803290265
225,0.148161603355,0.0267330432593,0.00257454387266,0.260870282618,0.0801408503131,0.0436140184857,0.0124179514992,0.0174373908084,0.0881370577941,0.124387570543,0.0764624101929,0.119063277258,20,9,2,20,0.000240157592036,2.40157592036e-06,0.000240157592036,0.00753535772632,0.00226704588199,0.00173621840713,0.000240157592036,2.40157592036e-06,0.000240157592036,0.186118685015,0.615260851784,0.186116407665
226,0.0199283843718,0.0213837124264,0.0424420023628,0.125267384263,0.0808559339112,0.00798688700445,0.000825811730667,0.0644015822808,0.000665012960642,0.0369602289952,0.332516186202,0.266766873492,20,9,2,20,3.77690418089e-05,3.77690418089e-07,3.77690418089e-05,0.000716118292053,0.00026571492462,0.000436684106187,3.77690418089e-05,3.77690418089e-07,3.77690418089e-05,0.188179419663,0.62207311437,0.188177117097
227,0.0313481966017,0.261024395847,0.0412875707563,0.0405362038954,0.140687820506,0.0223175472036,0.166202015959,0.0376746304397,0.054340757962,0.0807518426319,0.0533116786884,0.0705173395091,20,9,2,20,0.000146020219019,1.46020219019e-06,0.000146020219019,0.0703516496576,0.00257794871242,0.00065707186621,0.000146020219019,1.46020219019e-06,0.000146020219019,0.174495469659,0.576837511573,0.174493347251
228,0.0623602769168,0.040863448857,0.190717736466,0.0166499230593,0.090457100336,0.00405999644838,0.256738072878,0.123066118097,0.0253699552503,0.126636141636,0.0494555874174,0.0136256426372,20,9,2,20,0.000276748754264,2.76748754264e-06,0.000276748754264,0.00387081033834,0.00506239915825,0.000411205317214,0.000276748754264,2.76748754264e-06,0.000276748754264,0.186504515012,0.616536307241,0.186502232941
229,0.00210526828952,0.0159557740845,0.0173521526755,0.137271216958,0.00969509075287,0.0178412033286,0.233071307999,0.127726402389,0.189894857576,0.0430939836774,0.0154852332986,0.190507508972,20,9,2,20,0.000247041837099,2.47041837099e-06,0.000247041837099,0.0118652093754,0.00461738516935,0.000776552144014,0.000247041837099,2.47041837099e-06,0.000247041837099,0.185035290893,0.611679427434,0.185033026799
230,0.0337103390664,0.0534287302678,0.0309313115995,0.0623350259963,0.04336406628,0.0226074006705,0.480664101016,0.0182860999215,0.0429172091009,0.0244920442157,0.140472425198,0.0467912466675,20,9,2,20,0.000247079691876,2.47079691876e-06,0.000247079691876,0.00249106609278,0.00196311479618,0.00190358445178,0.000247079691876,2.47079691876e-06,0.000247079691876,0.187089904332,0.618471454868,0.187087615098
231,0.0381088408884,0.0451753582876,0.0502998096285,0.231120177877,0.0265201443088,0.268025626,0.0445430864233,0.0175130491679,0.107186985304,0.00924180810191,0.00112959284247,0.161135521171,20,9,2,20,0.000519759149058,5.19759149058e-06,0.000519759149058,0.0088357959488,0.00612652364848,0.00167958988337,0.000519759149058,5.19759149058e-06,0.000519759149058,0.184944994899,0.611380931932,0.184942731909
232,0.161609139833,0.0294563982447,0.0424031431602,0.0820944909581,0.116941236461,0.150165583801,0.0472987269602,0.222876003823,0.103423172811,0.0132636878052,0.021136009967,0.00933240617496,20,9,2,20,0.00413251290764,4.13251290764e-05,0.00413251290764,0.0665870057235,0.0511983590723,0.0133406306522,0.00413251290764,4.13251290764e-05,0.00413251290764,0.160630282919,0.531002702298,0.160628317445
233,0.15195065069,0.0789886244344,0.0300950585837,0.0137404993793,0.0627040913017,0.168461286259,0.290334948415,0.109227799387,0.0186536304825,0.0325835517137,0.00243252710289,0.040827332251,20,9,2,20,0.00186918232183,1.86918232183e-05,0.00186918232183,0.0453741030973,0.0320920803157,0.00245950899659,0.00186918232183,1.86918232183e-05,0.00186918232183,0.171995140212,0.568572018768,0.171993035677
234,0.0399225017706,0.0268464573728,0.311206191518,0.10306012952,0.126162846432,0.00789789995803,0.0669606896296,0.0206012760126,0.257354842085,0.0294205180318,0.010108453455,0.000458194214429,20,9,2,20,0.00354450059539,3.54450059539e-05,0.00354450059539,0.179275982088,0.0532273951348,0.0099241196537,0.00354450059539,3.54450059539e-05,0.00354450059539,0.140098208753,0.463128907468,0.140096494509
235,0.00813240705453,0.0723301758397,0.151951894522,0.00336188101326,0.200886386788,0.0739958482514,0.0971527951593,0.19827045765,0.134550024222,0.021094932176,0.0329005863976,0.00537261092551,20,9,2,20,3.45695770435e-07,3.45695770435e-09,3.45695770435e-07,1.30385346278e-06,6.73708427337e-07,2.25895057253e-07,3.45695770435e-07,3.45695770435e-09,3.45695770435e-07,0.18847471456,0.623049283905,0.188472408381
236,0.208477412607,0.0734470818261,0.0113432564692,0.0888221675149,0.00741190161482,0.0727120434841,0.0638975085135,0.173796594907,0.0755144837105,0.111400076556,0.10417941695,0.00899805584705,20,9,2,20,0.000176497185592,1.76497185592e-06,0.000176497185592,0.00126696452243,0.00144062844453,0.00127620176188,0.000176497185592,1.76497185592e-06,0.000176497185592,0.187590817697,0.620127346555,0.187588522333
237,0.000209861834269,0.332594693206,0.0532690094605,0.0698144377137,0.0187752697594,0.0200203245584,0.190426369678,0.0660108987697,0.0796824691385,0.108598175465,0.0590674692191,0.00153102119638,20,9,2,20,0.000816333419219,8.16333419219e-06,0.000816333419219,0.020301595381,0.00214262085847,0.00389235849723,0.000816333419219,8.16333419219e-06,0.000816333419219,0.18289308332,0.604597836159,0.182890845438
238,0.0114983786463,0.0680586252538,0.0518927812712,0.00867736083105,0.168901030524,0.0913344152769,0.0751751064689,0.0081058373599,0.380310727298,0.0844575458147,0.0473848145005,0.00420337675399,20,9,2,20,0.000553403816867,5.53403816867e-06,0.000553403816867,0.0131267139063,0.00881265898279,0.00324439475198,0.000553403816867,5.53403816867e-06,0.000553403816867,0.183309573244,0.605974645506,0.183307330266
239,0.0736255818878,0.0204580445372,0.143282346538,0.0542528547242,0.0881116797118,0.014073928238,0.181070371889,0.00489950045169,0.0632539265959,0.0219245525653,0.249437145452,0.0856100674095,20,9,2,20,0.000124794633743,1.24794633743e-06,0.000124794633743,0.00192646284214,0.000964170941948,0.000789869904318,0.000124794633743,1.24794633743e-06,0.000124794633743,0.187687154122,0.620445810182,0.18768485758
240,0.0456951844444,0.00418501554334,0.133721314602,0.00147823866241,0.0395068901716,0.259315547832,0.109776783927,0.0650451224131,0.0302344050226,0.0370003674983,0.101814041007,0.172227088876,20,9,2,20,7.91888161389e-05,7.91888161389e-07,7.91888161389e-05,0.000404288439113,0.000838711005158,0.000196075618484,7.91888161389e-05,7.91888161389e-07,7.91888161389e-05,0.18814416247,0.621956563092,0.188141860335
241,0.222705164333,0.112892745434,0.112371253229,0.00305545982195,0.0127016617726,0.0336314693484,0.0833627416842,0.0885458835701,0.11505088926,0.056055116605,0.0644753482872,0.0951522666551,20,9,2,20,0.000227893185069,2.27893185069e-06,0.000227893185069,0.0105601987595,0.00454615845061,0.000844559605724,0.000227893185069,2.27893185069e-06,0.000227893185069,0.185296368411,0.612542483048,0.185294101122
242,0.0057455512156,0.0276089148911,0.0964838434914,0.104231939092,0.142056305653,0.0904191327799,0.0342900083411,0.0707689396797,0.00368869951205,0.020748082218,0.009505049762,0.394453533364,20,9,2,20,6.89917553539e-05,6.89917553539e-07,6.89917553539e-05,0.00442806841113,0.00243722622843,0.00019347637736,6.89917553539e-05,6.89917553539e-07,6.89917553539e-05,0.187092714091,0.618480743214,0.187090424822
243,0.0835700969786,0.0516441095066,0.135178063302,0.0848162463496,0.134743538432,0.0428457648223,0.143897590835,0.107035199902,0.0107890608159,0.15523960068,0.0406740686515,0.00956665972494,20,9,2,20,0.000577165279448,5.77165279448e-06,0.000577165279448,0.0381809001873,0.00362498608667,0.00448296415558,0.000577165279448,5.77165279448e-06,0.000577165279448,0.179313781124,0.592765576985,0.179311587038
244,0.322756811676,0.00370528447242,0.0145947872977,0.221473438237,0.139773488078,0.0804685012411,0.0313562824457,0.0881493163071,0.000674527903108,0.0338524621807,0.042453327255,0.0207417729068,20,9,2,20,0.00100762876887,1.00762876887e-05,0.00100762876887,0.0101821722489,0.0132329064452,0.00332348074023,0.00100762876887,1.00762876887e-05,0.00100762876887,0.182672380144,0.603868247809,0.182670144962
245,0.011754216139,0.172389535791,0.095281175626,0.00993382386763,0.0973492076456,0.210216029214,0.0272179105541,0.0195475997293,0.0356751375357,0.142254747747,0.0505784665497,0.1278021496,20,9,2,20,0.000109951993612,1.09951993612e-06,0.000109951993612,0.00177457673122,0.00131857919956,0.000492812253307,0.000109951993612,1.09951993612e-06,0.000109951993612,0.187716217578,0.620541886544,0.18771392068
246,0.0101457235466,0.133884209889,0.0491962402164,0.0459180769224,0.0399826935173,0.0659135159636,0.0287284578761,0.00604911921838,0.151553335302,0.123989398407,0.127558583979,0.217080645162,20,9,2,20,2.37454435643e-05,2.37454435643e-07,2.37454435643e-05,6.34765842347e-05,0.000325569739039,3.03333147762e-05,2.37454435643e-05,2.37454435643e-07,2.37454435643e-05,0.188378357804,0.622730753071,0.188376052804
247,0.221644857016,0.0267369918593,0.00736967102798,0.144495417372,0.196303822695,0.0560503725694,0.00454915303607,0.0592928278168,0.0438502735755,0.0707606192265,0.025062470913,0.143883522892,20,9,2,20,0.000321145475238,3.21145475238e-06,0.000321145475238,0.00800999573757,0.00257361366678,0.00237382712109,0.000321145475238,3.21145475238e-06,0.000321145475238,0.185789911218,0.614174009555,0.185787637891
248,0.111247274353,0.0637028156834,0.0631175423229,0.0588676396659,0.191195440824,0.0944764647571,0.0202503309553,0.0966130388573,0.072149595488,0.0248778321288,0.0493228709176,0.154179154046,20,9,2,20,0.000231910628212,2.31910628212e-06,0.000231910628212,0.0154488735015,0.00667252743682,0.00120313445549,0.000231910628212,2.31910628212e-06,0.000231910628212,0.18390357886,0.607938276408,0.183901328613
249,0.0993266570525,0.00848025471053,0.155995000997,0.013667298293,0.0447493728661,0.105159252865,0.2036765398,0.066810180644,0.255965257318,0.000961707914057,0.0318813674214,0.013327110118,20,9,2,20,0.0026884689244,2.6884689244e-05,0.0026884689244,0.0709369703285,0.0741258678296,0.00686125879856,0.0026884689244,2.6884689244e-05,0.0026884689244,0.157804462946,0.521661262972,0.157802532049
250,0.00622796866936,0.310375737732,0.0512260422548,0.0151892424391,0.115432039938,0.115336994544,0.0569202128628,0.0218035783433,0.0517767188183,0.0342244299208,0.0197003343175,0.20178670016,20,9,2,20,0.000251902830452,2.51902830452e-06,0.000251902830452,0.00477710765778,0.00353350942093,0.000813657642815,0.000251902830452,2.51902830452e-06,0.000251902830452,0.18656483104,0.61673569663,0.18656254823
251,0.121155641064,0.190930786289,0.00014099649056,0.0489602109243,0.0773869357667,0.153421525832,0.117251732657,0.035563220481,0.0233832306965,0.145083268541,0.00831748310652,0.078404968153,20,9,2,20,0.000228377531807,2.28377531807e-06,0.000228377531807,0.0015157061041,0.00193424145921,0.000551736758978,0.000228377531807,2.28377531807e-06,0.000228377531807,0.187548137711,0.61998625742,0.187545842869
252,0.0296076575437,0.0370655220909,0.327620406687,0.0262968898999,0.0978172368964,0.00868558907355,0.0444887984021,0.176907624593,0.00346867216452,0.0787687806881,0.152291468454,0.0169813535067,20,9,2,20,0.000241132938693,2.41132938693e-06,0.000241132938693,0.0118491253604,0.0025975125558,0.00150389576289,0.000241132938693,2.41132938693e-06,0.000241132938693,0.185286409244,0.612509560586,0.185284142077
253,0.191481007256,0.0166999297928,0.0173972839173,0.0232751012729,0.152848391155,0.0328412474533,0.204368251674,0.115941878609,0.00136474341024,0.149891176372,0.0226624223,0.0712285667874,20,9,2,20,0.000294400301649,2.94400301649e-06,0.000294400301649,0.00478457978298,0.00281634905008,0.00102501161011,0.000294400301649,2.94400301649e-06,0.000294400301649,0.186626555684,0.616939742542,0.186624272119
254,0.0216734243157,0.0330277698767,0.101020870571,0.1309764607,0.0859033908064,0.239740443574,0.0127274782916,0.0011218781603,0.262424450749,0.0405174803513,0.032751422184,0.0381149304206,20,9,2,20,0.00164943599281,1.64943599281e-05,0.00164943599281,0.0590651772764,0.0107030037626,0.00632961915625,0.00164943599281,1.64943599281e-05,0.00164943599281,0.172883099134,0.571507384245,0.172880983734
255,0.103247248468,0.0175843495846,0.0782482002959,0.0558673474769,0.0209837955029,0.137592448119,0.0751603466355,0.124688701697,0.143727964964,0.0312786216278,0.0818455472039,0.129775428424,20,9,2,20,0.000170742857288,1.70742857288e-06,0.000170742857288,0.0036174234757,0.0033365643562,0.000362480413279,0.000170742857288,1.70742857288e-06,0.000170742857288,0.186967050638,0.618065331924,0.186964762907
256,0.0410165484375,0.073204372354,0.0667633302856,0.232716113182,0.0733314913642,0.0938668459771,0.0338636040199,0.0155477586444,0.233441652134,0.0934837687519,0.00911892586009,0.033645588989,20,9,2,20,0.00118254495011,1.18254495011e-05,0.00118254495011,0.0253510867279,0.00915304064072,0.00103613420934,0.00118254495011,1.18254495011e-05,0.00118254495011,0.180880946953,0.597946227079,0.180878733691
257,0.0435474400874,0.0139885938979,0.0840767381913,0.0201848508125,0.0218685126569,0.0230740307021,0.0808494102504,0.107896481531,0.427030899734,0.142474169412,0.00258817499668,0.0324206977277,20,9,2,20,0.000364556861117,3.64556861117e-06,0.000364556861117,0.00422560448528,0.0011984509733,0.00474757416357,0.000364556861117,3.64556861117e-06,0.000364556861117,0.186282075714,0.615800979717,0.186279796365
258,0.0560127688285,0.0466995307293,0.106251745453,0.00385759813478,0.170777412925,0.146506704599,0.0093247742691,0.153397354194,0.0695129532147,0.0576523757674,0.172340672335,0.00766610954933,20,9,2,20,0.000249281101468,2.49281101468e-06,0.000249281101468,0.0212301689131,0.00394913542622,0.00153698821919,0.000249281101468,2.49281101468e-06,0.000249281101468,0.183251154994,0.605781529689,0.183248912731
259,0.00373853079179,0.00351023904525,0.03862745583,0.0476951337997,0.158256356752,0.0704466540014,0.0174539184974,0.277444821351,0.0692951083468,0.0973364358936,0.13812381651,0.078071529181,20,9,2,20,0.000175977067489,1.75977067489e-06,0.000175977067489,0.00186730324024,0.000765254033814,0.000266525069784,0.000175977067489,1.75977067489e-06,0.000175977067489,0.187795653367,0.620804480981,0.187793355497
260,0.0839357872681,0.14949119122,0.00726848808563,0.143395374779,0.0938025165086,0.117972376635,0.0317641716824,0.227753613175,0.0576395908717,0.044488728639,0.0122818773071,0.0302062838285,20,9,2,20,0.001945515743,1.945515743e-05,0.001945515743,0.029048523557,0.00991969178127,0.00815256368595,0.001945515743,1.945515743e-05,0.001945515743,0.178120223489,0.588819980192,0.178118044008
261,0.0420693749429,0.126838801734,0.0397196378996,0.0298557884953,0.165820217019,0.132249501627,0.0151159967431,0.110950346834,0.0765238541314,0.0105907764938,0.249190401979,0.00107530209937,20,9,2,20,0.000202923009716,2.02923009716e-06,0.000202923009716,0.0437494208315,0.00203476935176,0.000745646475034,0.000202923009716,2.02923009716e-06,0.000202923009716,0.179551908936,0.593552786109,0.179549717798
262,0.184346350341,0.0558079895673,0.0547451978642,0.0881982946594,0.0513018233603,0.000368718102981,0.00346649005603,0.154335466351,0.249663963903,0.0617530166637,0.0904884838034,0.0055242053277,20,9,2,20,0.000264290255117,2.64290255117e-06,0.000264290255117,0.000378231279824,0.0031747580507,0.000124356577989,0.000264290255117,2.64290255117e-06,0.000264290255117,0.187582057489,0.620098387545,0.187579762232
263,0.0656887902303,0.167134301177,0.0186627722235,0.0270142970703,0.0869730209889,0.145344632875,0.0525572276148,0.0225283629468,0.143021663355,0.132198585983,0.0172348685654,0.121641476969,20,9,2,20,0.000272100872689,2.72100872689e-06,0.000272100872689,0.0159204733474,0.0021361997099,0.000257594795384,0.000272100872689,2.72100872689e-06,0.000272100872689,0.184817440012,0.610959268044,0.184815178583
264,0.0790852025346,0.0108211950831,0.00914406450741,0.00776067979878,0.0025743146523,0.135817920102,0.211279836422,0.0424733482983,0.302882396402,0.101763286745,0.0246886989662,0.0717090564879,20,9,2,20,0.000310528967445,3.10528967445e-06,0.000310528967445,0.019610293058,0.00590517024153,0.00104503895272,0.000310528967445,3.10528967445e-06,0.000310528967445,0.183234111897,0.60572518956,0.183231869842
265,0.0625228505363,0.194415775296,0.000475304754006,0.117353159201,0.197858852183,0.0494021769244,0.0575499850955,0.0913129461965,0.0303206766999,0.0855985472931,0.0172303048783,0.0959594209419,20,9,2,20,0.000320059333002,3.20059333002e-06,0.000320059333002,0.00506575467443,0.00455504521336,0.000549534905571,0.000320059333002,3.20059333002e-06,0.000320059333002,0.186316034248,0.615913237958,0.186313754482
266,0.123242478848,0.102497553119,0.0378993248835,0.0923931091766,0.0924065376641,0.155573099452,0.0150172862669,0.0237576551383,0.183316801622,0.017798667475,0.141564407069,0.0145330792856,20,9,2,20,0.00042212376253,4.2212376253e-06,0.00042212376253,0.0753659061501,0.00447264866602,0.0016385951093,0.00042212376253,4.2212376253e-06,0.00042212376253,0.172799113726,0.571229787964,0.172797010859
267,0.0115464986531,0.31241787064,0.121745045591,0.0374790282489,0.0403311609997,0.0351784217193,0.105185026725,0.123679654741,0.0252373425373,0.0253979556977,0.139144265414,0.0226577290336,20,9,2,20,0.00034443372383,3.4443372383e-06,0.00034443372383,0.0266930260368,0.0071807297892,0.00214664508869,0.00034443372383,3.4443372383e-06,0.00034443372383,0.181425465137,0.599746265166,0.181423245213
268,0.0164214770118,0.207404545505,0.0305509102747,0.345078325101,0.00776798079969,0.00819797048447,0.0163809394538,0.0626103499716,0.0802510367404,0.0919883701465,0.0244033387016,0.10894475581,20,9,2,20,0.000114896551283,1.14896551283e-06,0.000114896551283,0.00428105957094,0.00663223336076,0.000306402799798,0.000114896551283,1.14896551283e-06,0.000114896551283,0.186273701439,0.615773296502,0.186271422192
269,0.166905211292,0.146480716474,0.154009370187,0.0289388141233,0.0284927285317,0.0630272540723,0.0263512746775,0.0218677477494,0.0262258480437,0.275990439083,0.0382132671109,0.0234973286551,20,9,2,20,9.40348891078e-05,9.40348891078e-07,9.40348891078e-05,0.00170217449057,0.00195569406537,0.00019267614004,9.40348891078e-05,9.40348891078e-07,9.40348891078e-05,0.187678411346,0.620416908794,0.18767611491
270,0.0311452804584,0.185668070322,0.0494029984659,0.0604337567374,0.0430176523164,0.360975414859,0.0994691287201,0.0337607789219,0.117455679076,0.00823727832725,0.00852093210037,0.0019130296955,20,9,2,20,0.0101213562005,0.000101213562005,0.0101213562005,0.280346727089,0.0782391608802,0.0310260761643,0.0101213562005,0.000101213562005,0.0101213562005,0.107374465366,0.354952567043,0.107373151531
271,0.142053955458,0.0724800785984,0.0342658830411,0.248650454786,0.0809979151018,0.184124021014,0.019418667104,0.0136875956087,0.0281849471091,0.0240011084979,0.0769581662851,0.0751772073956,20,9,2,20,0.000321550904072,3.21550904072e-06,0.000321550904072,0.00114723220388,0.00116260700131,0.00117465321475,0.000321550904072,3.21550904072e-06,0.000321550904072,0.187575020888,0.62007512634,0.187572725718
272,0.0543429928935,0.00930364244745,0.00860388183638,0.0513899847568,0.066695123515,0.0396341998258,0.0818228897435,0.258387905562,0.0187242065373,0.160271031549,0.01071580608,0.240108335253,20,9,2,20,5.07604192728e-05,5.07604192728e-07,5.07604192728e-05,0.0112290944093,0.000883644971477,0.00102831372921,5.07604192728e-05,5.07604192728e-07,5.07604192728e-05,0.185960166946,0.614736831522,0.185957891536
273,0.077951609395,0.0635219080995,0.0163525565216,0.0329706628746,0.0918175460922,0.052243894758,0.0397075226508,0.307962156751,0.059965198719,0.147023741882,0.0743015749137,0.0361816273426,20,9,2,20,0.000108438120914,1.08438120914e-06,0.000108438120914,0.000554415949576,0.00149943761508,0.000154076516644,0.000108438120914,1.08438120914e-06,0.000108438120914,0.187977090866,0.62140426703,0.187974790776
274,0.0158293507816,0.095593988909,0.354005669427,0.0597085217624,0.11627176611,0.115698934638,0.0614529302453,0.00552139250467,0.0729887667335,0.067572358909,0.00803376920894,0.0273225507707,20,9,2,20,0.0017358172208,1.7358172208e-05,0.0017358172208,0.0403676627187,0.0134447215095,0.00263942263964,0.0017358172208,1.7358172208e-05,0.0017358172208,0.176520436865,0.58353149408,0.176518276959
275,0.00209919830184,0.0976097384998,0.0445433468949,0.0719221688613,0.0109247196886,0.0277506018954,0.0518379682322,0.204637046639,0.132269649208,0.177165331754,0.10734089547,0.0718993345544,20,9,2,20,3.76685199369e-05,3.76685199369e-07,3.76685199369e-05,8.66245274497e-05,0.000603761434411,4.98601225614e-05,3.76685199369e-05,3.76685199369e-07,3.76685199369e-05,0.188307333262,0.622495964071,0.188305029132
276,0.0338906669025,0.00821241437404,0.207018172489,0.0361324160038,0.0261318871416,0.0660876315838,0.0328198078951,0.327778145643,0.0278988793999,0.146273533197,0.0305952592719,0.057161186099,20,9,2,20,0.000170528960364,1.70528960364e-06,0.000170528960364,0.000609539483764,0.000714191130426,0.000752529609578,0.000170528960364,1.70528960364e-06,0.000170528960364,0.187954862961,0.621330787251,0.187952563143
277,0.077182582899,0.018914627706,0.079146092609,0.0482749593169,0.0455639213768,0.31152640064,0.172067325103,0.0142035071332,0.0196349364579,0.0726183976908,0.00733920584535,0.133528043222,20,9,2,20,0.000260759375416,2.60759375416e-06,0.000260759375416,0.016158948218,0.00509052615058,0.000533211869364,0.000260759375416,2.60759375416e-06,0.000260759375416,0.18417231959,0.608826672924,0.184170068559
278,0.0370128364255,0.228010030939,0.116701202859,0.0283270614036,0.069027748151,0.00084410780496,0.0138653205806,0.127430060602,0.038490650344,0.0739357177201,0.217238520344,0.049116742826,20,9,2,20,8.01797345894e-05,8.01797345894e-07,8.01797345894e-05,0.0127536544192,0.00172343113963,0.000262638919018,8.01797345894e-05,8.01797345894e-07,8.01797345894e-05,0.185636565676,0.613667091987,0.185634295326
279,0.0281138923426,0.199795210347,0.104873062625,0.0192207973196,0.00295972051412,0.183214902553,0.0532228921653,0.0522767457403,0.048774996082,0.235578518652,0.0289466057847,0.0430226558747,20,9,2,20,0.000136093369995,1.36093369995e-06,0.000136093369995,0.00318398929976,0.00218395950292,0.000208233272791,0.000136093369995,1.36093369995e-06,0.000136093369995,0.18732130467,0.619236405303,0.187319012604
280,0.188636591935,0.164643613194,0.165538032497,0.0007539700034,0.0897868414933,0.121970196225,0.0716369929481,0.0131381126968,0.0198429619534,0.0929739965582,0.0381826263308,0.0328960641645,20,9,2,20,0.000551211762192,5.51211762192e-06,0.000551211762192,0.020239684358,0.00314224434414,0.00540211433375,0.000551211762192,5.51211762192e-06,0.000551211762192,0.182632670785,0.603736978807,0.182630436089
281,0.143567769362,0.0222646378402,0.0185038337837,0.0380394801474,0.0279664478045,0.175540760844,0.0474475808864,0.102691894313,0.0601634496348,0.160122172196,0.0344069155366,0.169285057651,20,9,2,20,0.000126217510045,1.26217510045e-06,0.000126217510045,0.00924176653601,0.00112063226761,0.00170989909731,0.000126217510045,1.26217510045e-06,0.000126217510045,0.186104429348,0.615213726189,0.186102152172
282,0.0783561792456,0.157014041006,0.00073214575812,0.0724197752361,0.0701028099048,0.00559180307254,0.106318376853,0.0575654611379,0.050660511234,0.20663961443,0.142730811171,0.051868470951,20,9,2,20,6.12779039118e-05,6.12779039118e-07,6.12779039118e-05,0.000567583670091,0.000566584243771,0.000380576179867,6.12779039118e-05,6.12779039118e-07,6.12779039118e-05,0.188143471299,0.62195427826,0.188141169174
283,0.18595748422,0.0462130992368,0.0168343450089,0.0154501201575,0.0846639945424,0.270481109255,0.00439474022544,0.0214582874235,0.0245613289049,0.068983081004,0.0149439272245,0.246058482797,20,9,2,20,0.000111980254343,1.11980254343e-06,0.000111980254343,0.00190111226242,0.00122078510269,0.000585534017591,0.000111980254343,1.11980254343e-06,0.000111980254343,0.187691787999,0.620461128596,0.1876894914
284,0.172298148693,0.0943209781859,0.435472716627,0.00907484847479,0.0569239006149,0.0236396765431,0.0162878341152,0.0865045394122,0.0372657800583,0.0461188193415,0.0076892150557,0.0144035428781,20,9,2,20,0.00376827991762,3.76827991762e-05,0.00376827991762,0.0548363731055,0.0164909348777,0.0195035916045,0.00376827991762,3.76827991762e-05,0.00376827991762,0.1685008857,0.557020905523,0.168498823921
285,0.141202452354,0.0705352985029,0.0374505365186,0.164521894559,0.162302499333,0.0532990378741,0.0027861639216,0.262999162088,0.0133201228288,0.0183450132092,0.0567425080425,0.0164953107695,20,9,2,20,0.00115196176814,1.15196176814e-05,0.00115196176814,0.00283185717125,0.00489882094122,0.00227455442931,0.00115196176814,1.15196176814e-05,0.00115196176814,0.185716843547,0.61393246649,0.185714571113
286,0.181215982194,0.0373689576434,0.00268404755866,0.0855200473319,0.0172188112153,0.253188868923,0.0264669742798,0.0364686809544,0.0776649569908,0.129861246877,0.0509342346018,0.10140719143,20,9,2,20,7.91589680081e-05,7.91589680081e-07,7.91589680081e-05,0.000262374269815,0.00127659313598,0.000106458161502,7.91589680081e-05,7.91589680081e-07,7.91589680081e-05,0.188105293092,0.621828070855,0.188102991434
287,0.0414883809793,0.00676957993973,0.0365241579651,0.00251100563185,0.0747017360457,0.0157013809434,0.0372440295683,0.13600161375,0.205517494586,0.277865954667,0.0299259752515,0.135748690671,20,9,2,20,3.69047449699e-05,3.69047449699e-07,3.69047449699e-05,0.000352641477999,0.000618396161923,8.00965051513e-05,3.69047449699e-05,3.69047449699e-07,3.69047449699e-05,0.188249317204,0.622304177794,0.188247013783
288,0.0419724768235,0.229992899649,0.0517799574291,0.110250667547,0.0280848154158,0.069632531062,0.0187974878509,0.0646058786207,0.0570798973965,0.101738844099,0.049046632902,0.177017911205,20,9,2,20,3.71997249746e-06,3.71997249746e-08,3.71997249746e-06,4.60284585298e-06,6.22534179364e-05,2.8984644619e-06,3.71997249746e-06,3.71997249746e-08,3.71997249746e-06,0.188459426216,0.622998744542,0.188457120224
289,0.0136011146564,0.132363799238,0.00364678329755,0.0217580338629,0.194992264179,0.0736584688946,0.0934212366778,0.0277547707175,0.0341228918169,0.00383130869982,0.0354947095703,0.365354618389,20,9,2,20,0.000105908910681,1.05908910681e-06,0.000105908910681,0.0151187889873,0.00110442312571,0.000375856675462,0.000105908910681,1.05908910681e-06,0.000105908910681,0.18526663167,0.612444180976,0.185264364745
290,0.182796788755,0.0873740715381,0.0508789267916,0.0928885179311,0.03943249941,0.0429732333118,0.123375182465,0.0141556429948,0.107630575805,0.052625070513,0.0721147127008,0.133754777784,20,9,2,20,0.000124721933433,1.24721933433e-06,0.000124721933433,0.00212561226466,0.00310056876208,0.000281630147025,0.000124721933433,1.24721933433e-06,0.000124721933433,0.187342806711,0.619307485561,0.187340514382
291,0.12328134177,0.226300348711,0.112569030028,0.0248307648945,0.00906067902777,0.0226767018619,0.0498871547301,0.188757780968,0.0588737463947,0.102436721317,0.021033772811,0.0602919574853,20,9,2,20,0.000555744878353,5.55744878353e-06,0.000555744878353,0.0225299565497,0.00329220296182,0.00088280411224,0.000555744878353,5.55744878353e-06,0.000555744878353,0.18302109148,0.605020998453,0.183018852032
292,0.112805404044,0.0579664427002,0.0180355629953,0.187997406379,0.00444531578798,0.219267481092,0.0948306350389,0.0571300382092,0.0974064014912,0.0187097413114,0.0457194894429,0.0856860815084,20,9,2,20,0.000506654046201,5.06654046201e-06,0.000506654046201,0.0702197513347,0.00179359676313,0.00193544869559,0.000506654046201,5.06654046201e-06,0.000506654046201,0.174153978302,0.575708618533,0.174151857106
293,0.00727309532648,0.0648888742704,0.00477082419376,0.13535174006,0.0371055841827,0.0159282473315,0.214092445535,0.123326542041,0.0101222317244,0.0927120094134,0.00197007319283,0.292458332729,20,9,2,20,0.00011318414877,1.1318414877e-06,0.00011318414877,0.00736879724133,0.000737842161368,0.00208704687169,0.00011318414877,1.1318414877e-06,0.00011318414877,0.186468376411,0.616416842254,0.186466094782
294,0.19151395699,0.00157223564542,0.0513050347909,0.227751835486,0.016417250329,0.016189618546,0.143484754487,0.0727588385002,0.0655597881972,0.0507963714499,0.0912790749603,0.0713712406176,20,9,2,20,0.000604710215706,6.04710215706e-06,0.000604710215706,0.0270906568334,0.00127161343334,0.00512863788136,0.000604710215706,6.04710215706e-06,0.000604710215706,0.181705008308,0.600670363514,0.181702784963
295,0.248496351402,0.0456473657571,0.0484202673444,0.0490906603928,0.0212335999769,0.0455198773742,0.0727749178486,0.0680836660969,0.139556840101,0.0801836231325,0.166383736507,0.0146090940659,20,9,2,20,0.000189936878294,1.89936878294e-06,0.000189936878294,0.0047314966899,0.00222943528743,0.00206792991291,0.000189936878294,1.89936878294e-06,0.000189936878294,0.18662976382,0.616950347822,0.186627480216
296,0.195615293138,0.0922793354539,0.00261255278164,0.16855360825,0.0741197903625,0.232692981636,0.037572873667,0.0521918743443,0.0211514693231,0.0247134047872,0.026170978343,0.0723258379126,20,9,2,20,0.00126748249201,1.26748249201e-05,0.00126748249201,0.0152729886979,0.00645293499879,0.00199842353728,0.00126748249201,1.26748249201e-05,0.00126748249201,0.183043601319,0.605095410233,0.183041361596
297,0.00969341441042,0.0420555256913,0.114783420375,0.256932740318,0.110730280586,0.0231451289229,0.0316878256856,0.0246302431052,0.118294706649,0.0805917578813,0.0963801747633,0.0910747816112,20,9,2,20,0.000287126283157,2.87126283157e-06,0.000287126283157,0.00962539814267,0.00394256237531,0.0011818787231,0.000287126283157,2.87126283157e-06,0.000287126283157,0.185477862772,0.613142457066,0.185475593263
298,0.0170603019803,0.0632660095858,0.0280748026719,0.0613458002226,0.00700182366316,0.18612188617,0.017416425145,0.182821730202,0.0530695468252,0.0729246464941,0.204433809584,0.106463217457,20,9,2,20,7.95481006405e-05,7.95481006405e-07,7.95481006405e-05,0.00836856304184,0.00267866214799,0.00116530591173,7.95481006405e-05,7.95481006405e-07,7.95481006405e-05,0.186113358902,0.615243245015,0.186111081617
299,0.024737082644,0.131388901659,0.200636187324,0.076141051967,0.0488656825813,0.0938049700079,0.17233090956,0.0646244002626,0.000204119610066,0.0503096473817,0.113174596749,0.0237824502533,20,9,2,20,0.000652994688698,6.52994688698e-06,0.000652994688698,0.0100864921966,0.00306899182541,0.00348661949851,0.000652994688698,6.52994688698e-06,0.000652994688698,0.184844009612,0.61104710036,0.184841747859
300,0.101311962936,0.0635723098291,0.0334017652176,0.0139539219658,0.0663134468806,0.0490440799466,0.0436684561963,0.0336322134434,0.0174020752601,0.0822926265418,0.326241137449,0.169166004334,20,9,2,20,3.5824427931e-05,3.5824427931e-07,3.5824427931e-05,0.00549544186742,0.000670714232423,0.000101864743755,3.5824427931e-05,3.5824427931e-07,3.5824427931e-05,0.187266880251,0.619056494975,0.18726458973
301,0.254441382134,0.137546444839,0.0902082994252,0.0488693586434,0.0443222359983,0.00491750401608,0.0928950437319,0.113580784277,0.00715963528304,0.0500958560931,0.154616091126,0.00134736443356,20,9,2,20,0.000223902175951,2.23902175951e-06,0.000223902175951,0.00157589989743,0.00326847735985,0.000358266318288,0.000223902175951,2.23902175951e-06,0.000223902175951,0.187325177293,0.619249207205,0.187322885179
302,0.184218626477,0.0982930128945,0.0035697103015,0.173561469628,0.056115695314,0.104785671569,0.0292565763042,0.0238514504843,0.0452392105772,0.105897177933,0.156937663514,0.0182737350031,20,9,2,20,0.000191477267512,1.91477267512e-06,0.000191477267512,0.0249900906313,0.00474525395599,0.000816115598711,0.000191477267512,1.91477267512e-06,0.000191477267512,0.182572116566,0.603536802021,0.182569882611
303,0.068363724586,0.0192844526726,0.0692451026053,0.0968552502335,0.235578926599,0.0014200615271,0.00455614159454,0.124575323397,0.0144577412755,0.250129327767,0.0176918557041,0.0978420920389,20,9,2,20,0.000240660903976,2.40660903976e-06,0.000240660903976,0.0101798735736,0.00125764973933,0.000641077796978,0.000240660903976,2.40660903976e-06,0.000240660903976,0.186016530899,0.614923156359,0.186014254798
304,0.0923561056592,0.127629771555,0.00675343183358,0.0355903197837,0.0545129920083,0.0212193535512,0.0862588002354,0.00425864526382,0.108209889425,0.11967776025,0.122127196743,0.221405733692,20,9,2,20,5.52208718769e-05,5.52208718769e-07,5.52208718769e-05,0.00269753383958,0.00141731773391,0.00011729705225,5.52208718769e-05,5.52208718769e-07,5.52208718769e-05,0.187635896654,0.620276366077,0.187633600738
305,0.0111944805926,0.0438172699986,0.0729594920499,0.0263559488328,0.180886102305,0.128595932419,0.014378493268,0.0307611480566,0.237560707032,0.0669588042718,0.096082570392,0.090449050782,20,9,2,20,0.000334847986753,3.34847986753e-06,0.000334847986753,0.015485887223,0.00310978003031,0.00162060767751,0.000334847986753,3.34847986753e-06,0.000334847986753,0.184411416809,0.609617059004,0.184409160349
306,0.0310190848944,0.057495185807,0.0145490181931,0.0804206199136,0.0393396399945,0.242176963365,0.0661977756741,0.210789408266,0.183208337916,0.0477057052952,0.0187057069007,0.0083925537805,20,9,2,20,0.00152982090929,1.52982090929e-05,0.00152982090929,0.0872903332406,0.0293860851749,0.00549755673003,0.00152982090929,1.52982090929e-05,0.00152982090929,0.164289502897,0.543099149253,0.164287492649
307,0.0746339875077,0.0614756847138,0.0188233081578,0.215714771318,0.236764700756,0.00397192443168,0.094784650424,0.0573201111916,0.0306165073388,0.174421383565,0.0174072024543,0.014065768141,20,9,2,20,0.000217477157224,2.17477157224e-06,0.000217477157224,0.000658969602724,0.00068218957844,0.000622072977992,0.000217477157224,2.17477157224e-06,0.000217477157224,0.187940594679,0.621283619953,0.187938295036
308,0.0256964799888,0.0218961586172,0.0835213182214,0.0984310949097,0.0436682524776,0.00745340220004,0.0851423695151,0.117431445236,0.26387365959,0.169409902084,0.0631547655687,0.0203211515908,20,9,2,20,0.000158706574923,1.58706574923e-06,0.000158706574923,0.000750415472401,0.00129097490537,0.000181960963168,0.000158706574923,1.58706574923e-06,0.000158706574923,0.187936097385,0.621268753046,0.187933797797
309,0.197250235755,0.043051246856,0.0470678404809,0.121705333929,0.146693598462,0.0572378672533,0.00151044642467,0.221831384608,0.0671130896398,0.0384507056626,0.0308505073286,0.0272377435992,20,9,2,20,0.00106351886743,1.06351886743e-05,0.00106351886743,0.0670026491727,0.0208325625244,0.00314487126027,0.00106351886743,1.06351886743e-05,0.00106351886743,0.170522087518,0.56370248267,0.170520001008
310,0.0622414226634,0.131431621831,0.0598783973408,0.0111666944454,0.0125078518293,0.328450813799,0.0460248054345,0.0970514489946,0.0713352739587,0.105061476104,0.00940666150665,0.0654435320921,20,9,2,20,0.000239698829868,2.39698829868e-06,0.000239698829868,0.0278590406042,0.0105105974855,0.000917603872304,0.000239698829868,2.39698829868e-06,0.000239698829868,0.18088910059,0.597973180922,0.180886887229
311,0.00757101164499,0.0652919247237,0.110560058894,0.00578050855304,0.0916916605276,0.273277029436,0.0843054239358,0.177376548229,0.0335219052877,0.0688121872091,0.0600668861689,0.0217448553903,20,9,2,20,0.000485916148411,4.85916148411e-06,0.000485916148411,0.0268592008381,0.00636053290995,0.00218953333571,0.000485916148411,4.85916148411e-06,0.000485916148411,0.181433451684,0.599772666653,0.181431231662
312,0.00609973073349,0.0964492510569,0.126346535152,0.0177143662861,0.0738818151359,0.351109815576,0.0546410675373,0.00656923362483,0.00784919481616,0.0191905413007,0.212626491561,0.0275219572194,20,9,2,20,0.000126674028568,1.26674028568e-06,0.000126674028568,0.00157997412293,0.00231128936377,0.00097904860253,0.000126674028568,1.26674028568e-06,0.000126674028568,0.187461480555,0.619699790987,0.187459186774
313,0.151999628353,0.292441203438,0.00862660992289,0.0224758667657,0.0044476372078,0.00486879435546,0.00507645750327,0.0136041154045,0.113683067445,0.0578914599174,0.0376233513561,0.287261808331,20,9,2,20,7.04087696005e-05,7.04087696005e-07,7.04087696005e-05,0.00456139045413,0.00109147360777,0.000241007063516,7.04087696005e-05,7.04087696005e-07,7.04087696005e-05,0.187311195424,0.619202986716,0.187308903481
314,0.117269863211,0.0886737961739,0.124417960132,0.00602726290026,0.10635432196,0.109079584712,0.0294466903124,0.0143028595692,0.325229845792,0.00636675716044,0.0521182775118,0.0207127805662,20,9,2,20,0.00266302702227,2.66302702227e-05,0.00266302702227,0.117154862675,0.00906161953428,0.00796457481958,0.00266302702227,2.66302702227e-05,0.00266302702227,0.161167865941,0.532779814511,0.161165893889
315,0.0461629988438,0.0557611499689,0.0900131600524,0.00351185940472,0.189715407838,0.234763002996,0.0161383768026,0.0175815659904,0.120264388154,0.17002637668,0.0237566520086,0.0323050612598,20,9,2,20,6.55803711116e-05,6.55803711116e-07,6.55803711116e-05,0.000344152552174,0.00341723601353,0.000105248223783,6.55803711116e-05,6.55803711116e-07,6.55803711116e-05,0.187696937547,0.620478151686,0.187694640885
316,0.0806369933135,0.0670773327231,0.00456414963328,0.00903347418237,0.158240483501,0.226678174303,0.0112595946094,0.00318526884383,0.209637441345,0.0703130778235,0.117491301023,0.0418827086992,20,9,2,20,0.000249777029243,2.49777029243e-06,0.000249777029243,0.00328098572375,0.00208923948299,0.00210847075353,0.000249777029243,2.49777029243e-06,0.000249777029243,0.1868765928,0.617766301407,0.186874306176
317,0.120010286416,0.0217414066484,0.166624594254,0.0159543805238,0.0719404267152,0.154506350448,0.125234938302,0.0216603407364,0.00384398355302,0.0610795652648,0.0534380736131,0.183965653526,20,9,2,20,0.00012563595868,1.2563595868e-06,0.00012563595868,0.00233435012402,0.00223489712998,0.000467027362321,0.00012563595868,1.2563595868e-06,0.00012563595868,0.187430987218,0.619598987802,0.18742869381
318,0.00312287823897,0.142711099188,0.0622417024103,0.0302622905774,0.3289019257,1.17780208071e-05,0.232180995971,0.0574957750005,0.0377922704529,0.0768933669427,0.0277251048497,0.000660812648511,20,9,2,20,9.83096350259e-06,9.83096350259e-08,9.83096350259e-06,2.33640290853e-05,0.000134050706472,4.14702389693e-06,9.83096350259e-06,9.83096350259e-08,9.83096350259e-06,0.188437492729,0.622926238034,0.188435187005
319,0.223922133345,0.156906528069,0.0650592572647,0.0173901153944,0.0565649917234,0.0120976010041,0.0542208950225,0.0325798975019,0.0656593755591,0.017447795081,0.0562101700821,0.241941239954,20,9,2,20,0.000203396435603,2.03396435603e-06,0.000203396435603,0.00563330947544,0.00181215875093,0.000783566433678,0.000203396435603,2.03396435603e-06,0.000203396435603,0.186770313654,0.617414969685,0.18676802833
320,0.160275668591,0.0664896693869,0.160001437105,0.0130106233468,0.0821738901577,0.14166624813,0.0331597787832,0.0964251731414,0.131427308066,0.0745220172552,0.0109564381695,0.029891747868,20,9,2,20,0.000588153937638,5.88153937638e-06,0.000588153937638,0.0767238114691,0.00476605610085,0.00922731036023,0.000588153937638,5.88153937638e-06,0.000588153937638,0.170931800848,0.565056923142,0.17092971925
321,0.0611593897579,0.110549272633,0.155120839514,0.0289533170269,0.222915782531,0.0055654347144,0.0721629029698,0.0823094620971,0.0194807411772,0.0352007987598,0.118108909569,0.0884731492499,20,9,2,20,6.50522546934e-06,6.50522546934e-08,6.50522546934e-06,9.87752357657e-06,7.99451776645e-05,3.64695160403e-06,6.50522546934e-06,6.50522546934e-08,6.50522546934e-06,0.188452846231,0.622976992791,0.188450540319
322,0.0166027980229,0.118579764361,0.218309565513,0.0575212270193,0.0630347823958,0.0589665214064,0.0428648134709,0.0807955411038,0.208479506636,0.045558597937,0.00699855149077,0.0822883306427,20,9,2,20,0.00132398440744,1.32398440744e-05,0.00132398440744,0.0294517595012,0.00581615523585,0.00579185488244,0.00132398440744,1.32398440744e-05,0.00132398440744,0.179733490927,0.594153030431,0.179731291705
323,0.0673845230449,0.0728178611578,0.0178458339945,0.0673832289676,0.219996626388,0.00918460470279,0.115565187073,0.0452692114007,0.137020362402,0.00724830550737,0.227808711735,0.0124755436262,20,9,2,20,0.000251669458919,2.51669458919e-06,0.000251669458919,0.00495292317064,0.00312289862041,0.00068053599185,0.000251669458919,2.51669458919e-06,0.000251669458919,0.186634351148,0.616965512356,0.186632067488
324,0.00284829583374,0.0657300720809,0.0353245767788,0.0255863619312,0.101570693648,0.101561075588,0.0038894373332,0.0287120393552,0.0419842042792,0.31925768448,0.22213495743,0.0514006012616,20,9,2,20,5.79117036189e-05,5.79117036189e-07,5.79117036189e-05,0.00227401823225,0.000568914356518,0.000208166594551,5.79117036189e-05,5.79117036189e-07,5.79117036189e-05,0.187856456645,0.621005481093,0.187854158031
325,0.00689461430173,0.277012710347,0.0675544968937,0.0159206308818,0.064200935882,0.192411428442,0.0514536713117,0.0627450091848,0.0230305266045,0.0788629227745,0.0454449137336,0.114468139643,20,9,2,20,0.000242354538283,2.42354538283e-06,0.000242354538283,0.0417661823945,0.00598976788718,0.000511453042596,0.000242354538283,2.42354538283e-06,0.000242354538283,0.179194542928,0.592371430713,0.179192357791
326,0.048537182181,0.0819866434795,0.193172600894,0.0109449806173,0.0281528400074,0.0401424722654,0.0236868758788,0.298877646996,0.139554509244,0.00200817709299,0.0391559264871,0.093780144856,20,9,2,20,0.000627760202972,6.27760202972e-06,0.000627760202972,0.00211142920112,0.0017766876105,0.00295623166069,0.000627760202972,6.27760202972e-06,0.000627760202972,0.186709764774,0.617214810548,0.186707480191
327,0.081663817533,0.000429641367639,0.00552357335311,0.034776914738,0.0449714953238,0.0215591761411,0.173701956772,0.172968909594,0.000952541169257,0.175560115962,0.103137602164,0.184754255883,20,9,2,20,7.77195963614e-05,7.77195963614e-07,7.77195963614e-05,0.00231122548645,0.00119992895192,0.000193504326014,7.77195963614e-05,7.77195963614e-07,7.77195963614e-05,0.187718268879,0.620548667623,0.187715971956
328,0.0115034712861,0.0603980512065,0.0315851094205,0.19531522775,0.220759080455,0.247719543281,0.0488993973979,0.017438211186,0.0257853405261,0.0162471802174,0.0564657901377,0.0678835971356,20,9,2,20,0.000390979197115,3.90979197115e-06,0.000390979197115,0.0122111918358,0.0114494681845,0.00230087598558,0.000390979197115,3.90979197115e-06,0.000390979197115,0.183286047483,0.605896875347,0.183283804792
329,0.0704393171324,0.0411906752922,0.124126983289,0.0455957548985,0.0161938625202,0.0351191434896,0.105345587577,0.138131889764,0.128327938861,0.0126354706666,0.0839104426437,0.198982933866,20,9,2,20,0.000118118824725,1.18118824725e-06,0.000118118824725,0.0093261328871,0.00217500235131,0.000229354750536,0.000118118824725,1.18118824725e-06,0.000118118824725,0.18617498695,0.615446975344,0.186172710042
330,0.0714294787074,0.0672182039867,0.192045712652,0.174034553143,0.0116767371138,0.188475173906,0.0536343793878,0.0711651771118,0.00308331916504,0.0715653904501,0.0939691458312,0.00170272854631,20,9,2,20,0.000254454708135,2.54454708135e-06,0.000254454708135,0.00193210465263,0.000788917596847,0.00524979959535,0.000254454708135,2.54454708135e-06,0.000254454708135,0.186780295039,0.617447965597,0.186778009593
331,0.0305415692639,0.121547664864,0.23366748558,0.0355624306714,0.0871236143809,0.0935073638367,0.0380467889313,0.112665609275,0.0905402051949,0.0159784524572,0.0348056471601,0.106013168385,20,9,2,20,0.000621762650346,6.21762650346e-06,0.000621762650346,0.0108209331563,0.00617508181586,0.0021026356246,0.000621762650346,6.21762650346e-06,0.000621762650346,0.184404674552,0.609594770823,0.184402418174
332,0.0070243271637,0.153968506942,0.0405398234052,0.0436486986307,0.161470074896,0.0123535949774,0.139776100225,0.10254161303,0.0144422135267,0.0919753606047,0.191426524366,0.0408331622317,20,9,2,20,0.000116476948279,1.16476948279e-06,0.000116476948279,0.0136498817281,0.00159751678177,0.000269249876258,0.000116476948279,1.16476948279e-06,0.000116476948279,0.185462632826,0.613092116281,0.185460365175
333,0.230131783927,0.0427569885918,0.0112368874531,0.0969361419191,0.00297474548003,0.0361925636581,0.0699183631321,0.129373165229,0.132307356063,0.150060422062,0.0908724983963,0.00723908408925,20,9,2,20,0.000121932807426,1.21932807426e-06,0.000121932807426,0.00151656939464,0.00147929198534,0.00160647910788,0.000121932807426,1.21932807426e-06,0.000121932807426,0.187515578893,0.619878626282,0.18751328445
334,0.00571078937058,0.0486009249155,0.118027264415,0.0891541733925,0.00530594031208,0.131686843019,0.0404754164985,0.0043971023898,0.0842193211293,0.177049294485,0.101395693676,0.193977236397,20,9,2,20,4.17239121364e-05,4.17239121364e-07,4.17239121364e-05,0.000263037787461,0.000489400888285,8.93243652281e-05,4.17239121364e-05,4.17239121364e-07,4.17239121364e-05,0.188285127161,0.62242255637,0.188282823302
335,0.129327132383,0.0636118512063,0.0102102054465,0.0742171979618,0.0221893870845,0.131824575905,0.0424274498866,0.0309511418167,0.111059300408,0.00420515845837,0.0684702852591,0.311506314184,20,9,2,20,7.15119743518e-05,7.15119743518e-07,7.15119743518e-05,0.0051540727362,0.00296993448935,0.000397691652874,7.15119743518e-05,7.15119743518e-07,7.15119743518e-05,0.186815078692,0.617562951472,0.18681279282
336,0.00354115222594,0.125378090441,0.114526846875,0.159649595002,0.153238677456,0.022435949098,0.0216625927642,0.0266600508759,0.20652140243,0.0186372478091,0.107363668711,0.0403847263116,20,9,2,20,0.000541638968264,5.41638968264e-06,0.000541638968264,0.0330133028342,0.00953605710445,0.000561516776243,0.000541638968264,5.41638968264e-06,0.000541638968264,0.179939668223,0.594834599931,0.179937466479
337,0.100860529082,0.0872272330279,0.0351241968991,0.0588664841211,0.0387206040486,0.0703671848821,0.230390901912,0.0326452197694,0.0105172940628,0.0465011814659,0.279610287258,0.00916888347037,20,9,2,20,9.77301186414e-05,9.77301186414e-07,9.77301186414e-05,0.00302435050662,0.00157430033947,0.000950156601515,9.77301186414e-05,9.77301186414e-07,9.77301186414e-05,0.18735553084,0.619349548281,0.187353238355
338,0.0436099472745,0.0474140767699,0.176547266467,0.0635020779526,0.0709144504729,0.120423074061,0.0497820776226,0.155416717049,0.0562983794378,0.0957863426022,0.0185482808428,0.101757309447,20,9,2,20,0.000354002147168,3.54002147168e-06,0.000354002147168,0.0293736828052,0.00528450796721,0.00243492691383,0.000354002147168,3.54002147168e-06,0.000354002147168,0.181216034706,0.599053941633,0.181213817344
339,0.104831581652,0.061620087564,0.0337671037414,0.0478207845745,0.0885550072867,0.0895540792296,0.0370593599736,0.0307353794347,0.0829608567126,0.0338621662264,0.129276653686,0.259956939919,20,9,2,20,6.79968231471e-05,6.79968231471e-07,6.79968231471e-05,0.00329037108743,0.0014008198923,0.000404605118072,6.79968231471e-05,6.79968231471e-07,6.79968231471e-05,0.187463440389,0.6197062697,0.187461146584
340,0.00723271047213,0.0530128686989,0.0693797285431,0.04050219656,0.00112250061142,0.0141024428208,0.0592856303771,0.174982931629,0.552424803403,0.000708054182508,0.0264511352344,0.000794997467934,20,9,2,20,0.00652346621112,6.52346621112e-05,0.00652346621112,0.233030285149,0.0747439667477,0.0293031174904,0.00652346621112,6.52346621112e-05,0.00652346621112,0.120001960869,0.396695843052,0.120000492523
341,0.000775411181205,0.128809226571,0.229491855774,0.132773736941,0.0689447291033,0.0222325156565,0.194005097516,0.00544959876942,0.0111596970885,0.0375362917459,0.00478976346013,0.164032076193,20,9,2,20,0.000315629478186,3.15629478186e-06,0.000315629478186,0.0447944695114,0.00524484846006,0.00267311876785,0.000315629478186,3.15629478186e-06,0.000315629478186,0.178301245982,0.589418415951,0.178299070825
342,0.00346523800888,0.0520373435983,0.341086539428,0.101841318187,0.0357174641002,0.0577405495721,0.183782934575,0.121575447418,0.0151345766959,0.0451484948314,0.038276940235,0.00419315334984,20,9,2,20,0.00147952661823,1.47952661823e-05,0.00147952661823,0.0584960081787,0.0145230006428,0.0026043665107,0.00147952661823,1.47952661823e-05,0.00147952661823,0.173101251964,0.572228541803,0.173099133895
343,0.0982489764368,0.0323928729784,0.00470872785365,0.0436373553825,0.0181079398082,0.102462806758,0.274073584806,0.0297576513899,0.0956678333895,0.206722044279,0.023314880477,0.070905326441,20,9,2,20,5.45097502038e-05,5.45097502038e-07,5.45097502038e-05,0.00135642611134,0.00222885171563,8.92258937007e-05,5.45097502038e-05,5.45097502038e-07,5.45097502038e-05,0.187741537792,0.620625588708,0.187739240584
344,0.000599807870056,0.114419773826,0.144669396052,0.0189947364846,0.070685298336,0.184072011568,0.192144158871,0.108596534327,0.0626382576468,0.102376729941,0.000766665249141,3.6629828205e-05,20,9,2,20,0.000743129083711,7.43129083711e-06,0.000743129083711,0.0920051231836,0.0189079009938,0.00261292069129,0.000743129083711,7.43129083711e-06,0.000743129083711,0.166515497433,0.550457718834,0.166513459947
345,0.00716176379042,0.0598842956793,0.0557821413748,0.0855927574283,0.00913617794012,0.12229391314,0.0411330844764,0.0268996921307,0.311943545597,0.00839743253411,0.13649288031,0.135282315598,20,9,2,20,0.000208579353882,2.08579353882e-06,0.000208579353882,0.00984570928554,0.00391198187828,0.000463573851131,0.000208579353882,2.08579353882e-06,0.000208579353882,0.185636998743,0.613668519954,0.185634727286
346,0.201561264666,0.0139680242893,0.0345374339916,0.0360575135877,0.0416918928491,0.0910735865874,0.137342997827,0.0915923894407,0.249508431612,0.0882332948268,0.0115091443944,0.00292402592785,20,9,2,20,0.00122576125816,1.22576125816e-05,0.00122576125816,0.0533494221546,0.00979308138213,0.0068632276803,0.00122576125816,1.22576125816e-05,0.00122576125816,0.174352310313,0.576364221276,0.174350176936
347,0.00310250279599,0.0164083255727,0.150360687735,0.116341300808,0.178942306216,0.00487562871814,0.0407395673229,0.0878467509601,0.143746521894,0.105599085816,0.135842470785,0.0161948513777,20,9,2,20,0.000181927337613,1.81927337613e-06,0.000181927337613,0.00286749678639,0.00238986234268,0.000604672242618,0.000181927337613,1.81927337613e-06,0.000181927337613,0.18723270204,0.618943507632,0.187230411059
348,0.0853896601426,0.0645840971563,0.00657752429971,0.203843493969,0.141586463235,0.0139147968661,0.0496077494359,0.182827670801,0.0573059904358,0.143989541144,0.0064498415165,0.0439231709976,20,9,2,20,0.000296270921688,2.96270921688e-06,0.000296270921688,0.0625039131291,0.00483193147489,0.00133596042893,0.000296270921688,2.96270921688e-06,0.000296270921688,0.175307963952,0.579523394941,0.17530582697
349,0.0608897998897,0.0353207544107,0.102211165077,0.0192590779732,0.0664762274656,0.0175653006298,0.0021430292699,0.0149834490656,0.0620139702435,0.240722093609,0.238537498018,0.139877634349,20,9,2,20,2.6724004868e-05,2.6724004868e-07,2.6724004868e-05,0.00234856973954,0.000505336644059,0.000104333647586,2.6724004868e-05,2.6724004868e-07,2.6724004868e-05,0.187897588327,0.621141451933,0.18789528921
350,0.0754026138371,0.054078683467,0.0435708170985,0.129337316441,0.267726235914,0.0899343523213,0.029083576087,0.0756248058823,0.118999613555,0.0322027497504,0.0328419171551,0.051197318491,20,9,2,20,0.000848987557272,8.48987557272e-06,0.000848987557272,0.0252058422294,0.0137742988409,0.0025985040957,0.000848987557272,8.48987557272e-06,0.000848987557272,0.179995587029,0.595019453225,0.1799933846
351,0.0258395802974,0.110954160333,0.0342697668114,0.0336940733351,0.123731384641,0.0771822709862,0.101494541013,0.00458950070777,0.0769057958667,0.360421964915,0.046166743551,0.00475021754296,20,9,2,20,0.000100842476322,1.00842476322e-06,0.000100842476322,0.00671074491843,0.00046720321477,0.000510192446784,0.000100842476322,1.00842476322e-06,0.000100842476322,0.186949960081,0.618008838836,0.186947673748
352,0.169474695708,0.032178480505,0.053543221213,0.0987642939828,0.146775918452,0.184329976921,0.0217649800324,0.0975415737933,0.0292236638025,0.0213720165381,0.141300688502,0.00373049054944,20,9,2,20,0.000856097503734,8.56097503734e-06,0.000856097503734,0.0218617720923,0.00381843879836,0.00385168166524,0.000856097503734,8.56097503734e-06,0.000856097503734,0.182260716446,0.602507392732,0.182258486301
353,0.0189040318827,0.045745263772,0.0157206356537,0.0113825230357,0.0354133921835,0.116627981098,0.112726074271,0.0191733170594,0.0774267263493,0.270307532603,0.160963845601,0.11560867649,20,9,2,20,5.27410081625e-05,5.27410081625e-07,5.27410081625e-05,0.00099746178335,0.000551576685701,8.02074034573e-05,5.27410081625e-05,5.27410081625e-07,5.27410081625e-05,0.188128358691,0.621904319834,0.18812605675
354,0.0572586625271,0.197027771152,0.0263510853031,0.0759007270984,0.189119343395,0.225143854231,0.023618327659,0.0585049178027,0.0333293298946,0.0972206247253,0.000487823246563,0.0160375329645,20,9,2,20,0.00106126037558,1.06126037558e-05,0.00106126037558,0.0229122666035,0.0141613495954,0.00308039502823,0.00106126037558,1.06126037558e-05,0.00106126037558,0.180103262494,0.595375400821,0.180101058748
355,0.0517035672035,0.0863280119888,0.122120973149,0.0433252437824,0.299758334514,0.0210372066715,0.0177101201634,0.131153859822,0.0270365831259,0.00280919396039,0.134650946215,0.0623659594048,20,9,2,20,0.000292858387637,2.92858387637e-06,0.000292858387637,0.0167094426554,0.00572476214726,0.00253208216476,0.000292858387637,2.92858387637e-06,0.000292858387637,0.183547970734,0.606762726741,0.183545724839
356,0.0167652945259,0.0531021688098,0.0517025561112,0.0522104805145,0.0741300190509,0.116631972855,0.28779190784,0.0338663392285,0.0334501854545,0.177983921113,0.0815617461331,0.020803408364,20,9,2,20,0.000282358277554,2.82358277554e-06,0.000282358277554,0.0152038879853,0.00462032167462,0.000399789524476,0.000282358277554,2.82358277554e-06,0.000282358277554,0.184449730912,0.609743715645,0.184447473983
357,0.0342207615493,0.00116961374797,0.0188684121032,0.240369366191,0.211200194339,0.20280766152,0.0539210519428,0.0530120804978,0.0336886479962,0.11387903985,0.0201456864351,0.0167174838276,20,9,2,20,0.000616611916192,6.16611916192e-06,0.000616611916192,0.018969743886,0.00776171360918,0.00647575395545,0.000616611916192,6.16611916192e-06,0.000616611916192,0.18174946058,0.600817311375,0.181747236691
358,0.15324805522,0.0324065001986,0.0349335684857,0.0737224828764,0.116713017486,0.0714805520209,0.169965972174,0.0960590667864,0.0394148285463,0.0695905702772,0.00464390163658,0.137821484291,20,9,2,20,0.000229562262695,2.29562262695e-06,0.000229562262695,0.035438135353,0.00440310045735,0.00270580184601,0.000229562262695,2.29562262695e-06,0.000229562262695,0.180282389503,0.595967548978,0.180280183566
359,0.352518324948,0.114176695399,0.0382939072663,0.000241896551767,0.138765171642,0.0734259432024,0.086885302948,0.00424405625078,0.0674810013118,0.035270685049,0.0315955194212,0.0571014960105,20,9,2,20,0.00105901496461,1.05901496461e-05,0.00105901496461,0.0110289386763,0.00583648239093,0.00467388933236,0.00105901496461,1.05901496461e-05,0.00105901496461,0.183613376808,0.606978942522,0.183611130113
360,0.0635316567715,0.186262762853,0.0595622312116,0.0827616517058,0.0963049057718,0.0622086923042,0.0123849864092,0.176728102608,0.060091926561,0.000934528263324,0.109211465587,0.0900170899525,20,9,2,20,1.19119508069e-05,1.19119508069e-07,1.19119508069e-05,9.73418038388e-06,0.00033977308726,7.76544244161e-06,1.19119508069e-05,1.19119508069e-07,1.19119508069e-05,0.188399029327,0.622799087847,0.188396724074
361,0.00687529071382,0.0331374382008,0.0129434171909,0.00527520591515,0.089316153184,0.0438066581891,0.126121288537,0.230638457479,0.032616860755,0.011425191515,0.0389123556408,0.36893168268,20,9,2,20,8.56207382105e-07,8.56207382105e-09,8.56207382105e-07,2.94904907706e-06,5.82153255717e-06,1.19332808427e-06,8.56207382105e-07,8.56207382105e-09,8.56207382105e-07,0.188472865106,0.623043170081,0.18847055895
362,0.158165566234,0.0152371659185,0.0409496138686,0.00595352768206,0.00762216261667,0.253656576363,0.0155645996479,0.0952367217329,0.0350566342804,0.176594626595,0.154292418402,0.041670386659,20,9,2,20,0.00011074492299,1.1074492299e-06,0.00011074492299,0.00259555795701,0.00122408766317,0.000839822642402,0.00011074492299,1.1074492299e-06,0.00011074492299,0.18751328845,0.619871054662,0.187510994035
363,0.120972076497,0.0425981566195,0.09174364255,0.204609093369,0.0286595553356,0.115367291575,0.112220478636,0.0409455187276,0.0374910239146,0.0446680426848,0.132268301187,0.0284568189031,20,9,2,20,0.000300030662659,3.00030662659e-06,0.000300030662659,0.00810755866845,0.00549776032709,0.00104205606095,0.000300030662659,3.00030662659e-06,0.000300030662659,0.185487397474,0.613173976357,0.185485127848
364,0.00645120897472,0.0482544645698,0.119785875192,0.0421296973162,0.000567436322312,0.136441761768,0.180771238809,0.206019678273,0.213166398049,0.000511083653384,0.0250050700043,0.0208960870687,20,9,2,20,0.00398043983692,3.98043983692e-05,0.00398043983692,0.138027640623,0.0465843258635,0.00424977639778,0.00398043983692,3.98043983692e-05,0.00398043983692,0.149863736668,0.495411249368,0.149861902934
365,0.178264808908,0.0775465772897,0.0572887789913,0.111991014908,0.00469072687502,0.11132231705,0.120769778589,0.0651971664551,0.0202957250808,0.0365023070543,0.124079186243,0.0920516125546,20,9,2,20,4.87833131725e-05,4.87833131725e-07,4.87833131725e-05,0.000193940445045,0.0020832544232,0.000293286157409,4.87833131725e-05,4.87833131725e-07,4.87833131725e-05,0.187953957658,0.621327794547,0.187951657851
366,0.037844155639,0.118850744404,0.0324203104391,0.0273118672905,0.0305903456071,0.361924609181,0.050151421641,0.0340850758758,0.0255257236978,0.214507063636,0.0614865869979,0.00530209559069,20,9,2,20,0.000325534979762,3.25534979762e-06,0.000325534979762,0.0215162439647,0.00296465484602,0.00280686342037,0.000325534979762,3.25534979762e-06,0.000325534979762,0.183085671666,0.605234484057,0.183083431427
367,0.239835305173,0.0127305415167,0.0161331987882,0.05459306783,0.0275177015178,0.164934919624,0.0595041586038,0.0329985321136,0.0317222749818,0.29558635158,0.00546284250621,0.0589811057649,20,9,2,20,0.000145683954282,1.45683954282e-06,0.000145683954282,0.00207814758444,0.00057531082255,0.000789472726174,0.000145683954282,1.45683954282e-06,0.000145683954282,0.187716103469,0.62054150933,0.187713806572
368,0.143521442455,0.11791456516,0.0523122773225,0.0386570635168,0.172521450125,0.107741435952,0.0437998775278,0.0964878460738,0.05913573363,0.0391802583917,0.0917839947215,0.0369440551249,20,9,2,20,0.000497546549641,4.97546549641e-06,0.000497546549641,0.0175890618324,0.00598193562919,0.00144942935267,0.000497546549641,4.97546549641e-06,0.000497546549641,0.183382680406,0.606216319117,0.183380436533
369,0.0427945553604,0.119547395228,0.124291030909,0.0463243291327,0.140737839604,0.0502094139092,0.00646099192639,0.0364014714369,0.00525072569437,0.13433115279,0.235076857574,0.0585742364342,20,9,2,20,0.000182376623601,1.82376623601e-06,0.000182376623601,0.00825671286399,0.000713215483741,0.00114231631385,0.000182376623601,1.82376623601e-06,0.000182376623601,0.186431301014,0.616294280458,0.186429019839
370,0.00613750970618,0.0590975259551,0.113133448844,0.0717230298133,0.00998282601956,0.120850425438,0.11455255018,0.134753307925,0.0503239953145,0.0345216445369,0.178139365108,0.10678437116,20,9,2,20,0.000180266217369,1.80266217369e-06,0.000180266217369,0.00312306391086,0.0022670699163,0.000283944936404,0.000180266217369,1.80266217369e-06,0.000180266217369,0.187269385065,0.619064772344,0.187267093634
371,0.079551235457,0.0844220773269,0.188314999203,0.0606579363491,0.0423855590664,0.0533215448798,0.0656466302436,0.00843529567442,0.142242203647,0.0729303352157,0.101903787999,0.100188394938,20,9,2,20,0.000180797071373,1.80797071373e-06,0.000180797071373,0.00389162932534,0.00226608105829,0.000505992861674,0.000180797071373,1.80797071373e-06,0.000180797071373,0.18708246299,0.618446855691,0.187080173847
372,0.018012717934,0.0439723651069,0.183748796946,0.112918725071,0.109964004729,0.0198867009149,0.0668616995789,0.106954014737,0.00393456780755,0.120595290034,0.0171414026526,0.196009714488,20,9,2,20,0.000185306430699,1.85306430699e-06,0.000185306430699,0.00853681733598,0.00142032927685,0.00146534469267,0.000185306430699,1.85306430699e-06,0.000185306430699,0.186182131935,0.6154705911,0.186179853808
373,0.048146397184,0.0204434698649,0.0655864211503,0.0687082931981,0.0487876408372,0.188593064016,0.0901509246223,0.00776299859132,0.167248077226,0.200194683987,0.0725174404424,0.0218605888801,20,9,2,20,0.00017372020031,1.7372020031e-06,0.00017372020031,0.00179625318979,0.000918617755249,0.00136886454228,0.00017372020031,1.7372020031e-06,0.00017372020031,0.187574085364,0.620072033737,0.187571790206
374,0.159078068487,0.00345816075118,0.204286507223,0.0574062048261,0.0078595532532,0.0607688293635,0.0742046370069,0.0591814420685,0.191734122149,0.0370133778542,0.0823445811818,0.0626645158356,20,9,2,20,0.000536127881686,5.36127881686e-06,0.000536127881686,0.0211841313226,0.00442510922168,0.00462533474063,0.000536127881686,5.36127881686e-06,0.000536127881686,0.182370709771,0.60287100258,0.18236847828
375,0.0958156621745,0.0458505278152,0.13535061074,0.253536266137,0.0599516405612,0.0285835658569,0.00357470523238,0.036985876703,0.0901359123669,0.0484955556568,0.161112166262,0.0406075104941,20,9,2,20,0.000103294841543,1.03294841543e-06,0.000103294841543,0.000220482146627,0.000971486015108,7.51523947014e-05,0.000103294841543,1.03294841543e-06,0.000103294841543,0.188158307224,0.622003322039,0.188156004917
376,0.114573369282,0.00870911187109,0.0266334757076,0.0182891691054,0.167958921262,0.0466863887453,0.187868546962,0.085859557061,0.0386806748294,0.141820714125,0.147209676231,0.0157103948188,20,9,2,20,0.000124307677123,1.24307677123e-06,0.000124307677123,0.00114297049205,0.00143326573271,0.00015916603372,0.000124307677123,1.24307677123e-06,0.000124307677123,0.187865651438,0.621035876731,0.187863352711
377,0.180832777845,0.0532095605279,0.142547362147,0.00741720977536,0.0270590238485,0.0599939063964,0.0494646384097,0.0828916253727,0.0294722422201,0.0717195110936,0.164445951021,0.130946191343,20,9,2,20,6.6753535514e-05,6.6753535514e-07,6.6753535514e-05,0.00177300835651,0.00142433292678,0.000402133090708,6.6753535514e-05,6.6753535514e-07,6.6753535514e-05,0.187746402215,0.62064166925,0.187744104948
378,0.197586504257,0.0653331586062,0.0252781003889,0.0277294347761,0.142444132659,0.0120326802225,0.206392895813,0.24756028445,0.0145378364609,0.0308837348737,0.00517011321155,0.0250511242815,20,9,2,20,0.00291529824484,2.91529824484e-05,0.00291529824484,0.089782190078,0.0247326013645,0.00899420505354,0.00291529824484,2.91529824484e-05,0.00291529824484,0.162988148123,0.538797202638,0.162986153798
379,0.0722483482401,0.00763159704827,0.0577338200604,0.0945745008471,0.116381012025,0.197977741628,0.0706715605897,0.0129744101651,0.110430952493,0.0824856149348,0.0133724160109,0.163518025957,20,9,2,20,0.000132684996803,1.32684996803e-06,0.000132684996803,0.0148340044033,0.0068368505739,0.000681786728979,0.000132684996803,1.32684996803e-06,0.000132684996803,0.184161937294,0.608792343426,0.184159683886
380,0.0970043871949,0.139578785955,0.114330887456,0.0935413730983,0.0843095788251,0.00156948966077,0.323786491715,0.0107821888592,0.0647746718464,0.0149611121815,0.0227038029104,0.0326572302966,20,9,2,20,0.00209432427559,2.09432427559e-05,0.00209432427559,0.0120147946167,0.0183237491271,0.0078178045935,0.00209432427559,2.09432427559e-05,0.00209432427559,0.179697050154,0.594032566542,0.179694851379
381,0.0726506605803,0.133389566338,0.1336537292,0.0429472848996,0.0564364302899,0.00167565439665,0.0646661187589,0.108885041595,0.0128755003617,0.275382962319,0.0388064794125,0.0586305718488,20,9,2,20,0.00010554894776,1.0554894776e-06,0.00010554894776,0.00165070799709,0.00145408971487,0.000117124212454,0.00010554894776,1.0554894776e-06,0.00010554894776,0.1877881674,0.620779734285,0.187785869621
382,0.0661970170629,0.0737111103416,0.0322347560324,0.0478086901059,0.0469765501412,0.137842713395,0.179810725938,0.0213665919635,0.160401396244,0.110623699886,0.019993000187,0.103033748702,20,9,2,20,0.000285983755224,2.85983755224e-06,0.000285983755224,0.00289604713632,0.00206893790626,0.00115280706968,0.000285983755224,2.85983755224e-06,0.000285983755224,0.187105656897,0.618523528825,0.18710336747
383,0.0580206308185,0.0672996903069,0.0882753167488,0.194379511786,0.14698578371,0.177156852491,0.0363791577797,0.181673113046,0.00886759109608,0.022580144702,0.000840499680911,0.0175417078334,20,9,2,20,0.00568315173552,5.68315173552e-05,0.00568315173552,0.0233760748899,0.0301917820944,0.011999020376,0.00568315173552,5.68315173552e-05,0.00568315173552,0.171811689198,0.567965576556,0.171809586908
384,0.0069967350109,0.202482731978,0.073202900382,0.10746769882,0.068295674116,0.142545912145,0.00271925698929,0.108928738365,0.0613619834738,0.00971929351741,0.173631990094,0.0426470851093,20,9,2,20,0.00021689769768,2.1689769768e-06,0.00021689769768,0.0132181946309,0.00222433886369,0.00374304390001,0.00021689769768,2.1689769768e-06,0.00021689769768,0.184695045453,0.610554662885,0.184692785523
385,0.0182435025138,0.00124567435886,0.251687016765,0.144700463174,0.0424078689559,0.0688055039098,0.053474065226,0.0738988539087,0.0773100126643,0.00120400611816,0.201686985689,0.0653360467172,20,9,2,20,0.000228549729473,2.28549729473e-06,0.000228549729473,0.0223367867509,0.00315678663604,0.000995958180498,0.000228549729473,2.28549729473e-06,0.000228549729473,0.183309598544,0.605974740864,0.183307359112
386,0.150491144831,0.133664610119,0.0289603120663,0.132747449893,0.00931700950764,0.0137836376868,0.00757167198211,0.140852793646,0.0563977669232,0.0517471977883,0.146273405606,0.12819299995,20,9,2,20,1.28998037974e-06,1.28998037974e-08,1.28998037974e-06,3.90461369375e-06,1.23982802533e-05,5.4073171847e-07,1.28998037974e-06,1.28998037974e-08,1.28998037974e-06,0.188471239791,0.623037797207,0.188468933655
387,0.0935887234479,0.0654031988469,0.130103868921,0.0281214663782,0.0789373268437,0.116877721326,0.122392697528,0.0288740010981,0.100530548641,0.0738593663152,0.0119506926723,0.149360387981,20,9,2,20,5.32066188944e-05,5.32066188944e-07,5.32066188944e-05,2.93620494405e-05,0.00158242610015,1.8072917733e-05,5.32066188944e-05,5.32066188944e-07,5.32066188944e-05,0.188127889962,0.621902770336,0.188125588027
388,0.26609398469,0.0579960188971,0.0812120917067,0.00310094884109,0.00565385762393,0.257670635776,0.00376803406356,0.0726702147598,0.105298324877,0.0134833343853,0.0221727007347,0.110879853645,20,9,2,20,0.000399110148507,3.99110148507e-06,0.000399110148507,0.00372053604857,0.00604645483242,0.000580101270125,0.000399110148507,3.99110148507e-06,0.000399110148507,0.186222825319,0.615605113039,0.186220546694
389,0.0666918966019,0.199517203928,0.122822295534,0.293265401461,0.0301117980141,0.00934092109872,0.0135435075038,0.130044383055,0.104234584877,0.000349266989387,0.0263298702996,0.00374887063708,20,9,2,20,0.00429583364244,4.29583364244e-05,0.00429583364244,0.0234533910169,0.111099640428,0.00561552292184,0.00429583364244,4.29583364244e-05,0.00429583364244,0.158802239688,0.524959658121,0.158800296582
390,0.281047394155,0.0168094705372,0.0224960836458,0.00743129309176,0.143100615043,0.001584015427,0.0784751905967,0.0587930895006,0.0568059227938,0.0392281557926,0.190076367253,0.104152402164,20,9,2,20,6.86144987034e-05,6.86144987034e-07,6.86144987034e-05,0.00151623495101,0.00222636629758,9.08006674904e-05,6.86144987034e-05,6.86144987034e-07,6.86144987034e-05,0.187700902632,0.620491259245,0.187698605922
391,0.251697703809,0.111113768898,0.0706515253643,0.120135179188,0.0683210699908,0.090153515165,0.0514307142108,0.0395676700528,0.0645102304106,0.022235960295,0.0700032309849,0.0401794316311,20,9,2,20,0.000785949931996,7.85949931996e-06,0.000785949931996,0.0525629291776,0.0109640585848,0.00204790025199,0.000785949931996,7.85949931996e-06,0.000785949931996,0.175520647542,0.580226445848,0.175518499869
392,0.0305604799041,0.130899384196,0.0723881332901,0.158132539791,0.0618751604017,0.0987697634032,0.0703733044641,0.0325959783199,0.0630556964519,0.0933548229784,0.153077734217,0.0349170025823,20,9,2,20,0.000317798165384,3.17798165384e-06,0.000317798165384,0.0231635912247,0.00249089199397,0.000968695810403,0.000317798165384,3.17798165384e-06,0.000317798165384,0.183216791206,0.605667931778,0.183214549363
393,0.0161744855727,0.194930457776,0.0456791330095,0.0241232756829,0.0240181184802,0.348696812027,0.0239237414204,0.160973439689,0.00682607090336,0.0330842067207,0.11178044024,0.00978981847896,20,9,2,20,0.000647390334803,6.47390334803e-06,0.000647390334803,0.00390659246127,0.00261623119329,0.00169016364076,0.000647390334803,6.47390334803e-06,0.000647390334803,0.186436936852,0.616312911099,0.186434655607
394,0.107372866448,0.0654943308543,0.189999275203,0.0840784560425,0.0394552554432,0.202680629925,0.00960008419617,0.0409070683459,0.0414471289116,0.0289273301041,0.0469068293607,0.143130745165,20,9,2,20,0.000325583048888,3.25583048888e-06,0.000325583048888,0.0167173349475,0.00355640037532,0.00202309183812,0.000325583048888,3.25583048888e-06,0.000325583048888,0.184026303688,0.608343973355,0.18402405194
395,0.0218658966855,0.0576937439018,0.0972299941443,0.00661213021496,0.225213900689,0.0591309700982,0.020367007095,0.00749188958091,0.00197819099768,0.370691153308,0.0470645959475,0.0846605273367,20,9,2,20,6.51746179404e-05,6.51746179404e-07,6.51746179404e-05,0.00569664939464,0.00121983217076,0.000902457729174,6.51746179404e-05,6.51746179404e-07,6.51746179404e-05,0.186952333212,0.618016679869,0.18695004566
396,0.0723810768894,0.108373535376,0.000324588315057,0.00265293710603,0.10879406865,0.0567582772594,0.163752678638,0.0150658884257,0.115208600016,0.164527364813,0.0967955734623,0.0953654110499,20,9,2,20,3.98753446202e-05,3.98753446202e-07,3.98753446202e-05,0.000443152155992,0.00125667848661,0.000111200847432,3.98753446202e-05,3.98753446202e-07,3.98753446202e-05,0.188103844516,0.621823282233,0.188101542875
397,0.056785896698,0.0510356533397,0.313078375272,0.233246088126,0.0391685607809,7.29596581237e-05,0.0167732833787,0.0266086249738,0.0224440580136,0.18206327795,0.00953540242427,0.0491878193851,20,9,2,20,0.000387260856033,3.87260856033e-06,0.000387260856033,0.0107969463447,0.00419335533403,0.00171512485224,0.000387260856033,3.87260856033e-06,0.000387260856033,0.185033413622,0.611673221655,0.185031149551
398,0.0322688945372,0.174865478521,0.000690979301721,0.0756234245042,0.0260952031398,0.00848123704573,0.162959266303,0.0908126088946,0.0850635244282,0.113457847113,0.169141657241,0.0605398789701,20,9,2,20,0.000109988536845,1.09988536845e-06,0.000109988536845,0.00158071109964,0.00107982704978,0.000445036061395,0.000109988536845,1.09988536845e-06,0.000109988536845,0.187806732332,0.620841105212,0.187804434327
399,0.0640491985785,0.0702880521932,0.0745520259255,0.12238452814,0.07318421844,0.0177694583021,0.0946291506742,0.026769924944,0.0371301567338,0.176579258296,0.219153468797,0.0235105589761,20,9,2,20,7.39399516709e-05,7.39399516709e-07,7.39399516709e-05,0.000776384596478,0.000916507571666,0.000112534136383,7.39399516709e-05,7.39399516709e-07,7.39399516709e-05,0.188079091188,0.621741454051,0.18807678985
400,0.0147517467417,0.121611414342,0.0839409560965,0.209868130495,0.040154868953,0.00453214820885,0.000257766807399,0.0710964135312,0.0389536845008,0.196334010871,0.0319307215487,0.186568137905,20,9,2,20,0.000256248634999,2.56248634999e-06,0.000256248634999,0.00841772393262,0.000686478294363,0.00126706706914,0.000256248634999,2.56248634999e-06,0.000256248634999,0.186326510559,0.615947869967,0.186324230665
401,0.0759128968035,0.136346149226,0.0185217426301,0.0829585739012,0.0626175312551,0.0978307510824,0.0428671228312,0.00739575363557,0.0517546887319,0.139562748007,0.200700238981,0.0835318029147,20,9,2,20,0.00012516073812,1.2516073812e-06,0.00012516073812,0.0150412514435,0.00129642156982,0.000757829645983,0.00012516073812,1.2516073812e-06,0.00012516073812,0.185158479549,0.612086657677,0.185156213947
402,0.00696028201206,0.0928239076548,0.102836355437,0.0566387526436,0.0730086896112,0.0706298960324,0.199076356476,0.13695004836,0.00112102977674,0.0425710845412,0.0295092455654,0.187874351889,20,9,2,20,0.000104446431212,1.04446431212e-06,0.000104446431212,0.000794051951162,0.00114099530732,0.000945358227355,0.000104446431212,1.04446431212e-06,0.000104446431212,0.187853370189,0.620995278059,0.187851071613
403,0.00501973990553,0.179537948399,0.238285266202,0.0966328849193,0.161232647674,0.0540810319098,0.0582771236174,0.0641811843198,0.0191177513524,0.0521823290803,0.0475197757566,0.0239323168644,20,9,2,20,0.00131388214664,1.31388214664e-05,0.00131388214664,0.036899986567,0.010352472441,0.00168912114736,0.00131388214664,1.31388214664e-05,0.00131388214664,0.178255617789,0.589267559176,0.178253436651
404,0.0908188061217,0.0973684636143,0.0557858788011,0.0206999395135,0.255315373324,0.0483630486187,0.00900997370403,0.2002571819,0.0213523611618,0.05576156578,0.0925438960417,0.0527235114188,20,9,2,20,0.000143542372837,1.43542372837e-06,0.000143542372837,0.000469589514969,0.00263389912928,0.000101831542258,0.000143542372837,1.43542372837e-06,0.000143542372837,0.187762509899,0.62069491714,0.187760212435
405,0.0840488861799,0.106792551646,0.142227777236,0.125635842536,0.0220036750648,0.112212079494,0.0598845710202,0.0673362424609,0.163081305114,0.0143815124347,0.00908981209356,0.0933057447202,20,9,2,20,3.95186358959e-06,3.95186358959e-08,3.95186358959e-06,9.77093293198e-06,1.18241027432e-05,2.26580791444e-05,3.95186358959e-06,3.95186358959e-08,3.95186358959e-06,0.188464056945,0.623014052551,0.188461750897
406,0.0781764352739,0.00542951592858,0.18286621512,0.212403060215,0.104578009565,0.137478540789,0.00474375799648,0.144319551474,0.00121397726841,0.0273276723069,0.00776097567365,0.0937022883902,20,9,2,20,0.00049856181207,4.9856181207e-06,0.00049856181207,0.124775473108,0.00401142065418,0.00681331429869,0.00049856181207,4.9856181207e-06,0.00049856181207,0.162540343495,0.537316875209,0.162538354751
407,0.0950497395177,0.183876621617,0.124683265838,0.0489533643348,0.0173241256241,0.168635176849,0.0697465648309,0.0290259035949,0.121090638632,0.0290389642402,0.0146479098699,0.0979277250516,20,9,2,20,0.000691979079408,6.91979079408e-06,0.000691979079408,0.0684153279392,0.00611927352365,0.00446303317716,0.000691979079408,6.91979079408e-06,0.000691979079408,0.17306198911,0.57209874883,0.173059871521
408,0.0202113536263,0.0393112494489,0.0417718633708,0.235363620427,0.0515561801981,0.0258555024079,0.0433733921,0.113702450446,0.00349958163393,0.145788270398,0.195101653578,0.0844648823659,20,9,2,20,0.000157007425014,1.57007425014e-06,0.000157007425014,0.00778172498339,0.00211916507279,0.000986841831169,0.000157007425014,1.57007425014e-06,0.000157007425014,0.186304362264,0.615874653359,0.186302082641
409,0.108505677347,0.00402597954113,0.007250158912,0.00861468634701,0.122643773745,0.224106910679,0.0471033587147,0.0177160390973,0.0207868530247,0.289977000091,0.0445347575316,0.104734804969,20,9,2,20,0.000119918625618,1.19918625618e-06,0.000119918625618,0.00284417376195,0.00128849355264,0.000195264068091,0.000119918625618,1.19918625618e-06,0.000119918625618,0.187568824344,0.620054642148,0.18756652925
410,0.0739556989432,0.081581775921,0.00516057178081,0.00609284678681,0.119808488168,0.0474541717145,0.0828635799023,0.0143160889703,0.0318479781038,0.302480152994,0.169663777309,0.0647748694061,20,9,2,20,4.49394051908e-05,4.49394051908e-07,4.49394051908e-05,0.0016800756418,0.000369459675666,0.000302534822187,4.49394051908e-05,4.49394051908e-07,4.49394051908e-05,0.187998035153,0.621473503492,0.187995734806
411,0.0326618988638,0.115371912555,0.332176649977,0.0176441693311,0.100647414902,0.0123075964937,0.0668567902992,0.123691044856,0.0737462655753,0.0292830144625,0.015333339928,0.0802799027568,20,9,2,20,0.000682684463238,6.82684463238e-06,0.000682684463238,0.00920734396553,0.00610505182012,0.00514502889934,0.000682684463238,6.82684463238e-06,0.000682684463238,0.184102420378,0.608595595697,0.184100167698
412,0.345685362637,0.011863656367,0.134120693149,0.0695071484026,0.0146823589972,0.0137269476435,0.103529824785,0.0823787888519,0.00707934844575,0.0587681085461,0.12223197687,0.0364257853052,20,9,2,20,0.000108266348103,1.08266348103e-06,0.000108266348103,0.000670855164906,0.00296514829224,0.00013125851665,0.000108266348103,1.08266348103e-06,0.000108266348103,0.187683325324,0.620433153153,0.187681028829
413,0.0947733874316,0.0308927849986,0.125801845953,0.0127160556956,0.0262730096756,0.151129196185,0.295221456647,0.0205277281636,0.0234473872403,0.0316696451584,0.186840586382,0.000706916469327,20,9,2,20,0.000286603178516,2.86603178516e-06,0.000286603178516,0.00649907347583,0.00572923203561,0.000525394420241,0.000286603178516,2.86603178516e-06,0.000286603178516,0.185854482252,0.614387464905,0.185852208134
414,0.0688088908492,0.0264547354813,0.0467315714474,0.0841605168405,0.0118652848733,0.0100907764,0.378308883747,0.114014235385,0.0412109834096,0.0631020998738,0.131723943644,0.0235280780487,20,9,2,20,0.000257781293494,2.57781293494e-06,0.000257781293494,0.00186859530817,0.00151885685801,0.000927086173921,0.000257781293494,2.57781293494e-06,0.000257781293494,0.187466894047,0.619717686612,0.1874646002
415,0.0646507613508,0.117122069162,0.0281026928075,0.0734229502461,0.0806530988872,0.119589706165,0.0331123531225,0.0156140772134,0.137072014299,0.18456466712,0.0980697766823,0.0480258329446,20,9,2,20,0.000131651966033,1.31651966033e-06,0.000131651966033,0.0318128577122,0.00319051934335,0.000418236375857,0.000131651966033,1.31651966033e-06,0.000131651966033,0.181699536087,0.600652291423,0.181697318155
416,0.148883636975,0.0160218056026,0.104456365853,0.124052876273,0.118647455832,0.245567987715,0.0100288859081,0.0517955781665,0.130873095815,0.00224377668656,0.0294137341852,0.0180148009886,20,9,2,20,0.00281599311075,2.81599311075e-05,0.00281599311075,0.0354978785633,0.0462176765023,0.00574863793281,0.00281599311075,2.81599311075e-05,0.00281599311075,0.169856947212,0.561503698645,0.16985486884
417,0.175679858308,0.0461678161666,0.0929455029504,0.275474521929,0.00737432425781,0.0256630837292,0.100359543982,0.00338150239025,0.0942464689695,0.112018253694,0.0617860131334,0.00490311049047,20,9,2,20,0.000561171159365,5.61171159365e-06,0.000561171159365,0.0210978109401,0.00576704876369,0.00411512775347,0.000561171159365,5.61171159365e-06,0.000561171159365,0.182211243352,0.602343847317,0.182209013813
418,0.0337836492415,0.0370307924873,0.0216787873405,0.0741210751561,0.0165924425492,0.274449746972,0.0566647043317,0.175946824786,0.103975395491,0.04860806468,0.15376637041,0.00338214655547,20,9,2,20,0.000487219338738,4.87219338738e-06,0.000487219338738,0.0228508376328,0.00622043592762,0.00170591303028,0.000487219338738,4.87219338738e-06,0.000487219338738,0.18230549748,0.602655427399,0.182303266788
419,0.186781138238,0.0302433841452,0.00760699803408,0.0968359910902,0.14750671268,0.043509778332,0.0279595176379,0.132665691983,0.000347075287225,0.156734194722,0.0677321938797,0.102077323971,20,9,2,20,5.54850734083e-05,5.54850734083e-07,5.54850734083e-05,0.000536416237831,0.00152166756274,0.00012544000248,5.54850734083e-05,5.54850734083e-07,5.54850734083e-05,0.188021811842,0.621552103156,0.188019511205
420,0.311184162388,0.0284934602522,0.198002105337,0.0598052989984,0.0980698851149,0.0134080875076,0.0271981271165,0.0436612807656,0.0756600112506,0.116761678517,0.00273812778798,0.0250177749642,20,9,2,20,0.000557275157356,5.57275157356e-06,0.000557275157356,0.0107967343764,0.00767866084596,0.00238450389345,0.000557275157356,5.57275157356e-06,0.000557275157356,0.184121582855,0.608658941955,0.184119329941
421,0.0103102460684,0.0343254442249,0.108291471098,0.00720214543009,0.0144744847235,0.105368436017,0.0279202177316,0.0541004940583,0.0607109437158,0.383673803417,0.0989876298867,0.0946346836282,20,9,2,20,2.87140134971e-05,2.87140134971e-07,2.87140134971e-05,0.00107033935436,0.00063433711752,0.000125902365443,2.87140134971e-05,2.87140134971e-07,2.87140134971e-05,0.18810861694,0.621839058647,0.188106315241
422,0.0412402808526,0.0518513585112,0.013192501878,0.175252122451,0.0549368919976,0.293010900318,0.0396889375991,0.022497396386,0.0531777043364,0.084849400329,0.0892496996224,0.0810528057183,20,9,2,20,0.000262328395118,2.62328395118e-06,0.000262328395118,0.00461601144324,0.00289047946311,0.000310873959666,0.000262328395118,2.62328395118e-06,0.000262328395118,0.186803252238,0.617523856236,0.186800966511
423,0.0877030992938,0.0177548352607,0.210464760391,0.170561385117,0.0457232083896,0.0356345733848,0.0137588959448,0.00561500785363,0.217743084449,0.0219153354655,0.0338969037919,0.139228910657,20,9,2,20,0.000502475878314,5.02475878314e-06,0.000502475878314,0.0101939238504,0.00495688841119,0.000376271939255,0.000502475878314,5.02475878314e-06,0.000502475878314,0.185168207064,0.61211881436,0.185165941344
424,0.220734229788,0.0292531259276,0.0871852568387,0.0418391144918,0.0104414595471,0.159063854065,0.0827337546047,0.130297710517,0.0739640686695,0.0147511021854,0.101499065424,0.0482372579415,20,9,2,20,0.000875547083099,8.75547083099e-06,0.000875547083099,0.0255170098283,0.00711802479202,0.0011600181965,0.000875547083099,8.75547083099e-06,0.000875547083099,0.181442479262,0.599802509518,0.181440259129
425,0.0557935003933,0.0776520991729,0.0090663856562,0.168093130725,0.0963232236097,0.0497781976567,0.19431921975,0.184680906164,0.0168846483018,0.0416388555686,0.102074799214,0.0036950337886,20,9,2,20,0.000677822104519,6.77822104519e-06,0.000677822104519,0.023072107572,0.00529467476036,0.00868999185352,0.000677822104519,6.77822104519e-06,0.000677822104519,0.180977535546,0.598265524306,0.180975321102
426,0.0306327564731,0.0209903012026,0.197532589172,0.177306157968,0.103950802431,0.102042599334,0.0771743985161,0.0324476429926,0.0905867099279,0.107162931924,0.00160564100902,0.0585674690506,20,9,2,20,0.000609669915851,6.09669915851e-06,0.000609669915851,0.0495073471798,0.00697304928732,0.00119433013334,0.000609669915851,6.09669915851e-06,0.000609669915851,0.177143189606,0.585590180984,0.177141029748
427,0.140499146653,0.0622509239563,0.227533674434,0.122823199248,0.0466758370268,0.0541748175414,0.0361594608429,0.0261649688159,0.128651187499,0.148900990913,0.00495953620754,0.00120625686337,20,9,2,20,0.000488689218522,4.88689218522e-06,0.000488689218522,0.0384385953699,0.00829134140138,0.00670693670352,0.000488689218522,4.88689218522e-06,0.000488689218522,0.178033590432,0.588533593424,0.178031412011
428,0.0636497629409,0.0171587715031,0.00349672673016,0.103693108983,0.00146813276607,0.0108906769655,0.222897828128,0.204143016949,0.123931745438,0.0760461555082,0.0721912041665,0.100432869921,20,9,2,20,0.000360962778242,3.60962778242e-06,0.000360962778242,0.0311755771539,0.0021994575988,0.00163995370502,0.000360962778242,3.60962778242e-06,0.000360962778242,0.181602437057,0.600331289149,0.181600214968
429,0.114811810012,0.197992055029,0.082309042135,0.127388711921,0.102061952524,0.0213283824265,0.0395024012258,0.110944836069,0.0581656283364,0.0252984580579,0.0547639606341,0.0654327616287,20,9,2,20,0.00125869797576,1.25869797576e-05,0.00125869797576,0.0359788349248,0.00360269977975,0.00566930346929,0.00125869797576,1.25869797576e-05,0.00125869797576,0.17899304328,0.591705299565,0.178990853119
430,0.00346895628913,0.251051261764,0.00203434421662,0.172351055307,0.0191080840314,0.0240181660116,0.0684555462319,0.0312782053782,0.0242208648568,0.0513080282481,0.0918830911215,0.260822396544,20,9,2,20,5.98352755635e-05,5.98352755635e-07,5.98352755635e-05,0.000532160677519,0.000901262642509,0.000103240163172,5.98352755635e-05,5.98352755635e-07,5.98352755635e-05,0.188140433072,0.621944234654,0.188138130983
431,0.0775355955096,0.0820818617299,0.0813932238392,0.145517133396,0.11482125521,0.0345826952829,0.0287919105225,0.0274365003377,0.108597624107,0.0531107892358,0.175984264223,0.0701471466063,20,9,2,20,0.000181195005848,1.81195005848e-06,0.000181195005848,0.0191023145507,0.00151756938737,0.000904703298685,0.000181195005848,1.81195005848e-06,0.000181195005848,0.184281247856,0.609186764671,0.184278996313
432,0.114121509786,0.0448643850696,0.119666088128,0.137663695859,0.128267781974,0.0555836125417,0.0103677868416,0.108523089478,0.0280373261034,0.123439205334,0.112774816952,0.0166907019333,20,9,2,20,0.000244424673301,2.44424673301e-06,0.000244424673301,0.00982785613561,0.00330401679903,0.00245680030878,0.000244424673301,2.44424673301e-06,0.000244424673301,0.185352116979,0.612726773582,0.185349849009
433,0.17555203949,0.0308237430366,0.0319361642067,0.0443435994657,0.0913822547323,0.299573934641,0.0886811693069,0.0382472464031,0.0488829977188,0.0285383517838,0.0624866419923,0.0595518572235,20,9,2,20,0.000586035386844,5.86035386844e-06,0.000586035386844,0.0466469030423,0.00563580501179,0.000729756368922,0.000586035386844,5.86035386844e-06,0.000586035386844,0.178039820184,0.588554205864,0.178037647274
434,0.189597868028,0.0292576329774,0.0848812065521,0.0806260840914,0.0468189859013,0.0774864742537,0.0356594916052,0.230067404522,0.0653304272129,0.0533606048566,0.0930639850454,0.0138498349534,20,9,2,20,0.000369698650685,3.69698650685e-06,0.000369698650685,0.00254287409366,0.0025439513515,0.00190978031692,0.000369698650685,3.69698650685e-06,0.000369698650685,0.186876593795,0.617766304696,0.186874307171
435,0.134161172359,0.00484109313393,0.0423430195351,0.054521862755,0.10507327392,0.145246432831,0.00534408714468,0.0932855845122,0.116655169463,0.276767824635,0.0176917362468,0.00406874346499,20,9,2,20,0.000362093244187,3.62093244187e-06,0.000362093244187,0.0192147598185,0.00203639390558,0.00163733337516,0.000362093244187,3.62093244187e-06,0.000362093244187,0.18388712763,0.607883892844,0.183884877585
436,0.0306288038654,0.0685713786565,0.115829583302,0.110726241905,0.0980807147543,0.109535242988,0.0334672415709,0.0455941829003,0.0775913563226,0.152344420387,0.0507684671537,0.106862366193,20,9,2,20,9.11864953755e-05,9.11864953755e-07,9.11864953755e-05,0.000325712521772,0.000277344808007,0.00049942972038,9.11864953755e-05,9.11864953755e-07,9.11864953755e-05,0.188198510733,0.622136224573,0.188196207933
437,0.0665806278596,0.139132727703,0.0443998376053,0.0421304812806,0.230805701808,0.0870822772156,0.180840610927,0.0115233017915,0.00230667302837,0.0208993224902,0.14570812439,0.0285903139008,20,9,2,20,0.000550980013261,5.50980013261e-06,0.000550980013261,0.0252812049005,0.00491411222308,0.0011017451735,0.000550980013261,5.50980013261e-06,0.000550980013261,0.182159204084,0.602171818783,0.182156975182
438,0.0324033619624,0.108895151637,0.0617515821485,0.250179063975,0.0397208980918,0.0464459986302,0.241347561398,0.0847052682115,0.0357389508033,0.0105356572828,0.0327696331247,0.0555068727358,20,9,2,20,0.000992824548539,9.92824548539e-06,0.000992824548539,0.00918215489594,0.00689731165396,0.00879277891835,0.000992824548539,9.92824548539e-06,0.000992824548539,0.183035351129,0.605068137211,0.183033111506
439,0.0113566211222,0.269131952301,0.106383890699,0.110282651915,0.0484698183079,0.0479395004608,0.134437408681,0.0388429586795,0.0507729164862,0.018126466313,0.0465691983091,0.117686616726,20,9,2,20,0.000450357069314,4.50357069314e-06,0.000450357069314,0.00544854030071,0.00493167649727,0.000239605681868,0.000450357069314,4.50357069314e-06,0.000450357069314,0.186132594054,0.615306831515,0.186130316533
440,0.0851437300972,0.0311085002753,0.0703881649647,0.0868585161769,0.0161256712024,0.00599931730571,0.0300702168114,0.0465188700485,0.00813632458374,0.0603776633763,0.511035452887,0.0482375722706,20,9,2,20,3.76895334536e-05,3.76895334536e-07,3.76895334536e-05,0.00105682676723,0.000503090496555,0.000135296128127,3.76895334536e-05,3.76895334536e-07,3.76895334536e-05,0.188127329504,0.621900917605,0.188125027575
441,0.128745751578,0.0239656759594,0.0472036174915,0.0557055889118,0.155795519237,0.0930083039226,0.0919887846653,0.134639851391,0.0388275155028,0.172232281811,0.00993642068649,0.0479506888437,20,9,2,20,0.00028948964711,2.8948964711e-06,0.00028948964711,0.0338766205566,0.00624437858978,0.000575592469674,0.00028948964711,2.8948964711e-06,0.00028948964711,0.1805857478,0.596970374052,0.180583538151
442,0.0648430311596,0.235304343622,0.177173789447,0.00507721156053,0.0186932330431,0.146471663233,0.0819935092044,0.00680497616133,0.081725984273,0.0207701812361,0.044124983749,0.11701709331,20,9,2,20,0.000476825803043,4.76825803043e-06,0.000476825803043,0.00998237714719,0.00519231363423,0.00286521048169,0.000476825803043,4.76825803043e-06,0.000476825803043,0.184714037204,0.610617444764,0.184711777041
443,0.103829625963,0.1224879479,0.101869533499,0.116637360436,0.0591975279908,0.158152146764,0.0977228826765,0.0208772412235,0.157274181154,0.0109978603624,0.0108287233187,0.0401249687112,20,9,2,20,0.00169505304325,1.69505304325e-05,0.00169505304325,0.150260836551,0.0328615656066,0.00534697884907,0.00169505304325,1.69505304325e-05,0.00169505304325,0.151669258696,0.501379844195,0.151667402869
444,0.0263791322103,0.0101315729832,0.148591968766,0.0257304365058,0.211267083244,0.113044835619,0.115436294413,0.109933002761,0.0801581695419,0.0281206377491,0.0924509780787,0.0387558881286,20,9,2,20,0.000567463844789,5.67463844789e-06,0.000567463844789,0.00430324215008,0.0041751491518,0.00155734353054,0.000567463844789,5.67463844789e-06,0.000567463844789,0.186153951786,0.615377434722,0.186151674004
445,0.00867198004354,0.0611131466432,0.0775869570664,0.140709251661,0.0991934953617,0.12232133644,0.183540774967,0.0418206961023,0.0251557452264,0.203755737369,0.0178156838219,0.018315195297,20,9,2,20,0.000126299398308,1.26299398308e-06,0.000126299398308,0.000296124543429,0.000415731755232,0.000706027576111,0.000126299398308,1.26299398308e-06,0.000126299398308,0.188112462162,0.621851769967,0.188110160415
446,0.0557387962497,0.0137521420677,0.0499865904001,0.00340511148532,0.260407601016,0.0079519002098,0.0350602840915,0.0489306916691,0.131566871949,0.0478276375186,0.0215663530989,0.323806020244,20,9,2,20,4.31241417649e-05,4.31241417649e-07,4.31241417649e-05,0.00712990257406,0.00110909757643,0.000398836083105,4.31241417649e-05,4.31241417649e-07,4.31241417649e-05,0.186814697607,0.617561694518,0.186812412592
447,0.0349148757937,0.0684248341215,0.0205974970063,0.0565577403661,0.0733018674903,0.126356839706,0.0477500076727,0.301107884703,0.0106699599807,0.214020060802,0.0363054834435,0.00999294891351,20,9,2,20,0.000104909815216,1.04909815216e-06,0.000104909815216,0.000421236822473,0.00125778447189,0.000432113873662,0.000104909815216,1.04909815216e-06,0.000104909815216,0.187998007621,0.621473412479,0.187995707275
448,0.0215501875581,0.00379624114425,0.00425114894765,0.0410943786949,0.017797332771,0.34495843071,0.0667172146534,0.121142946121,0.0747438729434,0.011676659697,0.0835167869435,0.208754799816,20,9,2,20,0.000223771348864,2.23771348864e-06,0.000223771348864,0.00238169474654,0.00152434302491,0.000743876091863,0.000223771348864,2.23771348864e-06,0.000223771348864,0.187429452366,0.619593913972,0.187427158977
449,0.00515472568258,0.421758871895,0.193878283452,0.0773439272772,0.0804946803334,0.0298035262126,0.00804814159306,6.69562900634e-05,0.0420042235946,0.103633665318,0.032167687707,0.0056453106447,20,9,2,20,0.000619493402021,6.19493402021e-06,0.000619493402021,0.00492244264293,0.00505052506085,0.00201180024892,0.000619493402021,6.19493402021e-06,0.000619493402021,0.185747185714,0.614032769948,0.185744912909
450,0.0893541943402,0.0350522595787,0.144221815439,0.0320568237946,0.254596569056,0.285377402863,0.00354420171902,0.00799328678828,0.00567763679508,0.0338463820739,0.0582841949281,0.0499952326234,20,9,2,20,0.00044011768813,4.4011768813e-06,0.00044011768813,0.00173277338383,0.00473904036634,0.000738938567067,0.00044011768813,4.4011768813e-06,0.00044011768813,0.186782877971,0.617456504111,0.186780592494
451,0.00318560556095,0.0768982681185,0.0321913580022,0.0821798670358,0.180488322748,0.086128628844,0.221601885291,0.139419495326,0.0668442824519,0.0228399651153,0.00258907433125,0.0856332471748,20,9,2,20,0.00103451127017,1.03451127017e-05,0.00103451127017,0.0515516589729,0.00629625183696,0.00873856443619,0.00103451127017,1.03451127017e-05,0.00103451127017,0.175141660506,0.578973611472,0.17513951747
452,0.276968680873,0.0474040711688,0.0959744705704,0.0102426206717,0.0655649059624,0.074763414846,0.00452566635338,0.0208225222421,0.0915044032942,0.116192287904,0.0322421996015,0.163794756513,20,9,2,20,0.00015982463371,1.5982463371e-06,0.00015982463371,0.00444459335397,0.00298246023221,0.000294581152157,0.00015982463371,1.5982463371e-06,0.00015982463371,0.186898959145,0.61784023884,0.186896672249
453,0.0275598116736,0.080958364147,0.0550904467049,0.0991762467148,0.0339002256072,0.112738971865,0.0338108570397,0.351948512529,0.0364482220748,0.00624014062541,0.0819550407762,0.080173160242,20,9,2,20,0.000447058887608,4.47058887608e-06,0.000447058887608,0.011314351325,0.00669703745815,0.00334716656509,0.000447058887608,4.47058887608e-06,0.000447058887608,0.184111106106,0.608624308497,0.18410885332
454,0.264787967482,0.0792115183386,0.00904615226788,0.0518276795974,0.203298514549,0.0354132843319,0.00576233627217,0.0809298152028,0.111512327887,0.0186018108899,0.0301584633312,0.10945012985,20,9,2,20,0.000411563429224,4.11563429224e-06,0.000411563429224,0.00315072271028,0.00219451529426,0.00205879856791,0.000411563429224,4.11563429224e-06,0.000411563429224,0.186768083382,0.617407596975,0.186765798085
455,0.00866335932077,0.0553263970076,0.0623466018797,0.00024003685059,0.0459385481037,0.00898836233431,0.0883228887863,0.15354350786,0.00633968434301,0.462024589836,0.0395694009267,0.0686966227514,20,9,2,20,1.66406292734e-05,1.66406292734e-07,1.66406292734e-05,0.000141312786053,0.000117761269695,4.09359767009e-05,1.66406292734e-05,1.66406292734e-07,1.66406292734e-05,0.188406239149,0.62282292168,0.188403933808
456,0.0916467225541,0.0175895734391,0.0779992678537,0.00790084233344,0.156817636597,0.013237988598,0.144191471692,0.113715616401,0.110124616176,0.235232315099,0.0124076215755,0.0191363276815,20,9,2,20,0.000152277360466,1.52277360466e-06,0.000152277360466,0.00300461640711,0.00335448637759,0.000186335653411,0.000152277360466,1.52277360466e-06,0.000152277360466,0.187126361556,0.618591973142,0.187124071875
457,0.19562484322,0.0324031935486,0.0311707067932,0.204588770656,0.0291519005137,0.107157120417,0.0696385687208,0.0110048470715,0.0348774245396,0.0937240972328,0.117305172291,0.0733533549957,20,9,2,20,0.00023598624066,2.3598624066e-06,0.00023598624066,0.0195691398928,0.00290095984071,0.00245044027568,0.00023598624066,2.3598624066e-06,0.00023598624066,0.183599683291,0.606933675249,0.183597436763
458,0.0245142403635,0.054474706311,0.083979934128,0.0423050018666,0.0322449389353,0.101545103442,0.0368516148149,0.291906886769,0.0572134672937,0.0689095044131,0.132476935993,0.0735776656702,20,9,2,20,0.000263693062366,2.63693062366e-06,0.000263693062366,0.0240907547163,0.00377211079549,0.00111113701056,0.000263693062366,2.63693062366e-06,0.000263693062366,0.182814712698,0.604338762893,0.182812475775
459,0.0296623076132,0.145564200991,0.135382821582,0.122140430531,0.0486672590448,0.0584570931013,0.046813797147,0.114918718723,0.0595278295534,0.0842461681898,0.0320808141641,0.12253855936,20,9,2,20,0.000372320762731,3.72320762731e-06,0.000372320762731,0.0158696558376,0.00203991606339,0.00459543165574,0.000372320762731,3.72320762731e-06,0.000372320762731,0.183951655746,0.608097206319,0.183949404912
460,0.0910018497959,0.0991192082473,0.0180071497425,0.0607147900711,0.229838955719,0.0157455759746,0.180831697768,0.122263582221,0.00662857519355,0.0035285881314,0.0281687934969,0.144151233638,20,9,2,20,0.000635710516069,6.35710516069e-06,0.000635710516069,0.0216244245329,0.00655267492288,0.000965159929658,0.000635710516069,6.35710516069e-06,0.000635710516069,0.182501133556,0.603302150314,0.18249890047
461,0.236009626507,0.0484907671939,0.155315436734,0.221008197456,0.000546887560922,0.0219831819567,0.0178455905425,0.0571678707382,0.0640922259602,0.0358628842946,0.126877635151,0.0147996959048,20,9,2,20,0.000555614964766,5.55614964766e-06,0.000555614964766,0.0227184012888,0.00477424876756,0.00293263326521,0.000555614964766,5.55614964766e-06,0.000555614964766,0.1823200012,0.602703372991,0.18231777033
462,0.00857194069325,0.0480466195834,0.264882144771,0.128523129405,0.211931682322,0.00822988154827,0.0391690629562,0.0431723541626,0.0278874558771,0.0389789324207,0.106163551521,0.0744432447397,20,9,2,20,0.000270960522307,2.70960522307e-06,0.000270960522307,0.00979860974591,0.00537781141215,0.000452610456306,0.000270960522307,2.70960522307e-06,0.000270960522307,0.185324404974,0.612635164769,0.185322137343
463,0.136429420017,0.0952322181376,0.00784936768249,0.00464260785479,0.130278368404,0.132676826799,0.124058104146,0.0979239018402,0.0145073280863,0.141666146036,0.108824692884,0.00591101811278,20,9,2,20,0.000129340200992,1.29340200992e-06,0.000129340200992,0.00160256993888,0.00242955111239,0.000353431672751,0.000129340200992,1.29340200992e-06,0.000129340200992,0.187550825684,0.619995143174,0.18754853081
464,0.0176568331035,0.0466329974043,0.0821016138345,0.00221583658615,0.0597815324826,0.109680975763,0.111425152646,0.0882429219587,0.149832848114,0.0353536372895,0.101844370846,0.195231279971,20,9,2,20,0.000141531177132,1.41531177132e-06,0.000141531177132,0.00252984968533,0.000908185181562,0.00151174361661,0.000141531177132,1.41531177132e-06,0.000141531177132,0.187435246263,0.619613067118,0.187432952803
465,0.163829220548,0.00702859485823,0.0386460320344,0.000359858501369,0.134617128275,0.173796324165,0.112844281049,0.15035902337,0.102721689066,0.00728764242362,0.00931186520822,0.099198340501,20,9,2,20,0.000718209489549,7.18209489549e-06,0.000718209489549,0.0499947212623,0.0107228117671,0.00646786412459,0.000718209489549,7.18209489549e-06,0.000718209489549,0.175268431175,0.579392682935,0.175266286588
466,0.0146334645802,0.133917273474,0.129438770781,0.0227210205245,0.107037688531,0.019230825239,0.254581286302,0.0357045037312,0.0110146732794,0.180461890305,0.0753030491045,0.0159555541491,20,9,2,20,0.000131549856392,1.31549856392e-06,0.000131549856392,0.00455890803168,0.00189569788048,0.00137222354289,0.000131549856392,1.31549856392e-06,0.000131549856392,0.186900555512,0.617845516015,0.186898268595
467,0.083374220122,0.0776228578117,0.0450463167966,0.0279222190517,0.0417398093253,0.074833212371,0.18428635909,0.00409578139869,0.000621266023162,0.198434861174,0.124078450607,0.137944646229,20,9,2,20,5.71087633772e-05,5.71087633772e-07,5.71087633772e-05,0.00361920895439,0.00184026553438,4.30179588273e-05,5.71087633772e-05,5.71087633772e-07,5.71087633772e-05,0.187395037703,0.619480147885,0.187392744735
468,0.0435737194586,0.0765399297206,0.001340676906,0.00928397686794,0.100166791287,0.0362870928534,0.0305080923995,0.140677004698,0.0309201626931,0.172565964758,0.227506051333,0.130630537025,20,9,2,20,3.93916020926e-05,3.93916020926e-07,3.93916020926e-05,0.00201072378337,0.000932663982788,0.000130253915143,3.93916020926e-05,3.93916020926e-07,3.93916020926e-05,0.187866240084,0.621037822645,0.18786394135
469,0.00316715376774,0.0470785364119,0.239468334841,0.0355849308239,0.0547731971759,0.0380524511887,0.167594066439,0.115843551716,0.0933156034219,0.0764365044884,0.0581745675373,0.0705111021887,20,9,2,20,0.000289890991163,2.89890991163e-06,0.000289890991163,0.0119580626258,0.00485270553198,0.00167768160681,0.000289890991163,2.89890991163e-06,0.000289890991163,0.18477113195,0.610806185414,0.184768871088
470,0.0867000945676,0.125518242723,0.150314998683,0.0634812109099,0.0122700378378,0.00836872229126,0.193389028632,0.0457554842488,0.154490207564,0.0268499907869,0.0576213082135,0.0752406735418,20,9,2,20,0.000126489880826,1.26489880826e-06,0.000126489880826,0.0502486928499,0.0110441471716,0.000485996178835,0.000126489880826,1.26489880826e-06,0.000126489880826,0.176735758708,0.584243313452,0.176733602319
471,0.00141177410584,0.0288760690924,0.0349922717185,0.42508465528,0.0694348568824,0.0715849631162,0.00314111949759,0.0177298883162,0.243865518963,0.0414563665745,0.0193435461295,0.0430789703246,20,9,2,20,0.001266137971,1.266137971e-05,0.001266137971,0.0409870786542,0.00957569606449,0.0116313361347,0.001266137971,1.266137971e-05,0.001266137971,0.175794016254,0.581130133013,0.175791865236
472,0.0714965004517,0.0163747946447,0.0122555218436,0.141544134773,0.147531600616,0.175675230935,0.148631420138,0.0782158844661,0.036990352523,0.121988127105,0.0443868971663,0.00490953533673,20,9,2,20,0.000192775112125,1.92775112125e-06,0.000192775112125,0.00145237718751,0.00531666246154,0.000330551317774,0.000192775112125,1.92775112125e-06,0.000192775112125,0.186991233466,0.618145274178,0.186988945439
473,0.28513091221,0.0639978209462,0.102642040002,0.0413006170457,0.0311219091733,0.0650348949768,0.0123505339434,0.043294253603,0.125898187019,0.0263628603488,0.0606268228269,0.142239147905,20,9,2,20,0.00042745611175,4.2745611175e-06,0.00042745611175,0.0269566769582,0.0017791325992,0.00369597178964,0.00042745611175,4.2745611175e-06,0.00042745611175,0.182038927954,0.601774216606,0.182036700523
474,0.0570142777927,0.265075347906,0.0753977722498,0.0649876456445,0.000652140890195,0.0052439555708,0.33056152286,0.0249715922846,0.0401558724182,0.00603176778455,0.0687758776777,0.0611322269209,20,9,2,20,0.00112358721922,1.12358721922e-05,0.00112358721922,0.0438885701539,0.00414271898662,0.0111966465742,0.00112358721922,1.12358721922e-05,0.00112358721922,0.176461073857,0.58333525513,0.176458914677
475,0.0104809582297,0.0493378385753,0.0246684246206,0.218183022518,0.143921301867,0.186488592207,0.076832989161,0.04966886386,0.0772066551432,0.126368342973,0.0018824375121,0.0349605733318,20,9,2,20,0.000623164863449,6.23164863449e-06,0.000623164863449,0.0432228957132,0.0075658333122,0.00181472712335,0.000623164863449,6.23164863449e-06,0.000623164863449,0.17808877547,0.58871604271,0.17808660292
476,0.00453490181076,0.0471320250996,0.055096500352,0.00891787062505,0.0465143222006,0.0185316762613,0.198607003627,0.0929760788713,0.124121898737,0.0668664922857,0.0541473735596,0.28255385657,20,9,2,20,4.91400725225e-05,4.91400725225e-07,4.91400725225e-05,0.000876970348501,0.000236499485984,0.000195483566932,4.91400725225e-05,4.91400725225e-07,4.91400725225e-05,0.188191454264,0.622112897691,0.188189151552
477,0.0305148463438,0.0369219881795,0.0645910294795,0.324314510619,0.148052750834,0.0510707507418,0.133412489502,0.0684056395223,0.00673686821814,0.0191427742348,0.0648420697154,0.0519942826096,20,9,2,20,0.000738691781893,7.38691781893e-06,0.000738691781893,0.0136759222168,0.0116599839086,0.00104829658227,0.000738691781893,7.38691781893e-06,0.000738691781893,0.182942933443,0.604762627936,0.182940694951
478,0.0867936550369,0.12954969506,0.168033813083,0.0384050790272,0.12227258747,0.10056856705,0.045971421528,0.0497300970565,0.0213684841065,0.133817289839,0.0490521606165,0.0544371501257,20,9,2,20,0.000371210828339,3.71210828339e-06,0.000371210828339,0.0208280134552,0.00247026515862,0.00420899456516,0.000371210828339,3.71210828339e-06,0.000371210828339,0.183009691985,0.604983314631,0.183007452676
479,0.217807552445,0.0854504181192,0.113934101165,0.0548768461566,0.0574601524018,0.0526875947861,0.316949370625,0.00874756297641,0.061080344287,0.00813824583741,0.0165029854275,0.00636482577366,20,9,2,20,0.00807678676295,8.07678676295e-05,0.00807678676295,0.152933193452,0.0598404178269,0.0336328786761,0.00807678676295,8.07678676295e-05,0.00807678676295,0.135914284341,0.449297921625,0.135912621292
480,0.0510844965527,0.010041940107,0.111536024689,0.136559973321,0.00617123716964,0.0642827939334,0.161297144758,0.296170658704,0.0761241086356,0.0222162480607,0.0435939365548,0.0209214375138,20,9,2,20,0.0014366245774,1.4366245774e-05,0.0014366245774,0.00764004765021,0.0144106627076,0.00098623338746,0.0014366245774,1.4366245774e-05,0.0014366245774,0.183045005896,0.605100053403,0.183042766155
481,0.093480419104,0.214192100821,0.120460402453,0.0747749279264,0.01983459745,0.13052942541,0.0191019216276,0.0397103315961,0.0363287050787,0.133953139724,0.108469671589,0.00916435722003,20,9,2,20,0.000292750235708,2.92750235708e-06,0.000292750235708,0.00843547277745,0.00205601641571,0.00302797292299,0.000292750235708,2.92750235708e-06,0.000292750235708,0.185705497476,0.613894959278,0.185703225182
482,0.0312686890255,0.00102100058546,0.04925680589,0.394473541164,0.00267325856633,0.178229877303,0.0164373034967,0.0371458413084,0.037132642486,0.0787829589576,0.0793579678557,0.0942201133612,20,9,2,20,0.000116849345273,1.16849345273e-06,0.000116849345273,0.000274911487581,0.0010456821003,0.000202404155372,0.000116849345273,1.16849345273e-06,0.000116849345273,0.188099810816,0.621809947849,0.188097509224
483,0.00743893785502,0.0782555883235,0.0770537166433,0.0291079789063,0.0469528651254,0.0573313256631,0.113591006348,0.307420640132,0.139458491712,0.0556926402639,0.0246028477891,0.0630939612383,20,9,2,20,0.0005619035881,5.619035881e-06,0.0005619035881,0.0361798523941,0.00792858074758,0.00391730048712,0.0005619035881,5.619035881e-06,0.0005619035881,0.178997979799,0.591721638501,0.178995795647
484,0.00187049750657,0.120750425906,0.163970928695,0.0373425278499,0.107324937479,0.0223847006456,0.103598249192,0.00145890388024,0.0699595913007,0.0706543788818,0.194963511465,0.105721347197,20,9,2,20,0.000104332132435,1.04332132435e-06,0.000104332132435,0.0021978004689,0.00106755957242,0.000591776716628,0.000104332132435,1.04332132435e-06,0.000104332132435,0.187669366981,0.620387010433,0.187667070656
485,0.0306960717272,0.0221544986563,0.0827912862425,0.0359841950791,0.0769674001904,0.131964749664,0.229133061414,0.083651398603,0.077139318578,0.0341898119805,0.0571092796162,0.138218928249,20,9,2,20,0.00025947099536,2.5947099536e-06,0.00025947099536,0.00765230206149,0.00479285665365,0.00090659382862,0.00025947099536,2.5947099536e-06,0.00025947099536,0.185762321322,0.614082804402,0.185760048332
486,0.0692778597239,0.0761539325742,0.0782174992472,0.0100391190384,0.126936275412,0.14374372189,0.0589616906433,0.019703393199,0.00695047424958,0.0293852910549,0.0467850712415,0.333845671726,20,9,2,20,6.55042512553e-05,6.55042512553e-07,6.55042512553e-05,0.0011052275445,0.0013311786439,0.000102445691896,6.55042512553e-05,6.55042512553e-07,6.55042512553e-05,0.187947250002,0.621305620751,0.187944950277
487,0.116813025055,0.029450120332,0.0874737819071,0.0365083634694,0.0922713283639,0.00243802585719,0.0421616973603,0.115948280937,0.240198869943,0.155439604732,0.0293937565619,0.0519031454808,20,9,2,20,0.000202291606773,2.02291606773e-06,0.000202291606773,0.0036756106348,0.00328648720407,0.000377936348297,0.000202291606773,2.02291606773e-06,0.000202291606773,0.186938705463,0.617971630012,0.186936418079
488,0.111582276364,0.00616260806371,0.0146341729664,0.0128938064733,0.047721595357,0.0234384510322,0.0286154795663,0.188918754634,0.33886834294,0.0119565544869,0.119911025435,0.0952969326817,20,9,2,20,0.000151276843487,1.51276843487e-06,0.000151276843487,0.0388409988207,0.00611030485187,0.000181314678751,0.000151276843487,1.51276843487e-06,0.000151276843487,0.179854381634,0.594552681078,0.179852186026
489,0.00947608848539,0.0163284608343,0.164748087768,0.17056437864,0.114945213996,0.143709813097,0.0812605947692,0.0290309040652,0.0496158563639,0.151381162063,0.0355948209059,0.033344619013,20,9,2,20,0.00022485787446,2.2485787446e-06,0.00022485787446,0.00113057039795,0.000667348321952,0.00097923841149,0.00022485787446,2.2485787446e-06,0.00022485787446,0.187781597695,0.62075801652,0.187779299997
490,0.318944585901,0.0329974151258,0.0156060672444,0.151967630419,0.0354464638296,0.0157411813012,0.0469616525332,0.110633428408,0.0114839111884,0.0328105354891,0.019470665913,0.207936462648,20,9,2,20,0.000318654291115,3.18654291115e-06,0.000318654291115,0.0212790714794,0.00443214265372,0.000409346799762,0.000318654291115,3.18654291115e-06,0.000318654291115,0.183310871221,0.605978946331,0.183308631265
491,0.340632519639,0.0647395172217,0.0341955767676,0.0639853500272,0.165002896186,0.022087163685,0.0375877016782,0.0451334902238,0.0905341170085,0.11081835367,0.00546095008272,0.0198223638102,20,9,2,20,0.000720309401743,7.20309401743e-06,0.000720309401743,0.026144470201,0.0107301331751,0.00117476034289,0.000720309401743,7.20309401743e-06,0.000720309401743,0.180758265449,0.597540673349,0.180756053688
492,0.0150593730895,0.069970220876,0.0794712403175,0.0307713253891,0.132322538321,0.0949170835065,0.00287877060163,0.16887418763,0.0635286194636,0.0857992793192,0.211549958747,0.0448574027393,20,9,2,20,0.000100909569612,1.00909569612e-06,0.000100909569612,0.00121301294072,0.00133332742525,0.000401020043204,0.000100909569612,1.00909569612e-06,0.000100909569612,0.187843430611,0.620962420353,0.187841132157
493,0.04346634897,0.0445933474876,0.0874442126776,0.0880466158419,0.00348715738776,0.141477255323,0.0279537984384,0.124253698159,0.0333784126275,0.0237095156741,0.168239100868,0.213950536546,20,9,2,20,6.6672557312e-05,6.6672557312e-07,6.6672557312e-05,0.0014866335144,0.00139277722574,0.000246286590973,6.6672557312e-05,6.6672557312e-07,6.6672557312e-05,0.187835758884,0.620937059581,0.187833460523
494,0.0696124863463,0.0864574000545,0.294293610523,0.0231903028848,0.0691308359452,0.122579974447,0.174881149761,0.0301987735428,0.0712129404808,0.0124835430964,0.0262349522781,0.0197240306399,20,9,2,20,0.00206450218964,2.06450218964e-05,0.00206450218964,0.0645949994725,0.0515404981684,0.00477881560748,0.00206450218964,2.06450218964e-05,0.00206450218964,0.164121805626,0.542544784893,0.16411979743
495,0.129639162976,0.025051148417,0.181606792412,0.018170380187,0.0769972221463,0.106194568039,0.058491167758,0.0139134788834,0.2618196254,0.024957338747,0.0940819491774,0.0090771658566,20,9,2,20,0.000751418984358,7.51418984358e-06,0.000751418984358,0.00217652748917,0.00079826803366,0.00188286199138,0.000751418984358,7.51418984358e-06,0.000751418984358,0.186990514448,0.61814289729,0.18698822643
496,0.161534495274,0.0495924568937,0.0313466724135,0.122619414934,0.054087315987,0.147728757487,0.0519871488905,0.0155654177671,0.153121872697,0.0577565110279,0.058888197368,0.0957717392601,20,9,2,20,0.000195321534856,1.95321534856e-06,0.000195321534856,0.00127041361185,0.00271687084533,0.000479931280766,0.000195321534856,1.95321534856e-06,0.000195321534856,0.187485442068,0.619779001631,0.187483147993
497,0.0585018571751,0.0673430966349,0.229687199841,0.0663876601062,0.0532119897109,0.170777916418,0.0247679534658,0.0862460716054,0.117212754795,0.0404241403692,0.061890152303,0.0235492075754,20,9,2,20,0.00034527598962,3.4527598962e-06,0.00034527598962,0.00163581457481,0.00901208172485,0.000475375880416,0.00034527598962,3.4527598962e-06,0.00034527598962,0.186117323069,0.615256349538,0.186115045735
498,0.0217706404303,0.000977435340983,0.0297678951869,0.117029295775,0.0786889256598,0.0271846654391,0.0231823628355,0.0130232847053,0.411704317979,0.00861389975171,0.108303489353,0.159753787543,20,9,2,20,0.000240238274366,2.40238274366e-06,0.000240238274366,0.0217200613918,0.00311921150234,0.00029364174241,0.000240238274366,2.40238274366e-06,0.000240238274366,0.183556434257,0.606790704986,0.183554188258
499,0.0489395211139,0.194809004098,0.127698008427,0.052082133627,0.0170143342334,0.0214240927786,0.00811854437498,0.113749022758,0.0468323762393,0.172870069369,0.0690003796097,0.12746251337,20,9,2,20,7.05981341614e-05,7.05981341614e-07,7.05981341614e-05,0.0198503967631,0.00116237704269,0.000436851496006,7.05981341614e-05,7.05981341614e-07,7.05981341614e-05,0.184379172668,0.60951047795,0.18437691958
500,0.0763321725533,0.312710118642,0.00309840632367,0.0532856543789,0.0197925139455,0.0765526128716,0.0414257371326,0.0198055825973,0.112364172664,0.192603139313,0.0148138659406,0.0772160236381,20,9,2,20,0.000129862392038,1.29862392038e-06,0.000129862392038,0.00580897570875,0.00359134508762,0.000295000053608,0.000129862392038,1.29862392038e-06,0.000129862392038,0.186549669407,0.616685576143,0.186547386783
501,0.129916325241,0.0803892878109,0.00443963663199,0.00333092448526,0.0400873879845,0.0627571185245,0.0532158089303,0.237323134506,0.136776599119,0.0207386715476,0.0452376592182,0.185787446001,20,9,2,20,0.000175805746231,1.75805746231e-06,0.000175805746231,0.00380028454338,0.00276466257319,0.00110856886927,0.000175805746231,1.75805746231e-06,0.000175805746231,0.186895919921,0.617830191934,0.18689363306
502,0.0887309550124,0.0530067009772,0.140751361337,0.232749334689,0.0124976024513,0.00505738010412,0.13845259949,0.0266708205612,0.0246275561287,0.00409416402966,0.0671770699373,0.206184455282,20,9,2,20,0.000167768648337,1.67768648337e-06,0.000167768648337,0.00509396962848,0.0029712012393,0.00184695212336,0.000167768648337,1.67768648337e-06,0.000167768648337,0.186480087065,0.616455554685,0.186477805292
503,0.0272952817471,0.000928134623535,0.165782561681,0.0348847491765,0.127630524576,0.0434676637476,0.11839387106,0.0360125348223,0.00262877763626,0.156374694093,0.0602361026949,0.226365104143,20,9,2,20,1.89804039821e-05,1.89804039821e-07,1.89804039821e-05,2.77269488951e-05,8.72428483158e-05,1.74046170802e-05,1.89804039821e-05,1.89804039821e-07,1.89804039821e-05,0.188436061559,0.622921506951,0.188433755853
504,0.016995408742,0.0142323442198,0.205858157713,0.00823174940736,0.0599385642905,0.196126575684,0.108661581682,0.0369408266086,0.14272785145,0.112798451656,0.0166345766706,0.080853911875,20,9,2,20,0.000178243859124,1.78243859124e-06,0.000178243859124,0.00563943169024,0.00689566180449,0.000709119354395,0.000178243859124,1.78243859124e-06,0.000178243859124,0.185844133359,0.61435325411,0.185841859368
505,0.132289479621,0.0794889324405,0.00829653533758,0.0592609105008,0.0101110470976,0.260578129984,0.0828067177062,0.00879322317934,0.088561227319,0.138821973948,0.101466317567,0.0295255052986,20,9,2,20,0.000105624149391,1.05624149391e-06,0.000105624149391,0.0060061430393,0.0060821439261,9.3688534475e-05,0.000105624149391,1.05624149391e-06,0.000105624149391,0.186099360813,0.615196970907,0.186097083699
506,0.054820216465,0.0949214496626,0.16115299351,0.068501762611,0.141427385949,0.0417383716719,0.0170894991505,0.00820600385959,0.219743828839,0.0172973232237,0.0135828997207,0.161518265337,20,9,2,20,0.00024626007663,2.4626007663e-06,0.00024626007663,0.0296633375456,0.00519867814947,0.000870957396491,0.00024626007663,2.4626007663e-06,0.00024626007663,0.181554017675,0.600171242783,0.181551800942
507,0.00834446975548,0.325910946839,0.208570583339,0.0525698619002,0.076270001142,0.0144798099906,0.0675377654798,0.0554688732654,0.102478884799,0.036536638054,0.0226016644319,0.0292305010043,20,9,2,20,0.0014078895263,1.4078895263e-05,0.0014078895263,0.0203062032392,0.0188561473523,0.00632413806346,0.0014078895263,1.4078895263e-05,0.0014078895263,0.17883559084,0.591184802003,0.178833402606
508,0.150220937314,0.0925105629796,0.063855394664,0.344125193075,0.0574771488763,0.0690969309444,0.0115787903208,0.0175836802056,0.0289948087305,0.0219807606039,0.10530675903,0.0372690332565,20,9,2,20,0.000357035330825,3.57035330825e-06,0.000357035330825,0.00108028536404,0.00177548460024,0.000553490220828,0.000357035330825,3.57035330825e-06,0.000357035330825,0.187562314789,0.620033123221,0.187560019774
509,0.0814609679975,0.245539892611,0.107814343943,0.0935562657271,0.041948999313,0.0206636090977,0.00366878398356,0.228973474107,0.0447997685842,0.0195787948359,0.0294066591587,0.0825884406412,20,9,2,20,0.000625882942943,6.25882942943e-06,0.000625882942943,0.00961919066272,0.00906501420264,0.00217050993365,0.000625882942943,6.25882942943e-06,0.000625882942943,0.184070577837,0.608490332387,0.184068325547
510,0.135909341201,0.067658827558,0.124591126418,0.112392811331,0.249460480312,0.123222975292,0.0146132512874,0.00596083616491,0.122782481356,0.0105111195087,0.0296337263127,0.00326302325916,20,9,2,20,0.00262505602638,2.62505602638e-05,0.00262505602638,0.182404878172,0.0195332597692,0.0117308575971,0.00262505602638,2.62505602638e-05,0.00262505602638,0.146215093747,0.483349854502,0.146213330987
511,0.0168520770519,0.052856348946,0.0753041999024,0.0576094682516,0.0794414667939,0.0095504255709,0.0229082091516,0.186370217555,0.0553448772575,0.385965949349,0.0215528893671,0.0362438708032,20,9,2,20,0.000101007874971,1.01007874971e-06,0.000101007874971,0.0038118741472,0.000543703751766,0.000575953220271,0.000101007874971,1.01007874971e-06,0.000101007874971,0.187469388776,0.619725933549,0.187467094898
512,0.128474396578,0.0302263013261,0.299540841696,0.00743023619051,0.060870658017,0.0375345230046,0.0247530229508,0.015401047513,0.0333475343323,0.0564101210222,0.192551633879,0.113459683491,20,9,2,20,7.43103215702e-05,7.43103215702e-07,7.43103215702e-05,0.0053197386712,0.00211921994731,0.000817950746647,7.43103215702e-05,7.43103215702e-07,7.43103215702e-05,0.186862864772,0.617720920053,0.186860578316
513,0.011883656005,0.101507215845,0.138859604181,0.126117277028,0.0497077962194,0.136004504901,0.0313622299777,0.150083916129,0.0215795766685,0.00510908921878,0.2091954264,0.018589707426,20,9,2,20,0.000268387672919,2.68387672919e-06,0.000268387672919,0.0237676908369,0.00330928645379,0.000633118814736,0.000268387672919,2.68387672919e-06,0.000268387672919,0.1830493677,0.605114485796,0.183047131953
514,0.120825395332,0.0831985480742,0.0323965285979,0.181589316273,0.178500815826,0.0233643275254,0.0300824948398,0.0114706894806,0.0508688197778,0.12121980314,0.0591525245944,0.10733073654,20,9,2,20,0.000274677512541,2.74677512541e-06,0.000274677512541,0.00552723611571,0.00324314083731,0.000360618305058,0.000274677512541,2.74677512541e-06,0.000274677512541,0.186546308666,0.616674466392,0.186544026083
515,0.234228997443,0.0425329782137,0.107292658946,0.0569356951453,0.0448999917654,0.00176871200388,0.0277614581606,0.0546934299256,0.0139618800969,0.0304448349183,0.0462678448733,0.339211518508,20,9,2,20,8.84441230661e-05,8.84441230661e-07,8.84441230661e-05,0.00519661657763,0.00143066680649,0.000307399695078,8.84441230661e-05,8.84441230661e-07,8.84441230661e-05,0.187101363117,0.618509334686,0.187099073743
516,0.0324690009975,0.124236151573,0.0265668431088,0.0972207843991,0.0386053721888,0.0722561117907,0.0193005555356,0.182232580309,0.00542618149693,0.226533424115,0.132137041222,0.0430159532635,20,9,2,20,8.7969833364e-05,8.7969833364e-07,8.7969833364e-05,0.01689836481,0.0019454474036,0.000779734744524,8.7969833364e-05,8.7969833364e-07,8.7969833364e-05,0.184710183882,0.610604706664,0.184707923766
517,0.0471947020042,0.154874587288,0.225316694386,0.0233325674405,0.0247278572162,0.132967698316,0.0535548120394,0.0681942302354,0.0866616292716,0.11263378614,0.0353031355225,0.0352383001396,20,9,2,20,0.000716552696956,7.16552696956e-06,0.000716552696956,0.0202351095954,0.00455133135309,0.001399874598,0.000716552696956,7.16552696956e-06,0.000716552696956,0.182997004447,0.604941372871,0.182994765294
518,0.209425993384,0.010365075717,0.103814295999,0.059897270987,0.127430415543,0.0855972309583,0.0562279609659,0.0869328835732,0.15639185792,0.0489575538638,0.0541770281248,0.000782432965302,20,9,2,20,0.000670835288645,6.70835288645e-06,0.000670835288645,0.0270152712521,0.0164051948568,0.00405795095512,0.000670835288645,6.70835288645e-06,0.000670835288645,0.17901860603,0.59178980349,0.179016415556
519,0.0421033088659,0.138822948525,0.0245610373389,0.0640706730338,0.0054838736411,0.275412224297,0.255568487995,0.0328695239364,0.0523019721732,0.0158950122969,0.0721719471042,0.0207389907932,20,9,2,20,0.00121254278207,1.21254278207e-05,0.00121254278207,0.0938306944205,0.0104728787568,0.00279141793426,0.00121254278207,1.21254278207e-05,0.00121254278207,0.167371912781,0.553288809308,0.167369864816
520,0.104299012034,0.153239017691,0.0370779188085,0.0471252592332,0.120041210722,0.0663494458623,0.0446009361138,0.00803672186226,0.0845103687866,0.289656677449,0.0347876395647,0.0102757918721,20,9,2,20,0.000214103908805,2.14103908805e-06,0.000214103908805,0.015832465244,0.00286711376777,0.000577092156615,0.000214103908805,2.14103908805e-06,0.000214103908805,0.184679991117,0.610504905951,0.18467773405
521,0.290920529044,0.00403930692192,0.0621798200038,0.0469205520054,0.0285107596268,0.024842851347,0.0144281072219,0.217286556411,0.130207191126,0.00309152673668,0.111848523272,0.0657242762842,20,9,2,20,0.000567346526915,5.67346526915e-06,0.000567346526915,0.00438076311947,0.00352636029414,0.000870111265655,0.000567346526915,5.67346526915e-06,0.000567346526915,0.186391236983,0.616161839001,0.186388956298
522,0.152910722663,0.027666153015,0.0611990436735,0.00660336321456,0.00904341229649,0.0864876098987,0.0289970198212,0.0309941887175,0.0510562330159,0.194190443581,0.11193136272,0.238920447382,20,9,2,20,3.1880707131e-05,3.1880707131e-07,3.1880707131e-05,0.00103939739094,0.000434954824411,9.55147541716e-05,3.1880707131e-05,3.1880707131e-07,3.1880707131e-05,0.188155355399,0.62199356406,0.188153053128
523,0.0801339889892,0.139091376929,0.0310770391117,0.190771177941,0.0180796420925,0.144163416712,0.068578536846,0.0542157748592,0.0111634315865,0.0243578084117,0.19253869569,0.0458291108302,20,9,2,20,0.000315149008557,3.15149008557e-06,0.000315149008557,0.00621308684118,0.00271896147578,0.00121527055881,0.000315149008557,3.15149008557e-06,0.000315149008557,0.186324092592,0.615939876789,0.186321812729
524,0.056977023636,0.044402819053,0.0343515400529,0.548251625499,0.0328976490446,0.012253501185,0.000609982966679,0.118629590198,0.0323411395418,0.0268874253224,0.0510223582397,0.041375345261,20,9,2,20,0.00079542840951,7.9542840951e-06,0.00079542840951,0.0406057762779,0.0150856378049,0.00851240718386,0.00079542840951,7.9542840951e-06,0.00079542840951,0.175771878316,0.581056950642,0.175769727569
525,0.100186183234,0.100415574845,0.0104649256417,0.0408344917192,0.0182391951676,0.0427754080584,0.291453355315,0.0278376204807,0.0232012533836,0.0122153831938,0.209492877115,0.122883731845,20,9,2,20,7.68461299307e-05,7.68461299307e-07,7.68461299307e-05,0.00236568307621,0.00190606123668,0.000141087310197,7.68461299307e-05,7.68461299307e-07,7.68461299307e-05,0.187585457522,0.620109627188,0.187583162224
526,0.0245993258262,0.0137086593438,0.193029186351,0.0409879387991,0.0209893015847,0.0455697491566,0.0967178232494,0.0236994940334,0.0173291385834,0.102851862293,0.398507394833,0.0220101259459,20,9,2,20,6.40109920563e-05,6.40109920563e-07,6.40109920563e-05,0.00730425443455,0.000828812357716,0.000229345677174,6.40109920563e-05,6.40109920563e-07,6.40109920563e-05,0.186850783538,0.617680982576,0.186848497229
527,0.103323177308,0.314178630503,0.0422164021247,0.0537215420847,0.0605082843353,0.11000447533,0.0153411210114,0.123329606036,0.00622023863262,0.0285794339136,0.0310942635001,0.11148282522,20,9,2,20,0.000355129426747,3.55129426747e-06,0.000355129426747,0.0511374154417,0.00693022765978,0.000500040614681,0.000355129426747,3.55129426747e-06,0.000355129426747,0.177167746749,0.58567136218,0.177165587059
528,0.0982285972847,0.299095063599,0.13782602564,0.0788211720607,0.0584077294766,0.095503560379,0.000125567762507,0.126520200512,0.0123960336631,0.0187121215831,0.0273204964379,0.0470434316014,20,9,2,20,0.00173018082187,1.73018082187e-05,0.00173018082187,0.0593521533545,0.00558317671731,0.00420325926089,0.00173018082187,1.73018082187e-05,0.00173018082187,0.174133553057,0.575641098431,0.174131432275
529,0.0626527966261,0.105804717508,0.183588110723,0.0403575746113,0.0735837434571,0.0237081122569,0.152639128708,0.0369919983058,0.0645125662129,0.0351923092275,0.0103988894548,0.210570052908,20,9,2,20,0.000112371029422,1.12371029422e-06,0.000112371029422,0.000517221676672,0.000400466615392,0.00106225652363,0.000112371029422,1.12371029422e-06,0.000112371029422,0.188017080628,0.62153646297,0.188014780048
530,0.0964475698743,0.105844724086,0.061116165077,0.0402200056519,0.0483497502717,0.0723776565431,0.0957948986261,0.105748984171,0.0327405683641,0.0873470273145,0.0652502406368,0.188762409383,20,9,2,20,0.000203004335737,2.03004335737e-06,0.000203004335737,0.00823883882223,0.0018447146776,0.000175046976403,0.000203004335737,2.03004335737e-06,0.000203004335737,0.186388086336,0.616151428605,0.186385807153
531,0.111686703346,0.0110538842648,0.108208984311,0.0427415734275,0.0985165076206,0.0181426857294,0.151084653541,0.0285255264562,0.048948164032,0.0123178831295,0.0886927887336,0.280080645408,20,9,2,20,0.000134188553393,1.34188553393e-06,0.000134188553393,0.00192130600625,0.000396473299798,0.000969789327547,0.000134188553393,1.34188553393e-06,0.000134188553393,0.187754095209,0.620667100324,0.187751797848
532,0.174611339132,0.0101309971382,0.089736004414,0.23115657066,0.0646497226323,0.0743376476791,0.115398656422,0.117930090458,0.0140800562132,0.0433408091183,0.0601336644081,0.00449444172566,20,9,2,20,0.000992152119983,9.92152119983e-06,0.000992152119983,0.10917493421,0.00428971058618,0.00684861250631,0.000992152119983,9.92152119983e-06,0.000992152119983,0.165047562703,0.545605165814,0.165045562659
533,0.0572672986055,0.203995740083,0.166899337904,0.0607130713267,0.0260345757127,0.04145703003,0.0806099974374,0.0474602362061,0.0535695227872,0.029530050376,0.085406539969,0.147056599563,20,9,2,20,0.000101504070247,1.01504070247e-06,0.000101504070247,0.00245839692323,0.00337298082592,0.0004523472982,0.000101504070247,1.01504070247e-06,0.000101504070247,0.187214157543,0.618882204259,0.187211866788
534,0.0689734830395,0.0989200491534,0.028148099143,0.0719543990095,0.0512145331738,0.0651592633544,0.0557775712581,0.245910224038,0.0146869988812,0.167334336004,0.0416220742248,0.0902989687207,20,9,2,20,0.000107191400362,1.07191400362e-06,0.000107191400362,0.00204591100913,0.00253552674904,8.80059192996e-05,0.000107191400362,1.07191400362e-06,0.000107191400362,0.187514100731,0.619873739856,0.187511806306
535,0.0589169468456,0.0815373014816,0.0100066687457,0.00736695727629,0.260648798921,0.0534986691603,0.241175748854,0.00727988705314,0.00730908929801,0.165749893171,0.0321996637723,0.0743103754206,20,9,2,20,0.00037095560514,3.7095560514e-06,0.00037095560514,0.0157218101216,0.00231985611625,0.000895278230397,0.00037095560514,3.7095560514e-06,0.00037095560514,0.184625181421,0.610323710232,0.184622922345
536,0.0240095589809,0.0896080895511,0.113043435208,0.0235365356781,0.168154786324,0.0299139127688,0.0122631682822,0.0905880674464,0.343254485091,0.0553551879746,0.0399827725395,0.0102900001563,20,9,2,20,0.00118587993158,1.18587993158e-05,0.00118587993158,0.0315307004668,0.00785000559893,0.00531412132269,0.00118587993158,1.18587993158e-05,0.00118587993158,0.179153009756,0.592234107893,0.179150817638
537,0.15847899186,0.0601725349085,0.0379716711005,0.178267665169,0.271451881796,0.0640921761083,0.0133822207192,0.0748532337672,0.0215949452724,0.0729478334036,0.0423039090972,0.00448293679818,20,9,2,20,0.0012837937774,1.2837937774e-05,0.0012837937774,0.0485776387179,0.007702785257,0.0101394736589,0.0012837937774,1.2837937774e-05,0.0012837937774,0.174984182141,0.578453028207,0.174982041033
538,0.112579904863,0.222937262104,0.0673446515895,0.0730501139651,0.00139201312034,0.0127486520297,0.0808247436655,0.0237197041504,0.17486570663,0.214891517839,0.00585946429884,0.00978626574446,20,9,2,20,0.000378808661129,3.78808661129e-06,0.000378808661129,0.0123879605875,0.00343087160965,0.00156528340764,0.000378808661129,3.78808661129e-06,0.000378808661129,0.184911901416,0.611271533329,0.184909638832
539,0.0197306993373,0.079613240453,0.329564724168,0.0144279269663,0.0194236129789,0.0629592709928,0.00453138361196,0.0115961235034,0.0358334898949,0.118248988747,0.107964996318,0.19610554303,20,9,2,20,9.79700185469e-05,9.79700185469e-07,9.79700185469e-05,0.00319102179356,0.00115124378403,0.000190112560391,9.79700185469e-05,9.79700185469e-07,9.79700185469e-05,0.187546920987,0.619982235241,0.18754462616
540,0.00296871393613,0.220323189486,0.0560532647706,0.0495376214514,0.138909758897,0.100531561389,0.0326462297948,0.0569617118158,0.150470232097,0.0492233205011,0.131633331195,0.0107410646658,20,9,2,20,0.000213949967569,2.13949967569e-06,0.000213949967569,0.000508897364662,0.001129317481,0.000173041591488,0.000213949967569,2.13949967569e-06,0.000213949967569,0.187971910813,0.621387143094,0.187969610786
541,0.109453989447,0.0219563261937,0.0989403413245,0.0594331953442,0.0925597409639,0.235370511559,0.088285738507,0.196068763918,0.0293628763445,0.0146164700511,0.0427959162149,0.011156130133,20,9,2,20,0.0015421082407,1.5421082407e-05,0.0015421082407,0.132205242615,0.0299974706978,0.00433461118986,0.0015421082407,1.5421082407e-05,0.0015421082407,0.155918793491,0.515427721212,0.155916885667
542,0.00391303715195,0.0898348141424,0.0274514543738,0.0174520166772,0.0100111078819,0.101590404816,0.399833839119,0.0293786111648,0.0594494268799,0.128494777103,0.0998533562147,0.0327371544751,20,9,2,20,0.000222722903366,2.22722903366e-06,0.000222722903366,0.0212964002386,0.00138740639367,0.00258968492998,0.000222722903366,2.22722903366e-06,0.000222722903366,0.183543209856,0.606746988492,0.183540964019
543,0.0213483111095,0.127069084031,0.0320580061385,0.163459174113,0.0433353140708,0.00406600011298,0.0310199516382,0.0317625189905,0.479430874729,0.0432658007865,0.0206887704581,0.00249619382255,20,9,2,20,0.00118407056156,1.18407056156e-05,0.00118407056156,0.212673088024,0.0116196386458,0.00408712371912,0.00118407056156,1.18407056156e-05,0.00118407056156,0.144534273989,0.477793406499,0.144532505466
544,0.013713251355,0.213331460229,0.123103547874,0.0830060345558,0.000601475103882,0.00770033985371,0.0454009636473,0.0129670885643,0.21456276144,0.187592816649,0.0579007298342,0.0401195308939,20,9,2,20,0.000195392143999,1.95392143999e-06,0.000195392143999,0.00970357307783,0.00286353402053,0.000451490597353,0.000195392143999,1.95392143999e-06,0.000195392143999,0.185873663504,0.614450873229,0.185871389152
545,0.170660382915,0.0843918654223,0.0681453813198,0.0730361466956,0.0172782956216,0.113042473758,0.0130732551225,0.0652356005686,0.0100830502864,0.073953327572,0.0797653476693,0.231334873049,20,9,2,20,6.37225110886e-05,6.37225110886e-07,6.37225110886e-05,0.000265566075168,0.000595608576613,4.25706744505e-05,6.37225110886e-05,6.37225110886e-07,6.37225110886e-05,0.188256777323,0.622328839045,0.188254473811
546,0.0446158436001,0.0215349329449,0.0121788937849,0.124038532038,0.111648135141,0.154332186623,0.0512248082743,0.132191213616,0.141996688599,0.0401334676028,0.0398224335466,0.126282864228,20,9,2,20,0.000311026674827,3.11026674827e-06,0.000311026674827,0.0482244219799,0.0040581772446,0.00167245235626,0.000311026674827,3.11026674827e-06,0.000311026674827,0.178070529456,0.588655732614,0.178068359116
547,0.0532260484996,0.0321580864287,0.0530411345059,0.00015467298336,0.279742189108,0.0756782985448,0.0273830379476,0.22410074516,0.0338797586228,0.162821170129,0.0311325887619,0.0266822693081,20,9,2,20,0.000142143727147,1.42143727147e-06,0.000142143727147,0.000497065436204,0.00196662280942,0.000159071344186,0.000142143727147,1.42143727147e-06,0.000142143727147,0.187873367949,0.621061385549,0.187871069129
548,0.013744292795,0.0765699569273,0.0161777957345,0.201187435952,0.107852685381,0.0437397606366,0.220592988029,0.113279165874,0.00414542017181,0.00069896609835,0.12758108951,0.0744304428901,20,9,2,20,0.000279647180707,2.79647180707e-06,0.000279647180707,0.0272292751286,0.0065717596591,0.00190049794054,0.000279647180707,2.79647180707e-06,0.000279647180707,0.181534650833,0.600107205199,0.181532429573
549,0.0225254686842,0.138898970324,0.0185996709767,0.0426244346114,0.0119193231654,0.316087926995,0.211545497873,0.0124830429044,0.0504844459302,0.0639248683027,0.0219398031835,0.0889665470506,20,9,2,20,0.000624651145803,6.24651145803e-06,0.000624651145803,0.0136482604299,0.00707824016067,0.0016136893117,0.000624651145803,6.24651145803e-06,0.000624651145803,0.183791535488,0.607567890214,0.18378928679
550,0.0157082651417,0.282338708669,0.077059606377,0.193429496141,0.0795782586108,0.0576998272248,0.0247397484262,0.0618361297179,0.0931088201578,0.0664868240093,0.0289856001521,0.0190287153716,20,9,2,20,0.00109860331977,1.09860331977e-05,0.00109860331977,0.0236861096595,0.00562956094424,0.0124222461404,0.00109860331977,1.09860331977e-05,0.00109860331977,0.179776441612,0.594295014432,0.179774241866
551,0.00434780746393,0.0303744145065,0.0978718102767,0.119847176744,0.0888290697653,0.0133529835088,0.0961273706033,0.034887409224,0.0282657014734,0.089248884999,0.150497566326,0.246349805109,20,9,2,20,9.00754773939e-05,9.00754773939e-07,9.00754773939e-05,0.0104648023262,0.000885576122439,0.000122702814871,9.00754773939e-05,9.00754773939e-07,9.00754773939e-05,0.186244749293,0.615677593877,0.186242472148
552,0.0587364114128,0.118445986044,0.0367175521066,0.130991901752,0.191295522411,0.122875922846,0.0044923257125,0.0824596562308,0.0505980317773,0.0180753474485,0.0675845418388,0.117726800419,20,9,2,20,0.000460561318939,4.60561318939e-06,0.000460561318939,0.0140776504588,0.00489245890614,0.00215414272584,0.000460561318939,4.60561318939e-06,0.000460561318939,0.184145036103,0.608736472403,0.184142782902
553,0.151373519951,0.0711685775235,0.00474573592744,0.0808424881478,0.0512452433915,0.246611004455,0.1511589977,0.0214495941548,0.0453803925213,0.00932075737171,0.0378585313915,0.128845157464,20,9,2,20,0.000543502079145,5.43502079145e-06,0.000543502079145,0.054286638501,0.00470790382919,0.0018077535609,0.000543502079145,5.43502079145e-06,0.000543502079145,0.176603859437,0.583807267803,0.17660169851
554,0.000869612480559,0.346598632849,0.0283046978537,0.0516198641715,0.012384497361,0.00749505903098,0.116895888954,0.0418408842121,0.0313929630373,0.102006656789,0.194678185285,0.0659130579754,20,9,2,20,8.868338885e-05,8.868338885e-07,8.868338885e-05,0.00166041996061,0.00103481707804,0.000599240435686,8.868338885e-05,8.868338885e-07,8.868338885e-05,0.18778727101,0.62077677105,0.187784973243
555,0.020266796215,0.0883900247353,0.0429057386097,0.0566319548072,0.0347908098766,0.14866125536,0.0139905515289,0.121269787874,0.0219917199373,0.25642802432,0.0102134444173,0.184459892319,20,9,2,20,3.60141239623e-05,3.60141239623e-07,3.60141239623e-05,0.000431756338327,0.000888284337188,8.19650897197e-05,3.60141239623e-05,3.60141239623e-07,3.60141239623e-05,0.188183861335,0.622087797406,0.188181558715
556,0.0340967812539,0.00390982708346,0.0228669278182,0.048387678517,0.0403303122056,0.0197312344826,0.158276559895,0.025491756711,0.13023195944,0.261625821807,0.134140042598,0.120911098189,20,9,2,20,3.04526435863e-05,3.04526435863e-07,3.04526435863e-05,0.000264662858818,0.000373042242124,8.14661350745e-05,3.04526435863e-05,3.04526435863e-07,3.04526435863e-05,0.188316772614,0.622527168156,0.188314468367
557,0.105244938022,0.116518652545,0.0678302121212,0.182018702744,0.0323796026941,0.135742107627,0.104896921604,0.0865289554951,0.0814346541892,0.0407234047647,0.0222537796591,0.0244280685339,20,9,2,20,0.000929484681908,9.29484681908e-06,0.000929484681908,0.0323773171202,0.0286100680086,0.00293180101647,0.000929484681908,9.29484681908e-06,0.000929484681908,0.175723954472,0.58089852665,0.175721804312
558,0.113674948106,0.0130823775483,0.068972239372,0.20035084047,0.0398975956589,0.0788919957811,0.0412540012914,0.0158192493806,0.262530068547,0.0162683881758,0.0358053972962,0.113452898373,20,9,2,20,0.000241568515611,2.41568515611e-06,0.000241568515611,0.00506467992246,0.00953363588994,0.000470190448886,0.000241568515611,2.41568515611e-06,0.000241568515611,0.185452319683,0.613058018137,0.185450050486
559,0.185347982092,0.154261649336,0.000657598703485,0.0484478281801,0.0940227432579,0.000132362473911,0.172574950618,0.0668110710771,0.0399420504129,0.198229596024,0.00510426949762,0.0344678983266,20,9,2,20,0.000103405343224,1.03405343224e-06,0.000103405343224,0.031338349968,0.00296250270684,0.00149548556245,0.000103405343224,1.03405343224e-06,0.000103405343224,0.181650312339,0.600489566176,0.181648093768
560,0.071481850404,0.117917730117,0.0283226785404,0.279821038093,0.0202637202643,0.0291523112745,0.126979267673,0.149964347606,0.0224263329301,0.0132226533328,0.0172545244876,0.123193545278,20,9,2,20,0.000527869568207,5.27869568207e-06,0.000527869568207,0.00376803516804,0.00430271981191,0.0013561536954,0.000527869568207,5.27869568207e-06,0.000527869568207,0.186298699972,0.615855935269,0.186296420419
561,0.116849100245,0.164584674815,0.0691240548803,0.0266716020943,0.03955596036,0.0287963508591,0.0956199352731,0.0317648862681,0.0644037934418,0.145430580952,0.0860716809483,0.131127379863,20,9,2,20,9.66173904686e-05,9.66173904686e-07,9.66173904686e-05,0.00553172872612,0.0016105994695,0.000968607783206,9.66173904686e-05,9.66173904686e-07,9.66173904686e-05,0.186873475743,0.617755997212,0.186871189157
562,0.0228092747152,0.046393930753,0.07211237649,0.0845436236463,0.116655568715,0.0164121376448,0.297088416908,0.0349613741828,0.167153742946,0.0239084845512,0.0521102131727,0.0658508562743,20,9,2,20,0.000401259037801,4.01259037801e-06,0.000401259037801,0.00145418385563,0.00390195341834,0.000590802056055,0.000401259037801,4.01259037801e-06,0.000401259037801,0.187050517695,0.618341252701,0.187048228942
563,0.0606916933629,0.137673424376,0.0747270771226,0.115714579772,0.236608116688,0.0504717856404,0.0249050928554,0.0910554408078,0.0440961235018,0.00787559469113,0.0526889657592,0.103492105423,20,9,2,20,0.000372391389054,3.72391389054e-06,0.000372391389054,0.0143141047367,0.00697209623474,0.00131363874664,0.000372391389054,3.72391389054e-06,0.000372391389054,0.183933727952,0.608037941609,0.183931477337
564,0.0466079695248,0.0449625150947,0.185580261967,0.00959092556864,0.13089515603,0.0394210439264,0.181565401167,0.0921925625203,0.0305145856617,0.0847111828751,0.0386530037009,0.115305391964,20,9,2,20,0.000310970561227,3.10970561227e-06,0.000310970561227,0.0199532480023,0.0036157364659,0.00240480498507,0.000310970561227,3.10970561227e-06,0.000310970561227,0.183344358239,0.606089635817,0.183342114835
565,0.0323393440358,0.0316402589199,0.222076613272,0.196993744337,0.0153369641943,0.131622568864,0.0698900411869,0.0591249767402,0.144154247312,0.0828758541759,0.00705045452615,0.00689493243621,20,9,2,20,0.000950284426292,9.50284426292e-06,0.000950284426292,0.0259877021489,0.00802576698847,0.013470863406,0.000950284426292,9.50284426292e-06,0.000950284426292,0.178805760579,0.591086190775,0.178803572709
566,0.0604109664865,0.0718833562252,0.0611532119562,0.0103128781399,0.0732289961358,0.223731997536,0.046097281461,0.115337778801,0.0913812400104,0.220610757508,0.0221513056665,0.00370023007394,20,9,2,20,0.000205331556554,2.05331556554e-06,0.000205331556554,0.00640931681902,0.00544004543096,0.000119785873453,0.000205331556554,2.05331556554e-06,0.000205331556554,0.186063928118,0.615079839463,0.186061651438
567,0.0272338632991,0.0773526737022,0.023337621825,0.00642859492328,0.0893080201283,0.0551841992979,0.0260113857736,0.206911618862,0.0589851235215,0.279954850074,0.137290932721,0.0120011158721,20,9,2,20,1.72904289375e-05,1.72904289375e-07,1.72904289375e-05,1.68548829911e-05,6.0883042453e-05,6.40934547283e-05,1.72904289375e-05,1.72904289375e-07,1.72904289375e-05,0.188435559598,0.622919847599,0.188433253899
568,0.179118482923,0.0652322958746,0.0151430191832,0.0134946089813,0.105203586119,0.126118829952,0.0292786211188,0.0057122000098,0.134266682215,0.0711026937833,0.164870422789,0.090458557052,20,9,2,20,0.000181753121996,1.81753121996e-06,0.000181753121996,0.00391589290757,0.000660833085583,0.00035370697422,0.000181753121996,1.81753121996e-06,0.000181753121996,0.187408417413,0.619524377788,0.187406124281
569,0.119375566257,0.131442816971,0.0140201106067,0.0947178088483,0.00320296760126,0.0391960529702,0.000627276641107,0.00647692037144,0.17225354939,0.0563621827833,0.262369176692,0.0999555708675,20,9,2,20,4.18820285196e-05,4.18820285196e-07,4.18820285196e-05,0.000147715887217,0.000548041266377,2.81152936173e-05,4.18820285196e-05,4.18820285196e-07,4.18820285196e-05,0.188307226837,0.622495612255,0.188304922707
570,0.0260975982657,0.00564977036157,0.0154608225503,0.154273410653,0.0419982174781,0.262737920038,0.0287986871102,0.164667190795,0.045782744822,0.103112609073,0.0911508966452,0.0602701322077,20,9,2,20,0.000150894466714,1.50894466714e-06,0.000150894466714,0.00133773738201,0.00230846991485,0.000553867308684,0.000150894466714,1.50894466714e-06,0.000150894466714,0.187569452702,0.620056719337,0.187567157599
571,0.105324682863,0.222778190949,0.0646053400335,0.0465188058184,0.0218644158745,0.100017756505,0.0292145094788,0.0791880167553,0.112994567043,0.0905107592716,0.114958702463,0.012024252945,20,9,2,20,0.000246637045848,2.46637045848e-06,0.000246637045848,0.00351598683609,0.00453722886067,0.000407455176972,0.000246637045848,2.46637045848e-06,0.000246637045848,0.186693893768,0.617162345055,0.186691609379
572,0.103798286616,0.0487099485417,0.0440675234677,0.010681055877,0.0180423860337,0.424727431059,0.178187591313,0.0530745052722,0.00114081037726,0.00938293910886,0.064754418418,0.0434331039153,20,9,2,20,0.00114307526499,1.14307526499e-05,0.00114307526499,0.048947760343,0.012094661679,0.00516909433423,0.00114307526499,1.14307526499e-05,0.00114307526499,0.175130075231,0.578935313511,0.175127932337
573,0.0130925671074,0.0127701591851,0.0283928110928,0.151310085505,0.324706850336,0.0647936917103,0.00857914493488,0.14068560547,0.0514332599667,0.0315524740001,0.0307725337517,0.14191081694,20,9,2,20,0.000402244450269,4.02244450269e-06,0.000402244450269,0.00782562220431,0.00392508096681,0.000917194218078,0.000402244450269,4.02244450269e-06,0.000402244450269,0.185783035873,0.614151281419,0.185780762629
574,0.0364466885811,0.252849215392,0.0404423790551,0.0194516549458,0.058591161833,0.0216731901789,0.0296071213398,0.0254178293459,0.0733216821822,0.154203517418,0.115255021174,0.172740538554,20,9,2,20,3.8847682166e-05,3.8847682166e-07,3.8847682166e-05,0.000211730283414,0.000420822867995,4.69227015505e-05,3.8847682166e-05,3.8847682166e-07,3.8847682166e-05,0.188317893539,0.622530873648,0.188315589278
575,0.0855150979662,0.0232746511266,0.173215775889,0.00584029930231,0.057774862088,0.248996754885,0.306408763908,0.00768687750332,0.0222205104417,0.0150289424927,0.0401662269739,0.0138712374238,20,9,2,20,0.00141840839842,1.41840839842e-05,0.00141840839842,0.146712716254,0.035534707324,0.00314472047887,0.00141840839842,1.41840839842e-05,0.00141840839842,0.152458847781,0.503990024108,0.152456982293
576,0.0633638215916,0.382904975791,0.103305298009,0.0038293647397,0.00575113270905,0.0805815277688,0.116984731332,0.0709866752465,0.0733525539722,0.0587469520422,0.0136929816969,0.0264999851012,20,9,2,20,0.00188289087651,1.88289087651e-05,0.00188289087651,0.0337025256911,0.0114768037696,0.00674435889856,0.00188289087651,1.88289087651e-05,0.00188289087651,0.177262442321,0.585984374661,0.177260273335
577,0.0296125322812,0.0374335312884,0.0153718543808,0.312821710102,0.0996543655622,0.0239736343122,0.0143622216691,0.0540770059533,0.0119991524006,0.0126491091067,0.0138970003722,0.374147882571,20,9,2,20,0.000108020079783,1.08020079783e-06,0.000108020079783,0.0348608559953,0.00165868524654,0.00069020938033,0.000108020079783,1.08020079783e-06,0.000108020079783,0.181380422858,0.599597378733,0.181378207067
578,0.0385123070011,0.355144077827,0.0349151139983,0.025278624384,0.0455845464632,0.0394738631412,0.0354590510239,0.0151405239048,0.00978135384815,0.0291968614454,0.326238228791,0.0452754481718,20,9,2,20,8.13190565539e-05,8.13190565539e-07,8.13190565539e-05,0.000786373853531,0.000560993995237,0.000285264554868,8.13190565539e-05,8.13190565539e-07,8.13190565539e-05,0.188106067652,0.621830631353,0.188103765984
579,0.00334677082707,0.00877304787878,0.0952872110751,0.00832033942253,0.103801012598,0.0142392249419,0.0424601474265,0.0923002120776,0.183686703562,0.343780613941,0.0129851923779,0.0910195238713,20,9,2,20,3.06222165705e-05,3.06222165705e-07,3.06222165705e-05,0.000868650230543,0.00113051279801,0.000115433530223,3.06222165705e-05,3.06222165705e-07,3.06222165705e-05,0.188053640799,0.62165732156,0.188051339772
580,0.0393940258999,0.219430233556,0.011359366904,0.204482021062,0.106797912098,0.0669496432241,0.129497954827,0.0584357949647,0.0160815104088,0.0285530994571,0.0341311390192,0.0848872985796,20,9,2,20,0.000622343270281,6.22343270281e-06,0.000622343270281,0.079393011107,0.00517767337637,0.00253181719988,0.000622343270281,6.22343270281e-06,0.000622343270281,0.171587171806,0.567223421546,0.171585085018
581,0.0806455561751,0.0263017300108,0.103184365776,0.100481516048,0.0276113370418,0.0259657142918,0.00540371986608,0.0109899108271,0.0555893217389,0.112507496719,0.238532461193,0.212786870313,20,9,2,20,2.76426234585e-05,2.76426234585e-07,2.76426234585e-05,0.00080205554873,0.000788727850091,0.000132161406937,2.76426234585e-05,2.76426234585e-07,2.76426234585e-05,0.188129715068,0.62190880367,0.18812741311
582,0.0564974851263,0.096448786736,0.0928144746367,0.124096174397,0.00631980665841,0.0132091213231,0.0428167930815,0.102711594711,0.0763937831593,0.208594895323,0.0590713519559,0.121025732893,20,9,2,20,0.000163692409229,1.63692409229e-06,0.000163692409229,0.0119445719983,0.00137512997964,0.00105896738876,0.000163692409229,1.63692409229e-06,0.000163692409229,0.185641340091,0.61368287682,0.185639070238
583,0.179904251553,0.00470179910164,0.0253946423373,0.125076781385,0.14195045509,0.0633719510674,0.103401856392,0.141003439433,0.0368234250083,0.0841829197791,0.0413577652169,0.0528307136367,20,9,2,20,0.000350934685977,3.50934685977e-06,0.000350934685977,0.00812566367457,0.00698929586548,0.00157857021706,0.000350934685977,3.50934685977e-06,0.000350934685977,0.185063179159,0.611771618922,0.185060914724
584,0.155360101124,0.0448948129773,0.0219267623705,0.013701090898,0.108165405301,0.0976072980659,0.250744277863,0.108256178805,0.0265083083385,0.00490843867923,0.0670738666682,0.10085345891,20,9,2,20,0.000184344605418,1.84344605418e-06,0.000184344605418,0.000130849279459,0.00165658555719,9.82423722968e-05,0.000184344605418,1.84344605418e-06,0.000184344605418,0.187980315455,0.621414926696,0.187978015326
585,0.194651350019,0.1309943585,0.0927380710416,0.155271872863,0.128382224016,0.00862200095188,0.00316898131829,0.0448151375945,0.0687334190226,0.091811413928,0.0127843416759,0.0680268290688,20,9,2,20,0.000614828198994,6.14828198994e-06,0.000614828198994,0.0167411040838,0.00975508816715,0.00041905309488,0.000614828198994,6.14828198994e-06,0.000614828198994,0.182936692827,0.604741998055,0.182934454412
586,0.237318503675,0.0234234612409,0.0202297967991,0.0483617076914,0.0222864738149,0.296244830261,0.0296143815785,0.0940634094582,0.037739947019,0.056624784195,0.04115595774,0.0929367465275,20,9,2,20,0.000170044883235,1.70044883235e-06,0.000170044883235,0.00324087686093,0.00420822797188,0.000647886322453,0.000170044883235,1.70044883235e-06,0.000170044883235,0.186820470112,0.617580774129,0.186818184174
587,0.128430548086,0.019030764397,0.094969213628,0.104947021944,0.0508014286158,0.141750027488,0.0238397240929,0.204780293277,0.0282755842102,0.172319648933,0.00199232388174,0.0288634214468,20,9,2,20,0.000101307239766,1.01307239766e-06,0.000101307239766,0.000520011502115,0.00370476028317,0.000226557736957,0.000101307239766,1.01307239766e-06,0.000101307239766,0.18755966814,0.620024374076,0.187557373158
588,0.0408752378608,0.0224076502269,0.066801563469,0.0168801682994,0.0611029091791,0.21017811617,0.0696179151575,0.0585893417876,0.225887433031,0.133977194132,0.0180034821428,0.0756789885442,20,9,2,20,0.000187508924234,1.87508924234e-06,0.000187508924234,0.00877234808625,0.00699648584214,0.00118245913272,0.000187508924234,1.87508924234e-06,0.000187508924234,0.185138420092,0.612020346235,0.185136154736
589,0.0339442380553,0.213587067475,0.0115326452377,0.205886493212,0.0288407350734,0.0291188758421,0.14392437674,0.117117998464,0.163152232591,0.0109747573714,0.0418591624161,6.14175217836e-05,20,9,2,20,0.00422672952384,4.22672952384e-05,0.00422672952384,0.0679238156443,0.0215963577468,0.00871483572082,0.00422672952384,4.22672952384e-05,0.00422672952384,0.16675803925,0.551259500155,0.166755998797
590,0.013967213293,0.0114453299886,0.000192784566008,0.216887151394,0.00993989353708,0.084866447716,0.132527790633,0.0778786889432,0.0224717060919,0.189143707309,0.199199567893,0.0414797186351,20,9,2,20,4.46656844893e-05,4.46656844893e-07,4.46656844893e-05,0.000304307687241,0.000560993439685,0.000299193337664,4.46656844893e-05,4.46656844893e-07,4.46656844893e-05,0.188222071334,0.622214109904,0.188219768246
591,0.000632211438716,0.0224557399,0.00747778418453,0.18801460711,0.00165756500611,0.120758515431,0.0157190857084,0.0378809210791,0.0693360966791,0.0576054161408,0.219184719039,0.259277338283,20,9,2,20,1.71652176141e-05,1.71652176141e-07,1.71652176141e-05,0.000232073509591,0.000747448641856,3.44799930796e-05,1.71652176141e-05,1.71652176141e-07,1.71652176141e-05,0.188271271741,0.622376753889,0.188268968051
592,0.0549969247057,0.0175914331206,0.0133146289804,0.0914248768785,0.0540799410788,0.386232329576,0.00355562695193,0.0431821705633,0.221500751115,0.00158439077675,0.0165255060809,0.0960114201716,20,9,2,20,0.000987126451874,9.87126451874e-06,0.000987126451874,0.0338415362233,0.018472821582,0.00127759259349,0.000987126451874,9.87126451874e-06,0.000987126451874,0.177626710774,0.58718855316,0.177624537331
593,0.0284947551644,0.172498063022,0.0205579127827,0.0558533985427,0.0408452042808,0.00279446289976,0.253716418048,0.135620582778,0.197789316095,0.0417981622851,0.022577195301,0.0274545288005,20,9,2,20,0.00165623856139,1.65623856139e-05,0.00165623856139,0.0131956969747,0.0141863523637,0.00399248267182,0.00165623856139,1.65623856139e-05,0.00165623856139,0.181307180517,0.599355246415,0.181304962041
594,0.00872710371966,0.0145173291117,0.0202923126592,0.0889529120901,0.430881151022,0.030792628407,0.110737597034,0.0688106150249,0.0800870778881,0.0531081598772,0.0504255562024,0.0426675569641,20,9,2,20,0.000495199478636,4.95199478636e-06,0.000495199478636,0.040625196092,0.00967923770968,0.000547522348591,0.000495199478636,4.95199478636e-06,0.000495199478636,0.178515845765,0.590127828161,0.178513668019
595,0.0608310706512,0.0267860082085,0.227793514887,0.0624962122178,0.0793797018143,0.0110263077744,0.00313782517057,0.139965830515,0.164156300733,0.183488022149,0.0374896466574,0.00344955922097,20,9,2,20,0.000257310391428,2.57310391428e-06,0.000257310391428,0.00433984533507,0.00369585432471,0.000854721532321,0.000257310391428,2.57310391428e-06,0.000257310391428,0.186604809523,0.616867855287,0.186602526224
596,0.00894187126383,0.0349739289475,0.135522100879,0.0639404232899,0.134813910752,0.0456206608418,0.00735839523682,0.0799440494704,0.238653338227,0.00327651781351,0.107886127787,0.139068675492,20,9,2,20,0.000216025441713,2.16025441713e-06,0.000216025441713,0.0135548052237,0.00293793373443,0.000819522072694,0.000216025441713,2.16025441713e-06,0.000216025441713,0.185048780372,0.611724020208,0.185046516113
597,0.0297922037887,0.105881312235,0.0259685012569,0.0240071211293,0.0302039688577,0.0461776787699,0.0678377652642,0.241347004963,0.0911230001542,0.0937474491948,0.192496101646,0.0514178927398,20,9,2,20,7.90023767834e-05,7.90023767834e-07,7.90023767834e-05,0.000485251878728,0.00099797089361,6.74692260082e-05,7.90023767834e-05,7.90023767834e-07,7.90023767834e-05,0.188123266684,0.621887486958,0.188120964805
598,0.0594734062045,0.0698074930811,0.015870967348,0.0070035671642,0.110461769848,0.261239644389,0.0583204291641,0.0511888133337,0.171343442324,0.0645301066499,0.0290897542428,0.10167060625,20,9,2,20,0.000227720204958,2.27720204958e-06,0.000227720204958,0.00355778993206,0.00485087017257,0.000526723379991,0.000227720204958,2.27720204958e-06,0.000227720204958,0.186618754866,0.616913955029,0.186616471396
599,0.124768870977,0.0389575443478,0.0533328238345,0.0383159941926,0.0490322254424,0.170208339405,0.212448984231,0.0854419297042,0.0616617787631,0.132327400325,0.00468819671753,0.0288159120598,20,9,2,20,0.000575025101486,5.75025101486e-06,0.000575025101486,0.0127149747907,0.00505577999766,0.00523251956101,0.000575025101486,5.75025101486e-06,0.000575025101486,0.183704160749,0.607279051051,0.183701912943
600,0.123785995701,0.0592719858586,0.104275862248,0.0418851827155,0.00478828900323,0.0631651061185,0.0536328578435,0.0982399823245,0.163900923225,0.0476614904102,0.198062064185,0.0413302603675,20,9,2,20,5.33556983917e-05,5.33556983917e-07,5.33556983917e-05,0.000495599667642,0.00113049146491,0.000930044282585,5.33556983917e-05,5.33556983917e-07,5.33556983917e-05,0.187953197088,0.621325280299,0.18795089729
601,0.0299541807338,0.114023089979,0.0478152468443,0.105382721571,0.035885032243,0.048131573096,0.114107822957,0.0137108981183,0.0182400745847,0.18774384957,0.241310857897,0.0436946524052,20,9,2,20,9.04306916614e-05,9.04306916614e-07,9.04306916614e-05,0.00366424708118,0.00115764063799,0.000326844086218,9.04306916614e-05,9.04306916614e-07,9.04306916614e-05,0.187436465818,0.619617098654,0.187434172343
602,0.262435346007,0.0107546315263,0.0667677834065,0.0680658861254,0.0585637755078,0.078363245558,0.0439883100981,0.0728859964331,0.164385373929,0.0344066891872,0.0913750169121,0.0480079453101,20,9,2,20,0.000552970349739,5.52970349739e-06,0.000552970349739,0.0400974316422,0.00291973482391,0.00299604553203,0.000552970349739,5.52970349739e-06,0.000552970349739,0.179384063983,0.592997914175,0.179381869038
603,0.020645272292,0.114276968313,0.114491800452,0.0374291387033,0.0201617267221,0.0248696116681,0.0288736240592,0.210604210906,0.0734492919786,0.170701315176,0.0522205448769,0.132276494853,20,9,2,20,0.000113203611861,1.13203611861e-06,0.000113203611861,0.00110715868392,0.000559263291667,0.000584695610439,0.000113203611861,1.13203611861e-06,0.000113203611861,0.18796534041,0.621365423021,0.187963040464
604,0.0389952681585,0.150676662845,0.063083222068,0.0344759317616,0.00484208370549,0.164376645433,0.079693838843,0.0334705700119,0.0640724796191,0.0321822383774,0.0906332893804,0.243497769797,20,9,2,20,0.000172062366593,1.72062366593e-06,0.000172062366593,0.00873381380444,0.00149868269747,0.00122210899987,0.000172062366593,1.72062366593e-06,0.000172062366593,0.186186113843,0.615483754273,0.186183835668
605,0.134476262064,0.024321341663,0.0699336931144,0.0839492791713,0.12190107122,0.270527347836,0.018246323861,0.0524411037303,0.0551351132042,0.0239460317532,0.129823490502,0.01529894188,20,9,2,20,0.000646813315045,6.46813315045e-06,0.000646813315045,0.0460044413751,0.00879221145693,0.00209831466676,0.000646813315045,6.46813315045e-06,0.000646813315045,0.177262018752,0.585982974451,0.177259849772
606,0.0196803396688,0.0651663072486,0.100911110205,0.388885106017,0.021570824171,0.0246214787526,0.00113376376448,0.00488138069283,0.208230257083,0.0635386371821,0.061102725406,0.0402780698094,20,9,2,20,0.000367925609578,3.67925609578e-06,0.000367925609578,0.00810405419854,0.00944908638057,0.000935766085967,0.000367925609578,3.67925609578e-06,0.000367925609578,0.184711921262,0.610610449998,0.184709661124
607,0.0310856241034,0.0343999395041,0.0613316652579,0.512106175986,0.0278424038945,0.0594137431324,0.0818156089451,0.00939382094053,0.0250925396558,0.0608027266022,0.0412249995976,0.0554907523801,20,9,2,20,0.00028171955296,2.8171955296e-06,0.00028171955296,0.00167480869348,0.00247554483889,0.00391011673262,0.00028171955296,2.8171955296e-06,0.00028171955296,0.186742740734,0.617323820651,0.186740455747
608,0.0816642582485,0.0218876413448,0.118811272545,0.0056530379926,0.0266403451065,0.0243567597966,0.248560097274,0.163261284895,0.136998193947,0.137086028118,0.010982246727,0.0240988340046,20,9,2,20,0.000469315338263,4.69315338263e-06,0.000469315338263,0.0113694261292,0.00658480476958,0.00191682953619,0.000469315338263,4.69315338263e-06,0.000469315338263,0.184374599224,0.609495349467,0.184372343214
609,0.0171546991339,0.0137005538229,0.113453561887,0.15749857669,0.0459861016379,0.0709561995827,0.0818653881043,0.137033309568,0.162422787944,0.000426713635919,0.0887659719428,0.110736136051,20,9,2,20,0.000447787686712,4.47787686712e-06,0.000447787686712,0.0146967113588,0.00407162024685,0.00262139822312,0.000447787686712,4.47787686712e-06,0.000447787686712,0.184104678294,0.60860305979,0.184102425587
610,0.104872234158,0.23755839462,0.142127021684,0.0198964264453,0.0303440111866,0.0818923075603,0.0207943086443,0.107257873329,0.11165381731,0.00322585046528,0.07331125994,0.0670664946572,20,9,2,20,0.000761312411713,7.61312411713e-06,0.000761312411713,0.0542568899535,0.0118472392612,0.00285840042652,0.000761312411713,7.61312411713e-06,0.000761312411713,0.174900827595,0.578177479361,0.174898687507
611,0.00952959839499,0.0463249809845,0.223676042197,0.0427720045051,0.0196366662309,0.118233616517,0.0990749984813,0.0500267199702,0.0120084841446,0.08974506778,0.0290244874405,0.259947333353,20,9,2,20,0.000120682082539,1.20682082539e-06,0.000120682082539,0.00225088751607,0.00113629231916,0.00058114935324,0.000120682082539,1.20682082539e-06,0.000120682082539,0.187636022059,0.620276780637,0.187633726143
612,0.132899128652,0.00840069236942,0.0278612423052,0.117154846334,0.0577299640284,0.0978600526477,0.081360368175,0.06704723037,0.103389447686,0.0734373492314,0.201590526762,0.0312691514378,20,9,2,20,0.000226902661594,2.26902661594e-06,0.000226902661594,0.0141533166057,0.00314982315103,0.000317394497696,0.000226902661594,2.26902661594e-06,0.000226902661594,0.18498243557,0.611504707467,0.184980174009
613,0.0384573049476,0.0215405105071,0.129623518608,0.0236961058279,0.0921443287066,0.0104104279054,0.176382735486,0.0319488616353,0.24855694189,0.00954292542218,0.0101190231449,0.207577315918,20,9,2,20,0.000160516006339,1.60516006339e-06,0.000160516006339,0.00257336623157,0.00316446486436,0.00145645392834,0.000160516006339,1.60516006339e-06,0.000160516006339,0.186997827758,0.618167073223,0.18699553965
614,0.162388929187,0.0410683636337,0.0410895236908,0.148499997343,0.0847985442193,0.158647578789,0.0526207633836,0.0172510471727,0.00632590497399,0.0583881950217,0.0363998746812,0.192521277904,20,9,2,20,1.8611430839e-06,1.8611430839e-08,1.8611430839e-06,7.67842787324e-06,6.39584045578e-05,3.10680216061e-06,1.8611430839e-06,1.8611430839e-08,1.8611430839e-06,0.188459894311,0.623000291946,0.188457588314
615,0.0329711871462,0.0839052386229,0.0550743342136,0.241928618137,0.0320434545501,0.075096857349,0.0866610920727,0.0126275543505,0.0733547029385,0.209615180418,0.0255750992724,0.0711466809296,20,9,2,20,0.000242547391908,2.42547391908e-06,0.000242547391908,0.0329634786267,0.00262255120797,0.00137724639685,0.000242547391908,2.42547391908e-06,0.000242547391908,0.181324949439,0.59941399909,0.181322734725
616,0.0128835250285,0.0303891033826,0.0666606573474,0.119405083397,0.0375579705465,0.162272196778,0.149338295973,0.026942634388,0.01757312109,0.205918995578,0.119960799134,0.0510976173573,20,9,2,20,7.65717336232e-05,7.65717336232e-07,7.65717336232e-05,0.000889041910679,0.000582641502473,0.000919103232592,7.65717336232e-05,7.65717336232e-07,7.65717336232e-05,0.187966771144,0.621370152661,0.18796447118
617,0.179830452541,0.0343060382841,0.101577104932,0.0229711091651,0.133411026535,0.146470261271,0.0376924508431,0.0475373675442,0.108479080967,0.151535482688,0.0309435472564,0.0052460779727,20,9,2,20,0.000313129752907,3.13129752907e-06,0.000313129752907,0.0645519874062,0.00319378599189,0.00198328551004,0.000313129752907,3.13129752907e-06,0.000313129752907,0.175095930728,0.578822440504,0.175093788253
618,0.0388617425302,0.0819858279765,0.130179724474,0.0181846178782,0.392210606213,0.192844179712,0.0461493880563,0.0298461754567,0.00695480887089,0.0329291917582,0.00673114741196,0.0231225896622,20,9,2,20,0.00141726691679,1.41726691679e-05,0.00141726691679,0.0215539298157,0.0398537576897,0.00212783750454,0.00141726691679,1.41726691679e-05,0.00141726691679,0.175426686665,0.579915835178,0.175424540141
619,0.0521210259102,0.0166574751934,0.0230126792112,0.0442121567778,0.0696488625452,0.0013005320238,0.213328687828,0.210485061097,0.152288149585,0.076423102133,0.0232751265386,0.117247141157,20,9,2,20,0.000201758995372,2.01758995372e-06,0.000201758995372,0.0165233310197,0.00763622816553,0.00189787751191,0.000201758995372,2.01758995372e-06,0.000201758995372,0.183411339236,0.606311057893,0.183409095013
620,0.111122614151,0.0466213699807,0.00292495442914,0.106323381363,0.0309410421969,0.13782739045,0.0529418751384,0.32687806045,0.0461978108477,0.00193246570963,0.0562596495332,0.0800293857508,20,9,2,20,0.000781332075814,7.81332075814e-06,0.000781332075814,0.0301614066565,0.00682513091085,0.00717297048499,0.000781332075814,7.81332075814e-06,0.000781332075814,0.179560418486,0.593580897134,0.179558221383
621,0.00533525694498,0.240812220828,0.0239985423048,0.030842587691,0.313906058632,0.0325193872953,1.75621684485e-05,0.253441171379,0.0357177908684,0.0226904289555,0.0215442120787,0.0191747808535,20,9,2,20,0.00401923034278,4.01923034278e-05,0.00401923034278,0.0431996523832,0.0212750502807,0.00235481934452,0.00401923034278,4.01923034278e-05,0.00401923034278,0.172834416864,0.57134645309,0.17283230206
622,0.128687541354,0.0331232151816,0.232343664376,0.044425270595,0.0609152195193,0.0864508383136,0.0715351541149,0.107380638259,0.0988532616823,0.0750758701049,0.0397101615917,0.0214991649078,20,9,2,20,0.000316064562067,3.16064562067e-06,0.000316064562067,0.052862290655,0.0110521323264,0.00688033534204,0.000316064562067,3.16064562067e-06,0.000316064562067,0.174892848994,0.578151104141,0.174890709003
623,0.112528171831,0.00525114051124,0.0401262418128,0.0880877076299,0.0206048609693,0.0678666528082,0.010933620039,0.0980547576974,0.3044508559,0.190478619489,0.0415689040233,0.0200484672893,20,9,2,20,0.000121846161081,1.21846161081e-06,0.000121846161081,0.000406900296901,0.000993426658271,0.000240726466426,0.000121846161081,1.21846161081e-06,0.000121846161081,0.188073774283,0.621723877718,0.18807147301
624,0.0479263236847,0.334259031956,0.0297668823392,0.00855278751711,0.0659104475307,0.0774473337673,0.0996580992982,0.0281026596873,0.076786082075,0.107870288073,0.0505469343886,0.0731731296834,20,9,2,20,0.000248808140472,2.48808140472e-06,0.000248808140472,0.00173653593456,0.00135244481684,0.00113247794441,0.000248808140472,2.48808140472e-06,0.000248808140472,0.187491235968,0.619798154788,0.187488941823
625,0.190853584781,0.0665670282224,0.0657800958698,0.0919911576288,0.15819265141,0.0997754179214,0.0618881757389,0.0378302518716,0.0251023501951,0.134103885303,0.0104535805558,0.0574618205018,20,9,2,20,0.000419527609472,4.19527609472e-06,0.000419527609472,0.00655521120542,0.00440807648743,0.000609059562837,0.000419527609472,4.19527609472e-06,0.000419527609472,0.185976425164,0.614790577037,0.185974149554
626,0.182736002944,0.169753340166,0.175790595732,0.0487026152174,0.0261732053991,0.0028846432907,0.303671070534,0.00912684173408,0.0270023190744,0.0162076598941,0.00532279862466,0.0326289073899,20,9,2,20,0.00289888506696,2.89888506696e-05,0.00289888506696,0.0286753361907,0.0383083420427,0.0284735107836,0.00289888506696,2.89888506696e-05,0.00289888506696,0.168287659318,0.556316033548,0.168285600148
627,0.0442868493622,0.306191841372,0.0109604084879,0.000248829345112,0.0183672851404,0.234648234362,0.024465377764,0.0046191628891,0.0254921942549,0.151941210896,0.0128842736182,0.165894332509,20,9,2,20,0.000168515866049,1.68515866049e-06,0.000168515866049,0.00583841133258,0.00305401087326,0.000383317267839,0.000168515866049,1.68515866049e-06,0.000168515866049,0.186599463552,0.616850182873,0.186597180319
628,0.0123762429673,0.0201700657825,0.118270754266,0.077697195162,0.147556659977,0.0507249146952,0.299228710879,0.0477121882068,0.0670210638687,0.00857883789474,0.122486753839,0.0281766124608,20,9,2,20,0.000365818354176,3.65818354176e-06,0.000365818354176,0.0528793576648,0.00675947683055,0.000717347460307,0.000365818354176,3.65818354176e-06,0.000365818354176,0.176822561111,0.584530262687,0.176820404463
629,0.0161837460238,0.0257766906345,0.00238814640039,0.0780579640399,0.115826969572,0.0222616420208,0.358069584876,0.00145688934467,0.00693613341444,7.07217104146e-05,0.328965884091,0.0440056278717,20,9,2,20,9.53212850682e-05,9.53212850682e-07,9.53212850682e-05,0.0106610606211,0.000719877004991,0.00163873534556,9.53212850682e-05,9.53212850682e-07,9.53212850682e-05,0.185949280492,0.614700848346,0.185947006625
630,0.219478174262,0.0115954752996,0.0193494730159,0.0651062263708,0.171131826639,0.13626881298,0.0772200472183,0.0400509531436,0.0474690613809,0.0139505056231,0.166301387298,0.0320780567697,20,9,2,20,0.000162118857498,1.62118857498e-06,0.000162118857498,0.000632248785038,0.00140171057713,0.000941785699879,0.000162118857498,1.62118857498e-06,0.000162118857498,0.187791704296,0.620791426361,0.187789406474
631,0.108116845081,0.150976002131,0.014556417546,0.00596505179317,0.0784542415143,0.223662542172,0.0886194612067,0.00818648289518,0.0812046200281,0.0794715906635,0.0581170334082,0.102669711561,20,9,2,20,0.000227007075738,2.27007075738e-06,0.000227007075738,0.00321429664722,0.00241453550996,0.000357658611346,0.000227007075738,2.27007075738e-06,0.000227007075738,0.187175088893,0.618753053277,0.187172798616
632,0.0520818339609,0.17608598946,0.0603366455835,0.19551572097,0.0152010765236,0.305802568611,0.140689395941,0.0333787637406,0.00113162093824,0.00427227817676,0.0106764514039,0.00482765469101,20,9,2,20,0.00446447772398,4.46447772398e-05,0.00446447772398,0.296795205048,0.0947201155339,0.0231635202663,0.00446447772398,4.46447772398e-05,0.00446447772398,0.106936029153,0.353503208867,0.106934720682
633,0.0918383178085,0.0929418097152,0.42362580525,0.00752393821309,0.0125668275514,0.00665322143645,0.0383845611239,0.00190005662826,0.051085198249,0.00469928123671,0.010762090773,0.258018892015,20,9,2,20,0.000200927765487,2.00927765487e-06,0.000200927765487,0.00435755431627,0.00161605653561,0.00068299808651,0.000200927765487,2.00927765487e-06,0.000200927765487,0.187068547648,0.618400855122,0.187066258674
634,0.00818950450475,0.00118295061968,0.118285597755,0.146795183241,0.0546685065051,0.27892250157,0.121746525621,0.11668170001,0.0313889139217,0.0258838315437,0.054238230578,0.0420165541301,20,9,2,20,0.000656204480177,6.56204480177e-06,0.000656204480177,0.0412335706359,0.016232866977,0.00419225594977,0.000656204480177,6.56204480177e-06,0.000656204480177,0.176357053919,0.582991409219,0.176354901289
635,0.000839271953114,0.0504747867637,0.231022367213,0.0250583537077,0.0606021630385,0.0250646389611,0.0879245245107,0.131686697118,0.051483557664,0.145904017321,0.067425461135,0.122514160614,20,9,2,20,0.000121440828263,1.21440828263e-06,0.000121440828263,0.00277439009961,0.000459012395033,0.00174366043351,0.000121440828263,1.21440828263e-06,0.000121440828263,0.187445325693,0.61964638714,0.18744303211
636,0.0766490286123,0.160819866192,0.0225382742064,0.165726376107,0.268590922979,0.105937711138,0.0459110152266,0.0223764409067,0.0307299861972,0.0180763157429,0.00357575985001,0.0790683028413,20,9,2,20,0.00132559576023,1.32559576023e-05,0.00132559576023,0.0358915683931,0.0151974839271,0.00370565182935,0.00132559576023,1.32559576023e-05,0.00132559576023,0.177143572884,0.585591422656,0.177141405354
637,0.0374632328323,0.0774384797528,0.290271887685,0.00883326828159,0.0873421935112,0.0445854523972,0.0571669074512,0.109214511606,0.00347750139419,0.203466168149,0.0742861059187,0.00645429102059,20,9,2,20,7.19158694715e-05,7.19158694715e-07,7.19158694715e-05,0.0167066602082,0.00205612692266,0.00104692530573,7.19158694715e-05,7.19158694715e-07,7.19158694715e-05,0.184687258109,0.610528927185,0.184685000474
638,0.0796085316373,0.0482165072988,0.0897195580428,0.0977326404008,0.0569707156469,0.05968843819,0.0187523024691,0.172205404419,0.0390824043888,0.0247481169052,0.0684608378659,0.244814542735,20,9,2,20,0.000117939167259,1.17939167259e-06,0.000117939167259,0.0107137069303,0.00420483802763,0.000124732017567,0.000117939167259,1.17939167259e-06,0.000117939167259,0.185550745164,0.613383387645,0.185548474763
639,0.0988098224979,0.065220756747,0.0442886021493,0.0971487410217,0.00305902534813,0.166977652087,0.0272573191303,0.151336398042,0.00969605389114,0.00764917268418,0.260102931815,0.0684535245859,20,9,2,20,0.00027194339156,2.7194339156e-06,0.00027194339156,0.00409399268328,0.000775175949102,0.000557270169621,0.00027194339156,2.7194339156e-06,0.00027194339156,0.18724659796,0.618989443995,0.187244306809
640,0.0720100228298,0.10026600616,0.0127698961007,0.07567687387,0.0361395832533,0.0260434322917,0.274159679155,0.0848974098898,0.0926632104346,0.032945864444,0.139423937068,0.0530040845027,20,9,2,20,0.000521034847238,5.21034847238e-06,0.000521034847238,0.00765431427736,0.0033644855748,0.000681428206408,0.000521034847238,5.21034847238e-06,0.000521034847238,0.185875413681,0.614456658867,0.185873139307
641,0.074821790575,0.0704792703422,0.31514095135,0.00585686345395,0.0132950832029,0.197830483925,0.0505806230004,0.124156128243,0.062141874308,0.0357261801689,0.0306025881234,0.0193681633073,20,9,2,20,0.00100902966768,1.00902966768e-05,0.00100902966768,0.0415530022798,0.0304333848848,0.00701895602139,0.00100902966768,1.00902966768e-05,0.00100902966768,0.172820316178,0.571299839825,0.172818201547
642,0.0604892694775,0.00436704974555,0.0510302541408,0.0330170256405,0.269759191453,0.15528657726,0.0889830751099,0.0176464359247,0.00906022814751,0.162097132179,0.141101922993,0.00716183792801,20,9,2,20,9.53718961213e-05,9.53718961213e-07,9.53718961213e-05,0.000615876009458,0.00104952303527,0.000210047016652,9.53718961213e-05,9.53718961213e-07,9.53718961213e-05,0.188049655823,0.621644148248,0.188047354845
643,0.118641955078,0.0795186692964,0.135072476858,0.201907773248,0.00666414632658,0.123506922628,0.0160537814564,0.0952225852539,0.0254053668853,0.00207953530616,0.158788176035,0.0371386116279,20,9,2,20,0.000502690521647,5.02690521647e-06,0.000502690521647,0.0117155719105,0.00333165524187,0.00266243210555,0.000502690521647,5.02690521647e-06,0.000502690521647,0.184756682746,0.610758420037,0.184754422061
644,0.0883110356915,0.0335025757255,0.109076777454,0.0412504623216,0.0254481996198,0.319233142543,0.000526050926141,0.0971066794727,0.00665603935042,0.181928040504,0.0849554239665,0.0120055724244,20,9,2,20,9.75741503263e-05,9.75741503263e-07,9.75741503263e-05,0.000699227627458,0.000819602051561,0.00112836433423,9.75741503263e-05,9.75741503263e-07,9.75741503263e-05,0.187902531741,0.621157793598,0.187900232563
645,0.0766216142319,0.0288729899121,0.0875880426809,0.0390555793822,0.328339052158,0.162295035554,0.015218668835,0.0663637965493,0.0159798376457,0.14946933535,0.0126926535681,0.0175033941327,20,9,2,20,0.000193592610081,1.93592610081e-06,0.000193592610081,0.00035380589277,0.00053154832791,0.000242615528938,0.000193592610081,1.93592610081e-06,0.000193592610081,0.18811611772,0.621863854309,0.188113815929
646,0.112468375886,0.0897972523111,0.230838937314,0.139471936274,0.0386449967085,0.0435471580017,0.0681940311487,0.170098053284,0.0147942600054,0.0106841958082,0.0575012525598,0.0239595506996,20,9,2,20,0.000670410429304,6.70410429304e-06,0.000670410429304,0.0519085615886,0.0192702095275,0.00297645801791,0.000670410429304,6.70410429304e-06,0.000670410429304,0.173990997625,0.575169845155,0.17398887816
647,0.0310972341346,0.120059679046,0.0406794856783,0.0252301073362,0.0567874241321,0.0694216066734,0.227574067708,0.0673718126393,0.0391615572051,0.00521990471868,0.188296990475,0.129100130253,20,9,2,20,0.000138326795858,1.38326795858e-06,0.000138326795858,0.0031190947769,0.000899604615845,0.00174422881383,0.000138326795858,1.38326795858e-06,0.000138326795858,0.187284415418,0.619114458853,0.187282123803
648,0.0947155248065,0.144136093168,0.0070940672123,0.188456747338,0.0467891957683,0.0216424283881,0.0880384030304,0.0932966691691,0.043379603258,0.0610301182108,0.157306386137,0.0541147635133,20,9,2,20,0.000296676597528,2.96676597528e-06,0.000296676597528,0.0229293252078,0.00293075678349,0.00157536151005,0.000296676597528,2.96676597528e-06,0.000296676597528,0.183079702542,0.605214751658,0.183077462377
649,0.00046369562808,0.0128105776014,0.0474365662724,0.0303383248755,0.0257440704598,0.159851331716,0.041159331377,0.0959037399702,0.154271149633,0.132834561513,0.0248709865943,0.27431566436,20,9,2,20,0.000133670482976,1.33670482976e-06,0.000133670482976,0.0119240238501,0.00141628035272,0.000604197074254,0.000133670482976,1.33670482976e-06,0.000133670482976,0.185745916509,0.614028581092,0.18574364578
650,0.112241724537,0.0947822238968,0.0340729681346,0.00670188474132,0.0952485090563,0.037111135261,0.231585077808,0.00579322063889,0.1885716981,0.0633513933144,0.0957998609464,0.0347403035658,20,9,2,20,0.000406668903889,4.06668903889e-06,0.000406668903889,0.00780073586887,0.00293022908492,0.00317419220679,0.000406668903889,4.06668903889e-06,0.000406668903889,0.185546490572,0.613369323051,0.185544220223
651,0.0538717582441,0.022905684311,0.0820142520696,0.00111703309098,0.118083649012,0.0370256232517,0.0291473876056,0.250187213419,0.233514187916,0.0135542196688,0.158548295111,3.0696300992e-05,20,9,2,20,0.000449341759332,4.49341759332e-06,0.000449341759332,0.0218323150775,0.00844268491565,0.000613122609008,0.000449341759332,4.49341759332e-06,0.000449341759332,0.182313287519,0.602681179276,0.182311056731
652,0.066754304865,0.00586952286777,0.020678358987,0.0595502543546,0.164550302923,0.00385767101925,0.00531489973302,0.0476412870333,0.545573660344,0.0175858540117,0.0168246764968,0.0457992073639,20,9,2,20,0.00259809484945,2.59809484945e-05,0.00259809484945,0.0762178123295,0.0198728481631,0.004924764407,0.00259809484945,2.59809484945e-05,0.00259809484945,0.16746796868,0.553606345586,0.16746591954
653,0.104830235996,0.069454559648,0.0389667217303,0.0812683288792,0.0386354923296,0.0438105169826,0.166919575764,0.110811262958,0.101773123821,0.0571888906761,0.0393893120898,0.146951979125,20,9,2,20,0.0003085068669,3.085068669e-06,0.0003085068669,0.0186065661343,0.0050870141629,0.000378713933253,0.0003085068669,3.085068669e-06,0.0003085068669,0.183704609966,0.607280536045,0.183702362154
654,0.0135566979011,0.0557520417794,0.0395757252764,0.127949751645,0.131838912903,0.0246807038122,0.0368104233879,0.0234878239076,0.0377042336026,0.147013020454,0.359069537315,0.00256112801573,20,9,2,20,0.000112351999326,1.12351999326e-06,0.000112351999326,0.00221459087084,0.000665155993434,0.000117631261575,0.000112351999326,1.12351999326e-06,0.000112351999326,0.187825333905,0.620902597261,0.187823035671
655,0.00210637866897,0.0202161124884,0.00195546400636,0.0736411343774,0.062300574703,0.112705271453,0.0129374306702,0.13387634408,0.0362725150805,0.0732537904129,0.191390006085,0.279344977974,20,9,2,20,7.75418540611e-05,7.75418540611e-07,7.75418540611e-05,0.00320510464401,0.00062798454369,0.000394515776014,7.75418540611e-05,7.75418540611e-07,7.75418540611e-05,0.187619841059,0.620223290383,0.187617545341
656,0.194596737851,0.00441458338835,0.307512003559,0.0158870516071,0.0165152354311,0.205724474626,0.145889453748,0.00407694090228,0.0322550244565,0.0435622669702,0.0223317321594,0.00723449530097,20,9,2,20,0.00283686705556,2.83686705556e-05,0.00283686705556,0.0428056471743,0.019129108535,0.00756893010578,0.00283686705556,2.83686705556e-05,0.00283686705556,0.173226245255,0.572641737709,0.173224125657
657,0.217584049435,0.0977347990393,0.00971677064738,0.0100373156421,0.0912298657051,0.0112592572413,0.235117685459,0.0350007671928,0.0541913711956,0.128947160403,0.0413077590763,0.0678731989629,20,9,2,20,0.000292367845145,2.92367845145e-06,0.000292367845145,0.0349406693288,0.00479751413166,0.000309087212863,0.000292367845145,2.92367845145e-06,0.000292367845145,0.180705943739,0.597367728868,0.180703737983
658,0.123670013544,0.0838031771182,0.000574440436212,0.0561873589853,0.30850728676,0.0766987963693,0.155519509992,0.12462187644,0.00547881417354,0.0443380917534,0.0166443492897,0.00395628513838,20,9,2,20,0.00098490558559,9.8490558559e-06,0.00098490558559,0.0701374395229,0.0288953655788,0.00255106099633,0.00098490558559,9.8490558559e-06,0.00098490558559,0.168583098346,0.557292679541,0.168581035561
659,0.322346945746,0.104089390767,0.0896399395914,0.0112191448126,0.0104250362577,0.0826631712648,0.10228956186,0.0241544792322,0.030368577335,0.0138860724689,0.0712698217076,0.137647858956,20,9,2,20,0.000103816143094,1.03816143094e-06,0.000103816143094,0.00180412571592,0.00393043486147,0.000645645063899,0.000103816143094,1.03816143094e-06,0.000103816143094,0.187194221535,0.618816300905,0.187191931024
660,0.0943104078539,0.0322081177928,0.244064665724,0.0645576765815,0.00142988495178,0.139198680357,0.0244732640811,0.124131271842,0.100320165113,0.00814928361045,0.0901080147593,0.0770485673333,20,9,2,20,0.000471318218597,4.71318218597e-06,0.000471318218597,0.0040494062888,0.00377126274583,0.00130037349895,0.000471318218597,4.71318218597e-06,0.000471318218597,0.186399195535,0.616188147941,0.186396914752
661,0.00940624399656,0.0361875827437,0.049705397521,0.0557402606557,0.205452857476,0.00483838983397,0.0496556185737,0.326451907785,0.167149824857,0.0738419929754,0.00455639328304,0.0170135302996,20,9,2,20,0.00126553707498,1.26553707498e-05,0.00126553707498,0.107713800386,0.015742743142,0.00179452533779,0.00126553707498,1.26553707498e-05,0.00126553707498,0.163909772991,0.541843914858,0.163907784245
662,0.0326454616298,0.0512669251351,0.0502765939912,0.0456997005367,0.0240498184077,0.00236250535426,0.0326340861134,0.289642288953,0.0800721092893,0.117494124982,0.252592050412,0.0212643351959,20,9,2,20,0.000151769820364,1.51769820364e-06,0.000151769820364,0.00479643057113,0.000866843247721,0.000527406703341,0.000151769820364,1.51769820364e-06,0.000151769820364,0.187193609241,0.61881427682,0.187191318738
663,0.0290843140949,0.0421508589887,0.126975825873,0.0472522632015,0.140536193871,0.000958657154559,0.00302933624322,0.250740344006,0.0756069406004,0.00786454554497,0.228362699329,0.0474380210923,20,9,2,20,0.000140079313183,1.40079313183e-06,0.000140079313183,0.00254998945183,0.00171126007441,0.000418754402835,0.000140079313183,1.40079313183e-06,0.000140079313183,0.187487192163,0.619784787001,0.187484898068
664,0.0621549143142,0.0137279444517,0.089667809352,0.0266074466573,0.0481693802572,0.0623283495278,0.0182911078226,0.146647317802,0.190292456616,0.120352871272,0.0654035905714,0.156356811356,20,9,2,20,9.53327021586e-05,9.53327021586e-07,9.53327021586e-05,0.00101710652953,0.00062097122726,0.000607147515258,9.53327021586e-05,9.53327021586e-07,9.53327021586e-05,0.187979991238,0.621413854916,0.187977691112
665,0.003727387861,0.0101994642709,0.00852620104163,0.0993566983883,0.0360177894538,0.110003283156,0.319693538355,0.0352864377698,0.140595353039,0.134267072539,0.0157559902426,0.0865707838834,20,9,2,20,0.000195655500799,1.95655500799e-06,0.000195655500799,0.0143467986725,0.00583669419726,0.000319268041633,0.000195655500799,1.95655500799e-06,0.000195655500799,0.18446288178,0.609787195544,0.184460626652
666,0.0658406230057,0.00326365376879,0.0913906694262,0.0325651277704,0.0208795305701,0.134136051802,0.0758192425584,0.288271733587,0.0854218067736,0.04762810686,0.129526194567,0.0252572593108,20,9,2,20,0.000384511753288,3.84511753288e-06,0.000384511753288,0.00814529118105,0.00156362226825,0.00373059164016,0.000384511753288,3.84511753288e-06,0.000384511753288,0.185651042361,0.613714944569,0.185648770732
667,0.091385938881,0.0436040753696,0.232033856199,0.145735036612,0.0502190483056,0.1204901089,0.00139582744793,0.0456477629832,0.0691657675164,0.179387511499,0.0125336065578,0.00840145972854,20,9,2,20,0.000182395259972,1.82395259972e-06,0.000182395259972,0.0118957173849,0.00248157787595,0.00799542215106,0.000182395259972,1.82395259972e-06,0.000182395259972,0.184120489489,0.608655327565,0.184118236589
668,0.0735063470424,0.038818066781,0.0320599259632,0.0874844145819,0.087397521432,0.122085875949,0.0815403630748,0.0643119192157,0.333243379231,0.0444324230378,0.0250490452357,0.0100707184547,20,9,2,20,0.00131780761582,1.31780761582e-05,0.00131780761582,0.00818973679272,0.00243748271612,0.019845392661,0.00131780761582,1.31780761582e-05,0.00131780761582,0.181733589551,0.600764845807,0.181731365857
669,0.155959870763,0.136917264361,0.0576032340156,0.0853600892867,0.0429337906614,0.0233161322048,0.0145997775364,0.215169691685,0.131842920672,0.104411136501,0.0201352585655,0.011750833748,20,9,2,20,0.000583698979533,5.83698979533e-06,0.000583698979533,0.00772914093402,0.00819579420998,0.00221237296011,0.000583698979533,5.83698979533e-06,0.000583698979533,0.184614703697,0.610289073552,0.184612444749
670,0.0178248223896,0.00428575863732,0.0321346861251,0.0152607279657,0.0949492112968,0.12893455414,0.0527137085219,0.238191038813,0.103185544225,0.218868351142,0.0534975017801,0.0401540949636,20,9,2,20,0.000140396561443,1.40396561443e-06,0.000140396561443,0.00124874385842,0.000819594822236,0.000906743859734,0.000140396561443,1.40396561443e-06,0.000140396561443,0.18780828752,0.620846246267,0.187805989496
671,0.121327304848,0.0727195420019,0.0226464489555,0.263344555687,0.0111110709944,0.0433173159451,0.0496639490518,0.0421283734229,0.133909794073,0.011190396558,0.138933379811,0.0897078686502,20,9,2,20,0.000294078152488,2.94078152488e-06,0.000294078152488,0.0283424246375,0.00749377664153,0.000549004680467,0.000294078152488,2.94078152488e-06,0.000294078152488,0.181394857521,0.59964509969,0.181392642656
672,0.0715202107342,0.0185455313881,0.159827089231,0.0442550383352,0.0659654531856,0.0159714822271,0.0306034931605,0.147495987791,0.00435642086449,0.368842209492,0.0169698369254,0.0556472466661,20,9,2,20,8.58956831802e-05,8.58956831802e-07,8.58956831802e-05,0.00190297747085,0.000775285509082,0.000628033045825,8.58956831802e-05,8.58956831802e-07,8.58956831802e-05,0.187787155668,0.620776389758,0.187784857902
673,0.0774968456058,0.0721202803878,0.0777717777912,0.10990191817,0.0128684663631,0.104764859523,0.0147403961518,0.0268344412101,0.0383829739225,0.171912516978,0.0613519653649,0.231853558531,20,9,2,20,0.00016428267379,1.6428267379e-06,0.00016428267379,0.00486899808906,0.000837076976678,0.000794082740851,0.00016428267379,1.6428267379e-06,0.00016428267379,0.187125799762,0.618590115995,0.187123510088
674,0.0686206429679,0.060450298285,0.00964838806583,0.0795356733543,0.0808611503558,0.309540601586,0.00783365200759,0.131038314475,0.103414900502,0.0123840419366,0.0446751492392,0.0919971872242,20,9,2,20,0.000369508407808,3.69508407808e-06,0.000369508407808,0.0102679531744,0.0116323082683,0.00143595803311,0.000369508407808,3.69508407808e-06,0.000369508407808,0.18379712284,0.607586359988,0.183794873896
675,0.218390929858,0.0702072614152,0.0489501722924,0.0454042651952,0.139368180729,0.0156410382551,0.0130248033305,0.00343233398901,0.27827866086,0.00174591693653,0.0858167924193,0.0797396447199,20,9,2,20,0.000773664030686,7.73664030686e-06,0.000773664030686,0.0555141994503,0.00859566843749,0.00297723537699,0.000773664030686,7.73664030686e-06,0.000773664030686,0.175244940852,0.579315029927,0.175242796553
676,0.032721619824,0.14632601395,0.0861031220241,0.171922970124,0.00130957450189,0.0316726282828,0.0178991334811,0.323347001369,0.0923760723432,0.0539867672029,0.0181138206779,0.0242212762189,20,9,2,20,0.000986137836409,9.86137836409e-06,0.000986137836409,0.0643912726006,0.0195692827424,0.00566631264526,0.000986137836409,9.86137836409e-06,0.000986137836409,0.170835764608,0.564739419041,0.17083367426
677,0.0941274974031,0.0864120867484,0.0640002376874,0.0338494599158,0.0132315033079,0.156281907579,0.0324861916394,0.00255247774614,0.294116478161,0.0713082592268,0.015461586765,0.136172313819,20,9,2,20,0.000246201501159,2.46201501159e-06,0.000246201501159,0.00814021189156,0.00676776922512,0.000335784661185,0.000246201501159,2.46201501159e-06,0.000246201501159,0.185415777298,0.612937218341,0.185413508548
678,0.155845416098,0.20489354048,0.0920351575612,0.0508384902737,0.137031622761,0.0523564890476,0.0841954467423,0.00389861493968,0.0770849890528,0.0335489106306,0.0987339695007,0.00953735291227,20,9,2,20,0.000471167707148,4.71167707148e-06,0.000471167707148,0.00313307210139,0.00471482456451,0.00287984284735,0.000471167707148,4.71167707148e-06,0.000471167707148,0.18609648673,0.615187469922,0.186094209651
679,0.13943887147,0.0828474008893,0.0813190268896,0.0177681844634,0.0720911060181,0.0920092769193,0.0242281136071,0.057621172022,0.0807819327526,0.132053329321,0.190334356014,0.0295072296337,20,9,2,20,0.000125347696166,1.25347696166e-06,0.000125347696166,0.0055547150692,0.00118397169891,0.00143701732923,0.000125347696166,1.25347696166e-06,0.000125347696166,0.186839500425,0.617643683485,0.186837214254
680,0.0551671558824,0.0817593423809,0.0143191981339,0.256739508736,0.0238038866273,0.13451495185,0.0871289621779,0.0796930377784,0.111663491788,0.0608754865426,0.0726263397655,0.0217086383376,20,9,2,20,0.000341566694546,3.41566694546e-06,0.000341566694546,0.00828416814646,0.0106316313077,0.00149148145044,0.000341566694546,3.41566694546e-06,0.000341566694546,0.184370326313,0.609481224315,0.184368070355
681,0.0614619751076,0.01268952851,0.0594697817056,0.17069557051,0.149976474256,0.162861467773,0.0185640859279,0.00575050780965,0.00669710399579,0.0311683148774,0.174765435945,0.145899753581,20,9,2,20,0.000156023355878,1.56023355878e-06,0.000156023355878,0.0222367225568,0.00324935459937,0.000492344488838,0.000156023355878,1.56023355878e-06,0.000156023355878,0.183460882069,0.60647484253,0.183458639865
682,0.0113649564996,0.031678365981,0.0388109418728,0.117942129291,0.0535679246154,0.0267560770982,0.0196007764456,0.0265248363296,0.150533771312,0.369903763141,0.140636814842,0.0126796425732,20,9,2,20,7.98702594268e-05,7.98702594268e-07,7.98702594268e-05,0.00200934540019,0.000668386998972,0.000438107231231,7.98702594268e-05,7.98702594268e-07,7.98702594268e-05,0.187827617301,0.620910145586,0.18782531904
683,0.21913538116,0.099577694241,0.148921445383,0.0484299826854,0.050211368444,0.156769864786,0.0728455395184,0.0349609444989,0.00274342706092,0.0591847868182,0.0889895469868,0.0182300184182,20,9,2,20,0.000296827558053,2.96827558053e-06,0.000296827558053,0.0136831324085,0.010085580402,0.00104304482251,0.000296827558053,2.96827558053e-06,0.000296827558053,0.183574088386,0.606849065027,0.183571842171
684,0.0531785772526,0.134346194353,0.0236222965065,0.239086128749,0.110740220478,0.114580258746,0.179375382791,0.0136919539166,0.0198786391993,0.0365196810544,0.0356432925148,0.0393373744381,20,9,2,20,0.000885174906843,8.85174906843e-06,0.000885174906843,0.0149721484883,0.0124328617594,0.00284340906198,0.000885174906843,8.85174906843e-06,0.000885174906843,0.182103637678,0.601988130431,0.182101409456
685,0.067053756648,0.10350884386,0.09170125987,0.0253944217216,0.0405524877408,0.239938053979,0.0463725166136,0.0840777147388,0.150690277308,0.0673173028843,0.0131621558866,0.0702312087497,20,9,2,20,0.000627970016445,6.27970016445e-06,0.000627970016445,0.046306932363,0.00907343288841,0.00304334489864,0.000627970016445,6.27970016445e-06,0.000627970016445,0.176988165404,0.585077685205,0.176985999775
686,0.135756710743,0.0636833649732,0.0217832056873,0.0507772335749,0.082276821637,0.271478199225,0.0962345089687,0.0375038481073,0.0471816496548,0.156158171268,0.0285990096448,0.00856727651592,20,9,2,20,0.000419437986272,4.19437986272e-06,0.000419437986272,0.0234328310264,0.00502219168868,0.0055643092504,0.000419437986272,4.19437986272e-06,0.000419437986272,0.181745788831,0.600805173512,0.181743564987
687,0.0235328398403,0.0216418558699,0.000415985501576,0.153326821879,0.00773883042519,0.0771077172038,0.0736183682986,0.269723332282,0.0815807702383,0.130425915584,0.159953117905,0.000934444972483,20,9,2,20,0.000167912459427,1.67912459427e-06,0.000167912459427,0.00173564501998,0.00106122599852,0.00116984006242,0.000167912459427,1.67912459427e-06,0.000167912459427,0.187600541943,0.62015949243,0.18759824646
688,0.183626197705,0.0272436146255,0.0438953324091,0.155312345133,0.135270464662,0.138837184946,0.0326809722177,0.0763676651663,4.23332855191e-05,0.00247252958396,0.135829772264,0.0684215880015,20,9,2,20,0.000210058327007,2.10058327007e-06,0.000210058327007,0.00106430552861,0.00118762698386,0.00166846371212,0.000210058327007,2.10058327007e-06,0.000210058327007,0.187577338448,0.620082787603,0.18757504325
689,0.0423999066198,0.131748191457,0.23017499038,0.0870161305289,0.00191729466867,0.0253630632417,0.0842914845504,0.0523364922862,0.0184266155219,0.111887502807,0.0211598443461,0.193278483593,20,9,2,20,0.000134929820264,1.34929820264e-06,0.000134929820264,0.00177651040965,0.0015755053864,8.10341495157e-05,0.000134929820264,1.34929820264e-06,0.000134929820264,0.187726113926,0.620574601345,0.187723816907
690,0.0176020812586,0.0257361167303,0.000103641589156,0.00162950179777,0.0695144522596,0.0258024651159,0.0115812677139,0.0102438079821,0.0364676793048,0.326386308821,0.246196921792,0.228735755635,20,9,2,20,1.14339903605e-05,1.14339903605e-07,1.14339903605e-05,0.0015655759142,0.000288063462676,6.42713081491e-05,1.14339903605e-05,1.14339903605e-07,1.14339903605e-05,0.18810524961,0.621827927113,0.188102947952
691,0.0630306401336,0.203068709723,0.119739350905,0.090386308932,0.0550619937978,0.0296003045781,0.0717438570881,0.0470575590429,0.0642384578028,0.0194877286001,0.147930228191,0.0886548612052,20,9,2,20,0.000317046263779,3.17046263779e-06,0.000317046263779,0.0130189452886,0.00278325901846,0.00315214792847,0.000317046263779,3.17046263779e-06,0.000317046263779,0.184662746034,0.610447889251,0.184660486499
692,0.0056743223138,0.101429506926,0.0144630595653,0.12611478121,0.0196961047542,0.0959453086773,0.116239327587,0.164845006148,0.149250224509,0.00198049722431,0.0214184304632,0.182943430622,20,9,2,20,0.000360332110975,3.60332110975e-06,0.000360332110975,0.0044448602317,0.00193667315836,0.00134380527039,0.000360332110975,3.60332110975e-06,0.000360332110975,0.186746342333,0.617335726619,0.186744057302
693,0.020688480801,0.134219465357,0.0986967674555,0.12965957486,0.0295486629659,0.00665480444421,0.0371636068273,0.106240274677,0.0654832475976,0.196863696066,0.103602525318,0.0711788936304,20,9,2,20,9.94037071256e-05,9.94037071256e-07,9.94037071256e-05,0.00131902394123,0.00128520554474,0.00024743476529,9.94037071256e-05,9.94037071256e-07,9.94037071256e-05,0.187862607931,0.621025815674,0.187860309241
694,0.0705183022777,0.33987997139,0.0918878052711,0.061162644518,0.0262410977002,0.0945522004716,0.0378355831282,0.0103496696323,0.00251495581825,0.091843043494,0.0732301730725,0.0999845532261,20,9,2,20,0.000145338884685,1.45338884685e-06,0.000145338884685,0.0107128579177,0.00331179792104,0.00185191520506,0.000145338884685,1.45338884685e-06,0.000145338884685,0.185372929765,0.612795575336,0.185370661539
695,0.014345714505,0.107848136797,0.0519907221795,0.00146439785452,0.305204467841,0.185162508943,0.00888088200545,0.0259109709918,0.0314349625098,0.00128503046447,0.00635153729966,0.260120668608,20,9,2,20,0.000173847662272,1.73847662272e-06,0.000173847662272,0.0014207034263,0.00145255929147,0.000977917620792,0.000173847662272,1.73847662272e-06,0.000173847662272,0.187617819713,0.620216608327,0.187615524019
696,0.00465570439904,0.0212950166631,0.0671839998451,0.0567624074535,0.174748816674,0.10441357276,0.190493997614,0.121351943254,0.0107455426173,0.171656879372,0.0520979744901,0.0245941448575,20,9,2,20,0.000187280342475,1.87280342475e-06,0.000187280342475,0.0182096353196,0.00329043422531,0.000622379387056,0.000187280342475,1.87280342475e-06,0.000187280342475,0.184163955731,0.608799023693,0.184161704667
697,0.200003929229,0.0640277045186,0.38092802532,0.0154327172934,0.00729417378597,0.0020284296395,0.00982228093345,0.031045235896,0.00940549784605,0.0975977008426,0.169574050029,0.0128402546662,20,9,2,20,0.000101942891595,1.01942891595e-06,0.000101942891595,0.00842459887844,0.00339859255327,0.000212409205526,0.000101942891595,1.01942891595e-06,0.000101942891595,0.186129738056,0.615297390313,0.18612746057
698,0.0136643659346,0.0976851278429,0.0654196564449,0.0243383952394,0.0673420189611,0.025745412587,0.0228497354231,0.201959603895,0.0218590038558,0.0652882780964,0.389642882883,0.00420551883736,20,9,2,20,0.000100574429777,1.00574429777e-06,0.000100574429777,0.00420873297912,0.00115923747026,0.000124436354061,0.000100574429777,1.00574429777e-06,0.000100574429777,0.187364005921,0.619377564736,0.187361713333
699,0.221888081468,0.0015175776217,0.0217103326944,0.0545449445659,0.24314004072,0.0267943777661,0.129302642434,0.0508011483872,0.0538111999967,0.13252471011,0.000907783101245,0.0630571611352,20,9,2,20,0.000559981868884,5.59981868884e-06,0.000559981868884,0.008268192988,0.00377474497111,0.00186041605349,0.000559981868884,5.59981868884e-06,0.000559981868884,0.185430669622,0.612986448562,0.18542840069
700,0.014686435136,0.0573548789158,0.0682641647651,0.0458271894512,0.005418169877,0.251125824809,0.0169725338647,0.00560029809832,0.066618980124,0.164688186756,0.263655380749,0.0397879574536,20,9,2,20,0.000118054623206,1.18054623206e-06,0.000118054623206,0.00581494858395,0.00132210742688,0.000482544086855,0.000118054623206,1.18054623206e-06,0.000118054623206,0.186949838094,0.618008431649,0.186947550574
701,0.0634141903845,0.143060433092,0.0102165133815,0.0546318915905,0.0341192143893,0.0205204213541,0.109844568414,0.0474437814284,0.0856120759389,0.306433014021,0.1170848333,0.0076190627055,20,9,2,20,3.69093774682e-05,3.69093774682e-07,3.69093774682e-05,0.000197820633706,0.000307422977855,0.000188010075121,3.69093774682e-05,3.69093774682e-07,3.69093774682e-05,0.188316765353,0.622527144156,0.188314461107
702,0.0914576883473,0.057373720494,0.182603538236,0.269158229435,0.0278068565208,0.0270853248918,0.107901614064,0.0241144905549,0.0908597670705,0.0568970990147,0.0353569624964,0.0293847088745,20,9,2,20,0.000644387265719,6.44387265719e-06,0.000644387265719,0.0070875045182,0.00845534576815,0.00234564278777,0.000644387265719,6.44387265719e-06,0.000644387265719,0.184615617448,0.61029209418,0.184613358489
703,0.129115982055,0.0762068712849,0.0544057499137,0.0789057720911,0.131316088885,0.064935967978,0.0335019689488,0.0315890408739,0.0804518715391,0.0601773139052,0.138070550267,0.121322822257,20,9,2,20,0.000246997266187,2.46997266187e-06,0.000246997266187,0.0171441692119,0.0020225103956,0.000965239296844,0.000246997266187,2.46997266187e-06,0.000246997266187,0.184493877794,0.609889653967,0.184491620325
704,0.0224585778068,0.0141969201613,0.0118716068944,0.098727063455,0.0266669788769,0.166048566955,0.362770116365,0.0125130419407,0.108238931546,0.00746648253249,0.164203386138,0.00483832732879,20,9,2,20,0.00031437505779,3.1437505779e-06,0.00031437505779,0.000901518094208,0.00119691169202,0.000548181253398,0.00031437505779,3.1437505779e-06,0.00031437505779,0.187738377841,0.620615142716,0.187736080672
705,0.0512331627037,0.120013968409,0.387674270233,0.0193675412119,0.0799022995579,0.00523567346571,0.0326065130246,0.0812395682494,0.0715424113508,0.0585835628424,0.0250283565515,0.0675726723998,20,9,2,20,0.000522163966221,5.22163966221e-06,0.000522163966221,0.0344729562348,0.00697171040947,0.00323449988582,0.000522163966221,5.22163966221e-06,0.000522163966221,0.179658839831,0.593906252971,0.179656641524
706,0.0334368394434,0.0576409494701,0.152518695611,0.0140598111865,0.00799757722374,0.00159301744112,0.0532488085397,0.0134144722761,0.0180047454012,0.284659305271,0.0902768304821,0.273148947654,20,9,2,20,1.90055907931e-05,1.90055907931e-07,1.90055907931e-05,0.000122204980853,0.00012405342702,2.22497607089e-05,1.90055907931e-05,1.90055907931e-07,1.90055907931e-05,0.188410384613,0.622836625523,0.188408079221
707,0.0496687680409,0.0337770165098,0.0173545775314,0.115361202136,0.0454254843197,0.0928652282136,0.244956210659,0.00916470173628,0.0711608045528,0.0422146135873,0.0610003924754,0.217051000237,20,9,2,20,7.75111760418e-05,7.75111760418e-07,7.75111760418e-05,0.000539990365733,0.000824324179938,0.0003126933247,7.75111760418e-05,7.75111760418e-07,7.75111760418e-05,0.18810058909,0.621812520624,0.188098287489
708,0.000544802774994,0.226370728427,0.0139359890198,0.00424786952163,0.12401422218,0.0898080194279,0.0123601109929,0.0991416946469,0.0666456004144,0.217291529118,0.128673621217,0.0169658122598,20,9,2,20,0.000188156269746,1.88156269746e-06,0.000188156269746,0.00791543879881,0.00114004961817,0.00169009148927,0.000188156269746,1.88156269746e-06,0.000188156269746,0.186307553835,0.61588520388,0.186305274174
709,0.0973900554481,0.0527613098935,0.0340786227435,0.0852087158823,0.033590075493,0.0239894646595,0.117306858761,0.251958419366,0.113729192951,0.0510571993254,0.0162648467359,0.122665238741,20,9,2,20,0.000391446556623,3.91446556623e-06,0.000391446556623,0.0505018364681,0.00386662557217,0.00177106947779,0.000391446556623,3.91446556623e-06,0.000391446556623,0.177597883851,0.587093258713,0.177595710761
710,0.169016543659,0.112483896102,0.0351711894891,0.0543823083752,0.0154357605952,0.206036949222,0.0522542156041,0.0787628897909,0.0245735692565,0.0325333004136,0.0579635726812,0.161385804811,20,9,2,20,0.000423892466549,4.23892466549e-06,0.000423892466549,0.012265166027,0.00401254703109,0.000513017480328,0.000423892466549,4.23892466549e-06,0.000423892466549,0.184989581204,0.611528322873,0.184987317669
711,0.035897509513,0.134294974989,0.0162713213979,0.0190851806536,0.157313834717,0.0666431057338,0.143264655695,0.0159250983294,0.0530271015062,0.127123416898,0.105267075533,0.125886725034,20,9,2,20,0.000175779779937,1.75779779937e-06,0.000175779779937,0.0047162079861,0.000385462020225,0.00126638728422,0.000175779779937,1.75779779937e-06,0.000175779779937,0.187141986434,0.618643624998,0.187139696562
712,0.174924053038,0.0594765487264,0.0175457867416,0.00973348020571,0.157445592744,0.0760441748082,0.0317996289443,0.00559446223022,0.0131241473466,0.0801048569176,0.301027120233,0.073180148065,20,9,2,20,9.36906719988e-05,9.36906719988e-07,9.36906719988e-05,0.00286219848899,0.000712841534727,0.000316863067257,9.36906719988e-05,9.36906719988e-07,9.36906719988e-05,0.187670877109,0.620392002532,0.187668580766
713,0.175908620698,0.00594577877539,0.03233294424,0.0960372148225,0.00825983986323,0.0410040236475,0.114390556224,0.023106765265,0.0788531032932,0.00808010355927,0.257109213246,0.158971836365,20,9,2,20,0.000119199637285,1.19199637285e-06,0.000119199637285,0.00461687570264,0.00136936548879,0.000226160084238,0.000119199637285,1.19199637285e-06,0.000119199637285,0.1872141929,0.618882321138,0.187211902144
714,0.00187157007149,0.00332361475342,0.0126527164296,0.110171691319,0.0596587593868,0.143557832175,0.0427418864133,0.0304579466754,0.0206419020354,0.391626295083,0.12871445992,0.0545813257368,20,9,2,20,6.10128369142e-05,6.10128369142e-07,6.10128369142e-05,0.00233287492336,0.00109336978192,0.000181104805695,6.10128369142e-05,6.10128369142e-07,6.10128369142e-05,0.187749267507,0.620651141173,0.187746970205
715,0.01832633309,0.00680269193236,0.306160415353,0.0101550720123,0.255935484637,0.0536613231685,0.0854516591302,0.13711458136,0.0884148151807,0.0252046846332,0.00945401510914,0.00331892439353,20,9,2,20,0.0012905915517,1.2905915517e-05,0.0012905915517,0.375403868559,0.0235165124088,0.00224764238514,0.0012905915517,1.2905915517e-05,0.0012905915517,0.111887195205,0.369870712787,0.111885890618
716,0.170489802609,0.267451244731,0.0203493107718,0.144098122226,0.0255456487441,0.043457992196,0.0820502955753,0.00835153232899,0.00301647200661,0.115293673744,0.103563072529,0.0163328325391,20,9,2,20,0.000433704884349,4.33704884349e-06,0.000433704884349,0.00639545238407,0.00303278843235,0.000350746025157,0.000433704884349,4.33704884349e-06,0.000433704884349,0.186303687759,0.615872423619,0.186301408145
717,0.0126751929363,0.0712530525296,0.0542624965766,0.0325739417982,0.0699002520563,0.17425575493,0.0522236506476,0.0193527784974,0.105893255959,0.0585605741209,0.226316516298,0.122732533651,20,9,2,20,5.17049265866e-05,5.17049265866e-07,5.17049265866e-05,0.00188047778102,0.000282639682251,0.000476392749156,5.17049265866e-05,5.17049265866e-07,5.17049265866e-05,0.187938733733,0.621277468138,0.187936434112
718,0.0607940217092,0.0951996474791,0.0281054388585,0.0543757800285,0.0373079975513,0.0938025641311,0.0121354239402,0.0737516058628,0.0495789794397,0.0974332560754,0.150534065771,0.246981219153,20,9,2,20,7.7298882655e-05,7.7298882655e-07,7.7298882655e-05,0.00271292192083,0.000591976969869,0.000387380965726,7.7298882655e-05,7.7298882655e-07,7.7298882655e-05,0.187720920761,0.620557434068,0.187718623806
719,0.0407175856314,0.119408400934,0.0347893514611,0.0574982282657,0.0101368187978,0.264865262426,0.0814995121787,0.191639448657,0.0541052908642,0.0303683192497,0.00790831420341,0.107063467331,20,9,2,20,0.0008274043426,8.274043426e-06,0.0008274043426,0.0174086829356,0.00558375581446,0.00478153358582,0.0008274043426,8.274043426e-06,0.0008274043426,0.182613781126,0.603674534419,0.182611546662
720,0.00611241153151,0.0355389778602,0.00585087895132,0.0696932947223,0.00303280775686,0.0692245064255,0.0956274219718,0.0906997433974,0.378638579284,0.0482609483935,0.0293371168631,0.167983312843,20,9,2,20,0.000336701923848,3.36701923848e-06,0.000336701923848,0.0277094502489,0.00271689184784,0.0020675878844,0.000336701923848,3.36701923848e-06,0.000336701923848,0.182095976289,0.601962803836,0.18209374816
721,0.249706175657,0.116398791336,0.00147105666401,0.036026306269,0.015641763876,0.087695024436,0.175443642733,0.00387091380038,0.144085399344,0.0621320733871,0.0535491846412,0.0539796678562,20,9,2,20,0.00040829184269,4.0829184269e-06,0.00040829184269,0.0353775482063,0.00726205521637,0.00456131544779,0.00040829184269,4.0829184269e-06,0.00040829184269,0.179269829185,0.592620283099,0.179267635637
722,0.0182813883352,0.0129030563515,0.104323703972,0.0686277702386,0.0940682800079,0.0381712795986,0.426995766784,0.144983229189,0.00802126575654,0.0602346252537,0.00326587925007,0.0201237552634,20,9,2,20,0.00104253157775,1.04253157775e-05,0.00104253157775,0.0786463485579,0.0242771929178,0.00475207746837,0.00104253157775,1.04253157775e-05,0.00104253157775,0.167391291294,0.553352869727,0.167389243092
723,0.00212610591477,0.0447020829089,0.0231756938501,0.0828516056366,0.0405767132424,0.0928273604874,0.0308858638078,0.12047338856,0.0102666382463,0.157276658047,0.142240597074,0.252597292225,20,9,2,20,1.4804675537e-05,1.4804675537e-07,1.4804675537e-05,1.76941937954e-05,8.13964389247e-05,4.2762699919e-06,1.4804675537e-05,1.4804675537e-07,1.4804675537e-05,0.188444692589,0.622950038935,0.188442386778
724,0.0106392511477,0.0556317171212,0.067554451388,0.179363859935,0.0853833200384,0.0284577850224,0.140403350533,0.0854233893331,0.00738709509774,0.12243694061,0.0895673932624,0.127751446511,20,9,2,20,0.000250086490508,2.50086490508e-06,0.000250086490508,0.00621638374551,0.00207545865432,0.000300613096246,0.000250086490508,2.50086490508e-06,0.000250086490508,0.186666442065,0.617071596735,0.186664158012
725,0.0787963995044,0.248788757469,0.158377199699,0.0839013107364,0.0294945130502,0.0198101141551,0.168537316438,0.0277854670181,0.034597112505,0.0218541562505,0.0179003275237,0.11015732565,20,9,2,20,0.000658936654202,6.58936654202e-06,0.000658936654202,0.0475002965438,0.00920324021535,0.00096364385271,0.000658936654202,6.58936654202e-06,0.000658936654202,0.177107283104,0.585471486322,0.177105124612
726,0.0807939488653,0.0351367036858,0.00514606785212,0.193391760772,0.0142718302008,0.0620581810522,0.01261940869,0.00066223656577,0.0490860290955,0.0472495393356,0.158283567432,0.341300726453,20,9,2,20,7.81447759673e-05,7.81447759673e-07,7.81447759673e-05,0.00481383226944,0.00133183482167,0.000379838576738,7.81447759673e-05,7.81447759673e-07,7.81447759673e-05,0.187186286507,0.618790069731,0.187183996094
727,0.210815016168,0.0142611060019,0.102722120062,0.0813091040571,0.0388487769343,0.0243799447429,0.0772488239708,0.0592802615163,0.328375553141,0.0458022348649,0.00694175610355,0.0100153024367,20,9,2,20,0.00200742508447,2.00742508447e-05,0.00200742508447,0.106004942092,0.0318357668551,0.00721362727606,0.00200742508447,2.00742508447e-05,0.00200742508447,0.159615236993,0.527647276733,0.159613301212
728,0.183072483496,0.113321463936,0.099799178161,0.0329209575851,0.00971863642298,0.0198457452572,0.129220828793,0.128136558367,0.00969529975465,0.107428200503,0.0689696744979,0.0978709732266,20,9,2,20,0.000161635882056,1.61635882056e-06,0.000161635882056,0.00564818956531,0.00374430212982,0.000303519983835,0.000161635882056,1.61635882056e-06,0.000161635882056,0.186525465349,0.616605563705,0.186523183021
729,0.0475143112045,0.0244178029655,0.0538366267274,0.0234214467338,0.10191881,0.159981440574,0.0128955922988,0.170556875291,0.210725414522,0.00573219737077,0.0612878169822,0.12771166533,20,9,2,20,0.00042699618882,4.2699618882e-06,0.00042699618882,0.0352225680561,0.00436630146859,0.00219083785946,0.00042699618882,4.2699618882e-06,0.00042699618882,0.180277422402,0.595951129009,0.180275216525
730,0.030686870463,0.0939075822177,0.0547298234177,0.016918389594,0.0367458182338,0.0730724691497,0.0840190277807,0.143398577367,0.212995445816,0.0415198457494,0.108516587497,0.103489562714,20,9,2,20,0.000146026823296,1.46026823296e-06,0.000146026823296,0.00199876939823,0.00197539845168,0.000168381977205,0.000146026823296,1.46026823296e-06,0.000146026823296,0.187583982779,0.620104752064,0.187581687499
731,0.141965657835,0.164351451082,0.169906428684,0.0788853524288,0.220552447185,0.0211483535917,0.00828757113436,0.0306890218444,0.0163350091464,0.0294297183482,0.0313287254572,0.0871202632639,20,9,2,20,0.000503067990151,5.03067990151e-06,0.000503067990151,0.0932035401716,0.00429579602731,0.00228294865893,0.000503067990151,5.03067990151e-06,0.000503067990151,0.169287713368,0.559622010329,0.169285658124
732,0.00450108443786,0.425130758921,0.0381452719795,0.0290446404409,0.0795149549676,0.0610195625334,0.0470224304921,0.00920874139789,0.0133167037286,0.0668498377371,0.14068712653,0.0855588868334,20,9,2,20,0.000205826146838,2.05826146838e-06,0.000205826146838,0.00572683859571,0.00230220111461,0.000227655490474,0.000205826146838,2.05826146838e-06,0.000205826146838,0.186763259401,0.617391650125,0.186760974163
733,0.103473395941,0.199598226187,0.0169916030275,0.0372352240196,0.00948096135281,0.124243849185,0.138311916353,0.104394897472,0.0384464043087,0.0828802666681,0.0586991725848,0.086244082901,20,9,2,20,0.000345991651177,3.45991651177e-06,0.000345991651177,0.0155730408508,0.00488603675318,0.00173192297081,0.000345991651177,3.45991651177e-06,0.000345991651177,0.184030786388,0.608358792015,0.184028534585
734,0.305662274469,0.0715533447374,0.0201108240761,0.0363761851506,0.026445917626,0.00259803029671,0.0143139207634,0.00900792725042,0.298993012807,0.18720278227,0.00189540259251,0.0258403779609,20,9,2,20,0.000280482686049,2.80482686049e-06,0.000280482686049,0.00818016411592,0.00562010006025,0.000895056608945,0.000280482686049,2.80482686049e-06,0.000280482686049,0.185493171821,0.613193064872,0.185490902124
735,0.0777538329514,0.19479931265,0.0370775126337,0.0281652123151,0.157370546257,0.0188998098605,0.130881454088,0.0254439530021,0.0708541909621,0.00788374015761,0.222807245997,0.0280631891252,20,9,2,20,0.000316012930208,3.16012930208e-06,0.000316012930208,0.00396166527763,0.0019178802188,0.000478293934191,0.000316012930208,3.16012930208e-06,0.000316012930208,0.187037661647,0.618298753891,0.187035373052
736,0.207541480021,0.0151254245673,0.0186859438095,0.128004200865,0.00489856827869,0.0539788419366,0.304156520962,0.0637095256479,0.105270373125,0.0772769300573,0.0157804420973,0.00557174863302,20,9,2,20,0.00130514943822,1.30514943822e-05,0.00130514943822,0.0138720031523,0.0139818308721,0.00111778543755,0.00130514943822,1.30514943822e-05,0.00130514943822,0.182026080475,0.60173174612,0.182023853201
737,0.0466416533466,0.0138210744387,0.112145147516,0.00957936764192,0.0715189118807,0.177713642247,0.297619595807,0.100123396711,0.0278397140791,0.0445803898975,0.0180911027353,0.0803260036989,20,9,2,20,0.000985118356535,9.85118356535e-06,0.000985118356535,0.068922496305,0.00825906655986,0.0025749759267,0.000985118356535,9.85118356535e-06,0.000985118356535,0.172696851201,0.570891696134,0.17269473808
738,0.0696371463285,0.0663115813675,0.127447510383,0.00939953754831,0.00159606036262,0.0788835137234,0.160333664394,0.0623040662794,0.317925435575,0.032783370607,0.0488174211532,0.0245606922776,20,9,2,20,0.000741530587824,7.41530587824e-06,0.000741530587824,0.0720145793225,0.00950563624402,0.010885042326,0.000741530587824,7.41530587824e-06,0.000741530587824,0.17049743832,0.563620998714,0.170495352111
739,0.0807063486315,0.00354603382636,0.0392792896787,0.109672157522,0.0331666969146,0.22887406214,0.100844617066,0.0204762541211,0.00508133101409,0.0565180578439,0.299622436904,0.0222127143386,20,9,2,20,0.000188796943883,1.88796943883e-06,0.000188796943883,0.0141275670589,0.000743593193192,0.00293967145254,0.000188796943883,1.88796943883e-06,0.000188796943883,0.184975442314,0.611481583314,0.184973178953
740,0.0552252806247,0.00775527737064,0.0269913925855,0.145020312891,0.0239341909954,0.0603365844927,0.230886166439,0.080380665779,0.0812423564301,0.132972755713,0.0654617182475,0.0897932984308,20,9,2,20,0.000117463206269,1.17463206269e-06,0.000117463206269,0.000644327129505,0.00108406012763,0.00032597665656,0.000117463206269,1.17463206269e-06,0.000117463206269,0.187999196264,0.62147734183,0.187996895903
741,0.0782818620315,0.0392114149887,0.0350867399974,0.019550107062,0.00190498807158,0.0350300060269,0.157733257623,0.0641478322352,0.198267976662,0.0398827871111,0.0222142136535,0.308688814538,20,9,2,20,3.13553223262e-05,3.13553223262e-07,3.13553223262e-05,0.000429064974101,0.000987552590856,5.81417945635e-05,3.13553223262e-05,3.13553223262e-07,3.13553223262e-05,0.188173678912,0.622054136915,0.188171376417
742,0.0804742662772,0.0562086384935,0.0409967962085,0.149018693384,0.215544757362,0.00657794583364,0.0950005343884,0.0292750898131,0.0481955621446,0.0953497551487,0.0808158453836,0.102542115563,20,9,2,20,0.00042737179432,4.2737179432e-06,0.00042737179432,0.0133756382427,0.0025761715844,0.000981017017475,0.00042737179432,4.2737179432e-06,0.00042737179432,0.184960163361,0.611431074995,0.184957900186
743,0.071497088381,0.0579931554988,0.195579911568,0.171902067486,0.244929933686,0.0253315078664,0.0603118539678,0.0837273054312,0.0374151422199,0.0220795527446,0.00955301661093,0.0196794645392,20,9,2,20,0.00430750499632,4.30750499632e-05,0.00430750499632,0.0852634037393,0.0348320372227,0.00862251620169,0.00430750499632,4.30750499632e-05,0.00430750499632,0.160951552435,0.532064737287,0.160949583029
744,0.0869708199086,0.041709464631,0.00983263127636,0.201698749367,0.110817617883,0.102788401949,0.0345924934413,0.128746762495,0.0835322177127,0.0155062128617,0.0668719854822,0.116932642993,20,9,2,20,0.000651727780731,6.51727780731e-06,0.000651727780731,0.0171022342917,0.00434094062385,0.00254234952862,0.000651727780731,6.51727780731e-06,0.000651727780731,0.183460915376,0.606474943955,0.183458670546
745,0.0619103669023,0.0458378744417,0.0375638635007,0.178866773199,0.0316434163656,0.0295910628952,0.201702097179,0.117642121657,0.151650048074,0.110593051836,0.0098858740912,0.0231134498587,20,9,2,20,0.000681614526991,6.81614526991e-06,0.000681614526991,0.0419555545154,0.0121780036529,0.0026870582818,0.000681614526991,6.81614526991e-06,0.000681614526991,0.177249664223,0.585942133534,0.177247495394
746,0.150458817791,0.07719286125,0.00159412187305,0.174754039352,0.0122931199857,9.64401106523e-06,0.017519084265,0.0307804001433,0.347333488995,0.0942718321589,0.00925792847691,0.0845346616984,20,9,2,20,0.000296982170829,2.96982170829e-06,0.000296982170829,0.0399665654017,0.00496129788646,0.00238186652726,0.000296982170829,2.96982170829e-06,0.000296982170829,0.179333657119,0.59283128195,0.17933146279
747,0.0661716913473,0.0137432206894,0.180352282583,0.287402983706,0.0354877543809,0.0468379834672,0.0366028356353,0.103246584735,0.0257801703638,0.123196689961,0.0745257990369,0.00665200409456,20,9,2,20,0.000246141923236,2.46141923236e-06,0.000246141923236,0.00135055059182,0.00302260161271,0.000119363914873,0.000246141923236,2.46141923236e-06,0.000246141923236,0.18744216843,0.619635950034,0.187439874885
748,0.19303445404,0.00238861828018,0.121747635131,0.0662000862946,0.0473672781844,0.0398052087345,0.010053709948,0.0647277266075,0.132509425046,0.0662104812953,0.213535448332,0.0424199281059,20,9,2,20,0.000185876368317,1.85876368317e-06,0.000185876368317,0.00657487527685,0.002342802516,0.000358622309159,0.000185876368317,1.85876368317e-06,0.000185876368317,0.186586204337,0.616806351294,0.186583921266
749,0.0440047230333,0.0492183044182,0.00552604741607,0.0825166657481,0.024589539946,0.0823751037429,0.0532054149789,0.117657250146,0.091865084023,0.116385067893,0.216228927822,0.116427870833,20,9,2,20,4.70131154685e-07,4.70131154685e-09,4.70131154685e-07,1.80097508705e-06,6.17841870025e-06,3.28660769292e-07,4.70131154685e-07,4.70131154685e-09,4.70131154685e-07,0.188473469713,0.623045168757,0.188471163549
750,0.270698452024,0.158559253756,0.177034021143,0.029091972585,0.0435076375515,0.0456084996157,0.165149054807,0.0364782713542,0.0372224421115,0.0114065712515,0.0208165906763,0.00442723312481,20,9,2,20,0.0068172551844,6.8172551844e-05,0.0068172551844,0.127372446058,0.0676773600918,0.00815808211504,0.0068172551844,6.8172551844e-05,0.0068172551844,0.145010468364,0.479367583516,0.145008694014
751,0.00536565072646,0.022057922624,0.0258086890094,0.0567899532733,0.114055579382,0.215001051113,0.0135924566124,0.0401361368999,0.0546598785696,0.00913838794355,0.20594832177,0.237445972077,20,9,2,20,0.000128064172594,1.28064172594e-06,0.000128064172594,0.0228175501136,0.000382027328767,0.00129874836921,0.000128064172594,1.28064172594e-06,0.000128064172594,0.183761026466,0.607467047791,0.183758781957
752,0.0248628374776,0.138720063153,0.0498043499466,0.0440907036026,0.234200812499,0.00697957905742,0.0089563474819,0.064244026364,0.0378200232524,0.191460440979,0.134395679259,0.0644651369281,20,9,2,20,2.99364008356e-05,2.99364008356e-07,2.99364008356e-05,0.000224383357474,0.000932531798267,7.60356968504e-05,2.99364008356e-05,2.99364008356e-07,2.99364008356e-05,0.188220328941,0.62220835,0.188218025875
753,0.0933029115416,0.00936917268568,0.346201205292,0.00409783470259,0.00362599928991,0.0959346212228,0.0629624910264,0.0780117970507,0.113131577724,0.111311002015,0.0146451756657,0.0674062117843,20,9,2,20,0.000204571575312,2.04571575312e-06,0.000204571575312,0.000787291197205,0.00157603271859,0.000252127370404,0.000204571575312,2.04571575312e-06,0.000204571575312,0.18782744561,0.62090957802,0.187825147351
754,0.134877444219,0.137011364779,0.035863852903,0.169382029149,0.155686853946,0.0448042292227,0.060776564409,0.105606814247,0.0433857829492,0.0236923107045,0.00726701166845,0.0816457418028,20,9,2,20,0.000597887321554,5.97887321554e-06,0.000597887321554,0.00284619011096,0.00713353263748,0.00219173237844,0.000597887321554,5.97887321554e-06,0.000597887321554,0.185728370078,0.613970570259,0.185726097503
755,0.0198682434125,0.128268385648,0.0424820799859,0.0242238839697,0.0362135322418,0.0388431195636,0.257109565363,0.0413311571763,0.0719413741792,0.0148115448622,0.160384269427,0.16452284417,20,9,2,20,7.2371827635e-05,7.2371827635e-07,7.2371827635e-05,0.0147192861712,0.00119790393464,0.00065235784583,7.2371827635e-05,7.2371827635e-07,7.2371827635e-05,0.185297605699,0.612546573207,0.185295338395
756,0.0133072982798,0.0736259384862,0.292576660983,0.00119607508023,0.0450663653904,0.0835886025871,0.0752129834928,0.0207301876682,0.0824819895833,0.179939922526,0.0873921801626,0.0448817957603,20,9,2,20,0.000117299795105,1.17299795105e-06,0.000117299795105,0.00147972451273,0.00188003581493,7.98559112926e-05,0.000117299795105,1.17299795105e-06,0.000117299795105,0.187738234101,0.62061466755,0.187735936934
757,0.0415919582187,0.132383724611,0.0595910924522,0.0154284241955,0.0253132610509,0.00389537707554,0.120989505536,0.0284745586632,0.455148279765,0.00601220317953,0.0197418194099,0.0914297958421,20,9,2,20,0.000553823432968,5.53823432968e-06,0.000553823432968,0.0263429921005,0.0231372802504,0.00123105537047,0.000553823432968,5.53823432968e-06,0.000553823432968,0.178497938425,0.59006860933,0.178495754322
758,0.00137932850438,0.0161500174459,0.0567206197321,0.0226454039374,0.267104058826,0.0799966565372,0.0493979875313,0.0489434165548,0.270630157307,0.0269429012633,0.0440670950588,0.116022357302,20,9,2,20,0.000365257579726,3.65257579726e-06,0.000365257579726,0.0389212917573,0.0035216911836,0.000747506701589,0.000365257579726,3.65257579726e-06,0.000365257579726,0.18005829658,0.59522677797,0.180056100336
759,0.0904723620275,0.0189681537921,0.281683601684,0.0387620775617,0.00725178974366,0.173660506267,0.0444724577662,0.0416679959768,0.0805365261643,0.134661085982,0.0814649839305,0.00639845910403,20,9,2,20,0.000307237836478,3.07237836478e-06,0.000307237836478,0.0100585423554,0.00665574107261,0.000354246559558,0.000307237836478,3.07237836478e-06,0.000307237836478,0.185025608683,0.61164742052,0.185023344707
760,0.0739519218231,0.12749997935,0.10457826543,0.0420244991654,0.00325807767174,0.22788170604,0.0201519692562,0.0426832629536,0.0875568741359,0.00560324857449,0.034853411904,0.229956783696,20,9,2,20,0.000179294918701,1.79294918701e-06,0.000179294918701,0.00506030288996,0.00183278367203,0.000740313995664,0.000179294918701,1.79294918701e-06,0.000179294918701,0.186900837047,0.617846446697,0.186898550126
761,0.0674471777023,0.0163013634403,0.00910358096408,0.104310166591,0.00796762986155,0.157999213449,0.240719380788,0.0908093696895,0.0499469068019,0.0333308871685,0.199034180195,0.0230301433489,20,9,2,20,0.000501068698256,5.01068698256e-06,0.000501068698256,0.0208442731813,0.00400817482718,0.000804063195833,0.000501068698256,5.01068698256e-06,0.000501068698256,0.183260125521,0.60581118396,0.183257883148
762,0.266461954326,0.039881567362,0.0460746889622,0.188455240948,0.00717211023473,0.0533923250399,0.108784143284,0.0822246143456,0.0180979355204,0.0452816474158,0.102083617964,0.0420901545973,20,9,2,20,0.000324903272887,3.24903272887e-06,0.000324903272887,0.0329052137484,0.00883044422839,0.00204197402405,0.000324903272887,3.24903272887e-06,0.000324903272887,0.179978215627,0.594962027805,0.179976013411
763,0.423198141885,0.0276590850319,0.0556562794695,0.0202064017441,0.130947418944,0.0489049557158,0.00155768455843,0.0313373380732,0.0114775962772,0.0374595911218,0.0790400905819,0.132555416597,20,9,2,20,0.000251732082878,2.51732082878e-06,0.000251732082878,0.0161952819506,0.00279456192824,0.000940138439242,0.000251732082878,2.51732082878e-06,0.000251732082878,0.184528350438,0.610003611724,0.184526092547
764,0.127061042553,0.115153295294,0.11668797339,0.15787633953,0.0364675637886,0.142289933061,0.0725295161734,0.0339740851771,0.0335608852778,0.0266505910728,0.106832842428,0.030915932254,20,9,2,20,0.000250986409836,2.50986409836e-06,0.000250986409836,0.059286755959,0.00842946398452,0.000621977364052,0.000250986409836,2.50986409836e-06,0.000250986409836,0.175405150782,0.57984467297,0.175403013573
765,0.183702673433,0.0956953059439,0.395447009525,0.012925433026,0.0656374826715,0.0450773639468,0.0331680195597,0.00626888576936,0.010368397588,0.036755855397,0.047009216304,0.0679443568363,20,9,2,20,0.000591924687087,5.91924687087e-06,0.000591924687087,0.0716123260223,0.00290096765939,0.00831885145001,0.000591924687087,5.91924687087e-06,0.000591924687087,0.172415086561,0.569960254176,0.172412976888
766,0.0691390149714,0.00393195408492,0.0579653113406,0.335266241992,0.0241937145296,0.0143044471222,0.00394647420033,0.0735868414502,0.036108149831,0.24830564895,0.0639597884266,0.0692924131015,20,9,2,20,0.000255007171597,2.55007171597e-06,0.000255007171597,0.0225826398404,0.00179182666799,0.00172357758523,0.000255007171597,2.55007171597e-06,0.000255007171597,0.18336334101,0.606152388535,0.183361097532
767,0.00155623880656,0.0469430535431,0.0963701984989,0.000711453332544,0.277555979379,0.00660476638895,0.0384263202785,0.114288183794,0.0288064516601,0.101428300777,0.24255761129,0.0447514422504,20,9,2,20,6.63641872017e-05,6.63641872017e-07,6.63641872017e-05,0.000520994542965,0.000274595554792,0.000879341082324,6.63641872017e-05,6.63641872017e-07,6.63641872017e-05,0.188109426246,0.621841734005,0.188107124537
768,0.0497619394811,0.0367709921813,0.0521315585012,0.109758595434,0.0116683769657,0.121589929759,0.0568375534966,0.0439091136453,0.00985376821768,0.042572289145,0.218881177485,0.246264705688,20,9,2,20,0.000121536462249,1.21536462249e-06,0.000121536462249,0.00568441940754,0.00156138947606,0.00035241466668,0.000121536462249,1.21536462249e-06,0.000121536462249,0.186951228959,0.618013029492,0.186948941421
769,0.0559904525018,0.371340212557,0.0565989693925,0.0482341115416,0.181167939279,0.0144684692981,0.0217572297633,0.140677671899,0.00046225750578,0.0416077163844,0.0180268802886,0.0496680895896,20,9,2,20,0.00225909129198,2.25909129198e-05,0.00225909129198,0.0797871501635,0.00583666410006,0.00780458424107,0.00225909129198,2.25909129198e-05,0.00225909129198,0.169154789642,0.559182544998,0.169152719862
770,0.218570702056,0.0980359890249,0.13775127786,0.0303195540507,0.0500478143399,0.0257742672124,0.0492308307539,0.12894771519,0.0882519267903,0.046104892323,0.0379484251922,0.0890166052068,20,9,2,20,0.000599082455975,5.99082455975e-06,0.000599082455975,0.00910338775046,0.00254208978839,0.00314876666197,0.000599082455975,5.99082455975e-06,0.000599082455975,0.185233133361,0.612333444119,0.185230866846
771,0.280867440877,0.0738029029831,0.0882441711622,0.0142491869911,0.0103693257682,0.150379977179,0.010518832108,0.0858205719004,0.231262117516,0.0476386965276,0.00289317511858,0.00395360186766,20,9,2,20,0.00184439067196,1.84439067196e-05,0.00184439067196,0.0659318736484,0.0525169315223,0.011246421145,0.00184439067196,1.84439067196e-05,0.00184439067196,0.162633591726,0.537625129717,0.16263160174
772,0.168208080262,0.0129107293902,0.0232930281362,0.141956707433,0.0179300717243,0.0309835729876,0.145478624679,0.0799751113878,0.0484745537465,0.177046630417,0.0219763902376,0.131766499599,20,9,2,20,0.000129593255711,1.29593255711e-06,0.000129593255711,0.00767056182922,0.00266249766712,0.00106046217326,0.000129593255711,1.29593255711e-06,0.000129593255711,0.186229804259,0.615628183634,0.186227525549
773,0.00720644796153,0.0139724160696,0.142566514342,0.0514773719877,0.00584081388011,0.033815534485,0.00852759470137,0.012163051461,0.128572779936,0.460993062626,0.0182231162928,0.116641296256,20,9,2,20,3.32704096809e-05,3.32704096809e-07,3.32704096809e-05,0.00534601005893,0.000503144342635,0.000161964150645,3.32704096809e-05,3.32704096809e-07,3.32704096809e-05,0.187317235127,0.619222955297,0.187314943977
774,0.00690798009042,0.16537152032,0.236987888295,0.0246188596792,0.152086034173,0.0790053227034,0.0273717853848,0.141949989963,0.0464178198206,0.00976168953889,0.0842828519062,0.0252382581244,20,9,2,20,0.000563565817606,5.63565817606e-06,0.000563565817606,0.0218550243854,0.0167035778993,0.00350965270878,0.000563565817606,5.63565817606e-06,0.000563565817606,0.180119563421,0.595429287523,0.180117359476
775,0.221002881664,0.229652913847,0.0771783699734,0.0689411157705,0.0583704105695,0.0389466539892,0.0546568594818,0.0166521505569,0.0586655755313,0.0240461577163,0.0682151190571,0.0836717918428,20,9,2,20,0.000515061321956,5.15061321956e-06,0.000515061321956,0.0152304509753,0.00458157696066,0.00419339647452,0.000515061321956,5.15061321956e-06,0.000515061321956,0.183560712945,0.606804849236,0.183558466894
776,0.213363351934,0.217215042303,0.00152279730198,0.0152844207165,0.151192324641,0.0806166286647,0.0557095884064,0.132473437722,0.00412595913359,0.000812417309883,0.0953386577392,0.032345374128,20,9,2,20,0.000644218565403,6.44218565403e-06,0.000644218565403,0.0277746628637,0.0136814972606,0.00130790961376,0.000644218565403,6.44218565403e-06,0.000644218565403,0.17992731121,0.594793750801,0.179925109617
777,0.00796499008784,0.0311505856182,0.425869319792,0.0341034312566,0.0364423139821,0.0172631852202,0.059714736512,0.0899494613647,0.191415433682,0.00193070536187,0.0123661159642,0.0918297211578,20,9,2,20,0.00074223678583,7.4223678583e-06,0.00074223678583,0.0958859080828,0.00436426225826,0.00938334185408,0.00074223678583,7.4223678583e-06,0.00074223678583,0.16724978996,0.552885148534,0.167247757432
778,0.0718261547604,0.00890144007925,0.172722908138,0.140378404686,0.0221889193517,0.0285382666712,0.0549623977527,0.0112199132759,0.141702941321,0.0979093387315,0.103624636869,0.146024678363,20,9,2,20,0.000124446397501,1.24446397501e-06,0.000124446397501,0.0066112040565,0.0027499635952,0.000641681072295,0.000124446397501,1.24446397501e-06,0.000124446397501,0.186495811513,0.616507535697,0.186493529548
779,0.185155773112,0.0693255922917,0.049740309792,0.185521069014,0.0149769902932,0.0990622850216,0.0150107247339,0.0653899143169,0.00517310372353,0.0660492786143,0.00979357733998,0.234801381747,20,9,2,20,0.000216835166303,2.16835166303e-06,0.000216835166303,0.0151131850174,0.00363676092767,0.00146620108444,0.000216835166303,2.16835166303e-06,0.000216835166303,0.184500855816,0.609912721525,0.184498598261
780,0.117186874239,0.0930176131707,0.114680533688,0.224308269941,0.0365271076455,0.0252300808672,0.0348089483321,0.0184472993722,0.097026218259,0.023002097422,0.212100805324,0.00366415173968,20,9,2,20,6.63912834454e-05,6.63912834454e-07,6.63912834454e-05,0.000301163121093,0.00274201183588,0.00016980482412,6.63912834454e-05,6.63912834454e-07,6.63912834454e-05,0.187819521403,0.620883382615,0.187817223241
781,0.0818610348878,0.00633950398543,0.0871125146798,0.0287450156099,0.319044220294,0.0106755516759,0.0633570190684,0.189704698713,0.16365420774,0.0330644510294,0.0146131696735,0.00182861264301,20,9,2,20,0.00305891663332,3.05891663332e-05,0.00305891663332,0.0819485230273,0.0276115817732,0.0329031930812,0.00305891663332,3.05891663332e-05,0.00305891663332,0.159306913245,0.526627980044,0.159304963963
782,0.0089495871681,0.0900187735713,0.00504873401281,0.0057813535109,0.0023854920087,0.157493868053,0.16631195554,0.029248913246,0.047521271176,0.0544213349119,0.0144649888337,0.418353727967,20,9,2,20,9.81602309052e-05,9.81602309052e-07,9.81602309052e-05,0.00145154908754,0.000719752557787,0.000211231551987,9.81602309052e-05,9.81602309052e-07,9.81602309052e-05,0.187951969736,0.621321222986,0.187949669953
783,0.0329948669895,0.127066791855,0.0370852716753,0.00762363369696,0.0621650261809,0.113874229727,0.0200527557093,0.128428153068,0.116358925455,0.0732138991893,0.139931026087,0.141205420367,20,9,2,20,4.90558442493e-05,4.90558442493e-07,4.90558442493e-05,0.000150785582388,0.000253092725938,0.000160581178392,4.90558442493e-05,4.90558442493e-07,4.90558442493e-05,0.188331836864,0.622576966722,0.188329532433
784,0.00582190092098,0.00785325208548,0.133350901411,0.14307065947,0.108097687663,0.169225487358,0.00226119603626,0.0900510294696,0.192533323635,0.00385520725579,0.0948099371877,0.0490694175076,20,9,2,20,0.000614120183254,6.14120183254e-06,0.000614120183254,0.0473599972649,0.00653738140518,0.00901685835591,0.000614120183254,6.14120183254e-06,0.000614120183254,0.17615230521,0.58231454482,0.176150149808
785,0.33117833096,0.109576425158,0.00722343173018,0.127514110536,0.0663116281454,0.185936589866,0.000399598631076,0.0128639839068,0.0564728876619,0.0650977216714,0.0037448794097,0.0336804123239,20,9,2,20,0.000678012080021,6.78012080021e-06,0.000678012080021,0.0931649912814,0.0211976148812,0.00106307224733,0.000678012080021,6.78012080021e-06,0.000678012080021,0.16620677019,0.549437192199,0.16620475064
786,0.370456974274,0.0779445349236,0.264952947351,0.0117669982026,0.0756047780522,0.0604734107335,0.00774509528173,0.0423946457544,0.029776312808,0.0362646286281,0.0111363990651,0.0114832749256,20,9,2,20,0.00485531118775,4.85531118775e-05,0.00485531118775,0.0787427049071,0.0236138039022,0.0131577977215,0.00485531118775,4.85531118775e-05,0.00485531118775,0.163025058755,0.538919219762,0.163023063978
787,0.0413580002916,0.00931174148912,0.0299336603396,0.0190625675467,0.106471201807,0.0385256530425,0.0582424241861,0.135977958334,0.264342865286,0.0627549411305,0.20152989567,0.0324890908768,20,9,2,20,0.00011106468967,1.1106468967e-06,0.00011106468967,0.00117253643348,0.00135742433117,0.000454988355382,0.00011106468967,1.1106468967e-06,0.00011106468967,0.187828651824,0.620913565454,0.18782635355
788,0.107634589801,0.031265105063,0.0343490595042,0.00274381405544,0.000168753597081,0.0930272790181,0.0726124843127,0.149646701001,0.0535611822983,0.0851454982754,0.142010758273,0.227834774801,20,9,2,20,3.68090379558e-05,3.68090379558e-07,3.68090379558e-05,0.000518509351106,0.000499810314368,0.000153087610963,3.68090379558e-05,3.68090379558e-07,3.68090379558e-05,0.188226721192,0.62222948115,0.188224418048
789,0.00477853452514,0.143750009576,0.0280532911042,0.224845089199,0.0735415393151,0.123285737245,0.11054700394,0.0821737049833,0.0590847171879,0.0308964078675,0.0984803947657,0.0205635702911,20,9,2,20,0.000380442673564,3.80442673564e-06,0.000380442673564,0.00158284301149,0.00267832729342,0.00146703534328,0.000380442673564,3.80442673564e-06,0.000380442673564,0.187107515568,0.618529673118,0.187105226118
790,0.135444506367,0.00588676258979,0.179573886509,0.0763391248071,0.132289901317,0.0308010292598,0.00431229240536,0.070233986847,0.0261310559438,0.200230362222,0.0783524967281,0.060404595004,20,9,2,20,0.000183296738201,1.83296738201e-06,0.000183296738201,0.0034637901907,0.00169390866007,0.000795550453962,0.000183296738201,1.83296738201e-06,0.000183296738201,0.187214472149,0.618883244267,0.187212181391
791,0.119108137091,0.109693166072,0.0512793038573,0.149303994513,0.0397163297776,0.0536683202443,0.0231249217151,0.0564664512889,0.0477259939227,0.0193039040369,0.268102328785,0.0625071486966,20,9,2,20,0.000239431704257,2.39431704257e-06,0.000239431704257,0.0153263813884,0.00171848109911,0.000764968738277,0.000239431704257,2.39431704257e-06,0.000239431704257,0.184937266387,0.611355383445,0.184935003492
792,0.119185333513,0.0185290912828,0.0895387502502,0.0639343146676,0.0271934421555,0.287836135721,0.118199869173,0.156292173512,8.12078880072e-07,0.0363651554597,0.017727685747,0.0651972364392,20,9,2,20,0.000989850240918,9.89850240918e-06,0.000989850240918,0.0164100384763,0.00912835673377,0.00485469665888,0.000989850240918,9.89850240918e-06,0.000989850240918,0.181997060988,0.601635815105,0.181994834069
793,0.00754896816308,0.0910104383782,0.0219660155215,0.0504820674372,0.0325639330364,0.0755646815934,0.118536799634,0.343446399897,0.0386934167626,0.00459767785376,0.0255054969714,0.190084104751,20,9,2,20,0.000292453332567,2.92453332567e-06,0.000292453332567,0.0400989421536,0.00280456243317,0.00227385821777,0.000292453332567,2.92453332567e-06,0.000292453332567,0.179738987196,0.594171199695,0.179736787908
794,0.236791403115,0.238386426518,0.0993953208896,0.100921730958,0.00418074739656,0.0559838209092,0.0514343112233,0.0739667614298,0.00815756118451,0.0509202582456,0.053081867496,0.0267797906341,20,9,2,20,0.000289375545282,2.89375545282e-06,0.000289375545282,0.0373199833211,0.0157449533689,0.00291115112946,0.000289375545282,2.89375545282e-06,0.000289375545282,0.177706025219,0.587450746464,0.177703850805
795,0.0379428238716,0.0495439868252,0.0262888499302,0.0539060391233,0.108083287718,0.0335292498009,0.143904224547,0.109956460073,0.0552862759124,0.266286543843,0.049325426938,0.0659468314178,20,9,2,20,0.000164096358327,1.64096358327e-06,0.000164096358327,0.0101926549752,0.00230345327758,0.000660777274617,0.000164096358327,1.64096358327e-06,0.000164096358327,0.185871311563,0.614443098311,0.185869037239
796,0.00237405766212,0.0427305071068,0.0190439223789,0.00959488072917,0.118455252142,0.178611022596,0.152783903028,0.0728418520285,0.00690123360858,0.0212706164292,0.175225670533,0.200167081758,20,9,2,20,0.000123505560798,1.23505560798e-06,0.000123505560798,0.010079005297,0.00322273332859,0.000162188179333,0.000123505560798,1.23505560798e-06,0.000123505560798,0.185844196311,0.614353462211,0.185841922319
797,0.00646088865357,0.18103436939,0.00276520335431,0.0899601521432,0.173766314728,0.101767739172,0.146314866448,0.0156550531869,0.0601170020541,0.128611227657,0.0378484450376,0.0556987381755,20,9,2,20,0.00038131716488,3.8131716488e-06,0.00038131716488,0.00550709744905,0.00339098364129,0.00136911017888,0.00038131716488,3.8131716488e-06,0.00038131716488,0.186251365898,0.615699460906,0.186249086924
798,0.0752022044556,0.0509741267075,0.00328897461238,0.212759110377,0.0171787757447,0.00544290231803,0.244145657893,0.0595148260197,0.0240541339679,0.0578458908204,0.139937053747,0.109656343337,20,9,2,20,0.000229171226952,2.29171226952e-06,0.000229171226952,0.0354551487941,0.00147874059821,0.00178694989326,0.000229171226952,2.29171226952e-06,0.000229171226952,0.1810038263,0.598352449967,0.181001616115
799,0.0311597221004,0.209128643892,0.223518189272,0.0163367468396,0.166622045211,0.117541428925,0.0255560666944,0.0614806048878,0.0979568765614,0.0360870969572,0.0119877494147,0.002624829244,20,9,2,20,0.00461689718551,4.61689718551e-05,0.00461689718551,0.0793056113723,0.0358829733213,0.0107031715423,0.00461689718551,4.61689718551e-05,0.00461689718551,0.161249804249,0.533050681635,0.161247831195
800,0.0127647917962,0.0426655456126,0.000436043308717,0.113900371528,0.125396491608,0.0707313917912,0.0656692290056,0.000535062906989,0.017296946868,0.201474579984,0.128614908031,0.22051463756,20,9,2,20,3.94313741995e-05,3.94313741995e-07,3.94313741995e-05,0.000698350157822,0.000847411817583,8.66313300056e-05,3.94313741995e-05,3.94313741995e-07,3.94313741995e-05,0.188137849802,0.621935695024,0.188135547745
801,0.119101025247,0.0240798891241,0.0688609057899,0.029121192559,0.0831159631055,0.168547979068,0.209189498793,0.0154763531412,0.199910797228,0.0357832444235,0.0403769010856,0.00643625043471,20,9,2,20,0.0013319920569,1.3319920569e-05,0.0013319920569,0.0312443288982,0.0256534745659,0.00588117028102,0.0013319920569,1.3319920569e-05,0.0013319920569,0.175633888255,0.580600790734,0.175631739197
802,0.0944837988913,0.32236074411,0.158861333464,0.0918155141868,0.0552532063575,0.0538095082338,0.096058997469,0.0596709288307,0.0175876732798,0.0386339376808,0.00620045683149,0.00526390066517,20,9,2,20,0.00375432120266,3.75432120266e-05,0.00375432120266,0.13800759389,0.0415161168635,0.00552210392119,0.00375432120266,3.75432120266e-05,0.00375432120266,0.150754268782,0.498355121159,0.15075242415
803,0.121500902597,0.0785810455047,0.0078545186899,0.073666500694,0.220161934624,0.0764877208612,0.156955342256,0.0350636495518,0.000454870225271,0.0543067523424,0.0145178030502,0.160448959604,20,9,2,20,0.00025449232359,2.5449232359e-06,0.00025449232359,0.00722138476074,0.00353246492573,0.00132996815016,0.00025449232359,2.5449232359e-06,0.00025449232359,0.186005068008,0.614885262967,0.186002792048
804,0.469217570322,0.0765777148426,0.104817310483,0.10248523006,0.00295062741253,0.0876273020901,0.0729449408262,0.0234850323539,0.0259644303281,0.00984904700524,0.021599378175,0.00248141610197,20,9,2,20,0.00506188633286,5.06188633286e-05,0.00506188633286,0.0598524352664,0.0557537898243,0.0517276706972,0.00506188633286,5.06188633286e-05,0.00506188633286,0.153101825355,0.506115543799,0.153099951999
805,0.177886439474,0.131575149955,0.24504163008,0.0541130026684,0.0468998895822,0.00371636528778,0.0430998220165,0.0133056620906,0.0767856138674,0.0429793877575,0.0476117974909,0.11698523973,20,9,2,20,1.68974654903e-06,1.68974654903e-08,1.68974654903e-06,1.16982502742e-05,3.93126206502e-05,1.99585209976e-06,1.68974654903e-06,1.68974654903e-08,1.68974654903e-06,0.188464121046,0.623014264453,0.188461814997
806,0.0936904900491,0.0880778809747,0.136246229932,0.00933965768367,0.0669186202303,0.000225817687659,0.102176174047,0.0689471365149,0.0734681702105,0.170803359638,0.0422969202354,0.147809542796,20,9,2,20,6.97548371968e-05,6.97548371968e-07,6.97548371968e-05,0.00311296029305,0.00130580821548,0.000644717359237,6.97548371968e-05,6.97548371968e-07,6.97548371968e-05,0.187468198076,0.619721997398,0.187465904213
807,0.0329413075869,0.0496538397541,0.0390614972509,0.0664041903067,0.280868840295,0.0352327441222,0.219511181973,0.106557890334,0.0162415566819,0.0876282232177,0.0295150563478,0.0363836721297,20,9,2,20,0.000693569127261,6.93569127261e-06,0.000693569127261,0.0321424816477,0.00694609225309,0.0047274404747,0.000693569127261,6.93569127261e-06,0.000693569127261,0.179691654039,0.594014728364,0.17968945533
808,0.0526212269092,0.153483364757,0.135942503141,0.164355018055,0.104985063792,0.00830736700567,0.0437106438176,0.0272161762601,0.0026590191654,0.010905645539,0.100162448312,0.195651523244,20,9,2,20,0.000255045901674,2.55045901674e-06,0.000255045901674,0.00272587726548,0.000675985178627,0.00102867421227,0.000255045901674,2.55045901674e-06,0.000255045901674,0.187447103747,0.619652264931,0.187444810142
809,0.0191927491897,0.0371653458504,0.042076246571,0.122680695033,0.225188009757,0.130687326512,0.17021752739,0.00379746736374,0.103456639171,0.0826198027382,0.0513920523829,0.0115261380393,20,9,2,20,0.00103128170072,1.03128170072e-05,0.00103128170072,0.0255781430171,0.00486465910286,0.00404635856213,0.00103128170072,1.03128170072e-05,0.00103128170072,0.181193661395,0.59897998118,0.181191444307
810,0.130599795729,0.046167791493,0.0362591732125,0.0649331704265,0.066650905968,0.103458718094,0.241725734696,0.0706982574663,0.0630827577896,0.0282687174333,0.0538737988002,0.0942811788918,20,9,2,20,0.000535493251897,5.35493251897e-06,0.000535493251897,0.0211843401837,0.0046666392556,0.00299574989763,0.000535493251897,5.35493251897e-06,0.000535493251897,0.18263276542,0.603737291647,0.182630530723
811,0.0299029901283,0.00878505608539,0.134547522364,0.0107503488725,0.0383586354823,0.000273884737942,0.0638213117008,0.48105756584,0.0791779017517,0.00976450952524,0.078944638761,0.064615634751,20,9,2,20,0.000262650716719,2.62650716719e-06,0.000262650716719,0.0231299764567,0.0146716349258,0.00147083779711,0.000262650716719,2.62650716719e-06,0.000262650716719,0.180874498685,0.597924910752,0.180872285502
812,0.0372549420297,0.0814991712641,0.00434585121488,0.112550644778,0.0872525452763,0.041339409545,0.0283426295835,0.169073062615,0.130295147122,0.0106342651637,0.224093629718,0.0733187016905,20,9,2,20,0.000166426773437,1.66426773437e-06,0.000166426773437,0.00418870754542,0.00249665890151,0.000584877682133,0.000166426773437,1.66426773437e-06,0.000166426773437,0.186979032918,0.618104942283,0.186976745041
813,0.0818461841974,0.11740009864,0.0749709984896,0.0136468946704,0.0509705017558,0.0219028323251,0.12407710745,0.158574732796,0.13183906413,0.00894378710793,0.06172265494,0.154105143496,20,9,2,20,0.000364616567161,3.64616567161e-06,0.000364616567161,0.0132476352092,0.00265177425898,0.00377658763201,0.000364616567161,3.64616567161e-06,0.000364616567161,0.184490691093,0.609879119545,0.184488433662
814,0.0524646526751,0.308415170212,0.0363685982328,0.00169030936821,0.0391811734073,0.0302561651354,0.167763474637,0.00906730092041,0.198845972937,0.0787791472586,0.0189146429318,0.0582533922833,20,9,2,20,0.000430390892558,4.30390892558e-06,0.000430390892558,0.0781020715425,0.00265989685177,0.00670505920153,0.000430390892558,4.30390892558e-06,0.000430390892558,0.171663904965,0.567477079502,0.171661816549
815,0.00995998308904,0.0053132171659,0.0800296380107,0.0821640217013,0.0632730097609,0.0906067990265,0.241542424592,0.135364794083,0.107616500982,0.0400823184398,0.104471413127,0.0395758800226,20,9,2,20,0.000576894559832,5.76894559832e-06,0.000576894559832,0.031763167668,0.00377316490979,0.00486739105327,0.000576894559832,5.76894559832e-06,0.000576894559832,0.180423187819,0.59643299226,0.180420980159
816,0.0228088873635,0.0155370504782,0.0589378864256,0.0497482168308,0.0590991265168,0.0515978316387,0.243237509959,0.0250266708426,0.022648431087,0.0599633744322,0.251165545023,0.140229469402,20,9,2,20,7.65322835018e-05,7.65322835018e-07,7.65322835018e-05,0.00151147796811,0.000649556738593,0.000377593942376,7.65322835018e-05,7.65322835018e-07,7.65322835018e-05,0.187938936454,0.621278138285,0.187936636831
817,0.133240254086,0.178577449939,0.0663393682827,0.0262302986027,0.119553163107,0.0633443934161,0.0585777535731,0.0610335596134,0.0578880783829,0.00397393552452,0.191803776839,0.0394379686342,20,9,2,20,0.000288227974706,2.88227974706e-06,0.000288227974706,0.0172520087908,0.00379119898686,0.00117223282085,0.000288227974706,2.88227974706e-06,0.000288227974706,0.184069945911,0.608488243403,0.184067693629
818,0.0857194968779,0.187346285289,0.0106168300487,0.0318833843879,0.148652697478,0.104509546108,0.0483796034529,0.124732469654,0.00896596221363,0.0241311569368,0.0283239712346,0.196738596318,20,9,2,20,0.000393040895739,3.93040895739e-06,0.000393040895739,0.013330568605,0.00104471505629,0.00434427568218,0.000393040895739,3.93040895739e-06,0.000393040895739,0.184649419782,0.610403836064,0.184647160409
819,0.170957430596,0.05391776514,0.00971444383978,0.0836640827879,0.0515629563608,0.217556069788,0.106204238953,0.0329207417768,0.00867010358191,0.121786304605,0.114166075928,0.0288797866435,20,9,2,20,0.000184603719916,1.84603719916e-06,0.000184603719916,0.0403323351021,0.00227991892182,0.000885091132216,0.000184603719916,1.84603719916e-06,0.000184603719916,0.180137339989,0.595488067487,0.180135140415
820,0.0281780509518,0.0862889900973,0.0540732882767,0.0882067552066,0.109234766933,0.15123758968,0.0574373470454,0.0423871610519,0.0811307505066,0.196240507897,0.0895575769886,0.0160272153652,20,9,2,20,0.000223536265693,2.23536265693e-06,0.000223536265693,0.00821683979744,0.00344005603784,0.00140457162546,0.000223536265693,2.23536265693e-06,0.000223536265693,0.185844259622,0.614353671501,0.185841985629
821,0.186652174067,0.0804286172798,0.0712780669676,0.116298965487,0.0240582796974,0.26869209262,0.031790793081,0.0348780028128,0.0205122961029,0.0524506027014,0.0737597823663,0.0392003268168,20,9,2,20,0.0003194369625,3.194369625e-06,0.0003194369625,0.00241315528419,0.00380944524401,0.000377541538788,0.0003194369625,3.194369625e-06,0.0003194369625,0.186989399273,0.618139210803,0.186987111268
822,0.243621192022,0.138063159416,0.0576090739103,0.0370898907843,0.0559173996646,0.0119216098625,0.0119749329,0.129147899724,0.182791506395,0.0545862403643,0.0591211529729,0.0181559419845,20,9,2,20,0.000622442369774,6.22442369774e-06,0.000622442369774,0.00234987933042,0.00400064237092,0.00120254958918,0.000622442369774,6.22442369774e-06,0.000622442369774,0.186580217131,0.616786559118,0.186577934133
823,0.124578177199,0.218695486153,0.0431422946336,0.24717169328,0.076016849712,0.00762783037508,0.0849252886976,0.0229646974028,0.0291609442121,0.0655791747113,0.00706399709181,0.0730735665311,20,9,2,20,0.000631229550668,6.31229550668e-06,0.000631229550668,0.0123458800996,0.00647681734103,0.00428992525586,0.000631229550668,6.31229550668e-06,0.000631229550668,0.183640966791,0.607070147961,0.183638719758
824,0.0314133268158,0.0868822290087,0.0855959259519,0.0573286444289,0.000641835140088,0.0250633765531,0.198370899485,0.000569887119547,0.128840190722,0.254553997037,0.0193228495793,0.111416838158,20,9,2,20,5.93718595397e-05,5.93718595397e-07,5.93718595397e-05,0.00054241706986,0.000414931168426,0.000426512621392,5.93718595397e-05,5.93718595397e-07,5.93718595397e-05,0.188169583723,0.622040599265,0.188167281278
825,0.122785737188,0.0501587779072,0.200276493755,0.00448648857005,0.12606405057,0.016495032453,0.0126901511521,0.204307911746,0.0188715155395,0.0800836957601,0.132507868284,0.0312722770763,20,9,2,20,0.000108516294526,1.08516294526e-06,0.000108516294526,0.000790992842643,0.0021544038051,0.000177215408277,0.000108516294526,1.08516294526e-06,0.000108516294526,0.187804636593,0.620834177234,0.187802338613
826,0.0144176378047,0.00394446152932,0.082830145074,0.179751783832,0.0494372983314,0.0563058428811,0.202885599751,0.087840553316,0.121321353399,0.0144827672746,0.0490814476437,0.137701109163,20,9,2,20,0.000236799578817,2.36799578817e-06,0.000236799578817,0.00109194198408,0.00171142457009,0.000352642587029,0.000236799578817,2.36799578817e-06,0.000236799578817,0.18770114553,0.620492062205,0.187698848817
827,0.00069256580718,0.0245026647458,0.3194297322,0.0103599017114,0.143688447093,0.0206050090764,0.0322718243716,0.057976269789,0.226198016744,0.00342236154397,0.153001351535,0.00785185538275,20,9,2,20,0.000422842650313,4.22842650313e-06,0.000422842650313,0.0262338802044,0.012913427943,0.00120351775293,0.000422842650313,4.22842650313e-06,0.000422842650313,0.180549878416,0.596851799025,0.180547669205
828,0.0234043085463,0.0650598303069,0.0674926986692,0.0511216520347,0.199789627499,0.052742093473,0.0672984797932,0.0889060501098,0.074680298869,0.0834726610895,0.0530796724815,0.172952627127,20,9,2,20,0.000121084631553,1.21084631553e-06,0.000121084631553,0.00140977620164,0.00154228847144,0.000507856642174,0.000121084631553,1.21084631553e-06,0.000121084631553,0.187731539433,0.620592536686,0.187729242347
829,0.114395174453,0.0338481056822,0.00569186589481,0.110668577484,0.115534124377,0.267093385896,0.0701074355126,0.0235476895336,0.0178834259861,0.227945406829,0.00429864818671,0.00898616016389,20,9,2,20,0.000466361540392,4.66361540392e-06,0.000466361540392,0.0171735620271,0.00568347535637,0.000576663003042,0.000466361540392,4.66361540392e-06,0.000466361540392,0.18370536727,0.607283039502,0.183703119449
830,0.0404762624706,0.0397806599458,0.0169894538034,0.0580621433071,0.257037325879,0.202129054027,0.0235196019596,0.213374363636,0.0214956953421,0.00827857611179,0.016708050233,0.102148813284,20,9,2,20,0.000592367779762,5.92367779762e-06,0.000592367779762,0.0267365445765,0.0174408065247,0.000776048343594,0.000592367779762,5.92367779762e-06,0.000592367779762,0.179553962276,0.593559554552,0.179551765252
831,0.188622840383,0.0869258825053,0.0541053245517,0.0621145703333,0.113719802035,0.0107307075718,0.00200532852657,0.00184986068059,0.00731568632628,0.0299906221788,0.021260014923,0.421359359985,20,9,2,20,5.17773747754e-05,5.17773747754e-07,5.17773747754e-05,0.000996438064426,0.000871043320507,0.000152170186014,5.17773747754e-05,5.17773747754e-07,5.17773747754e-05,0.188055506941,0.62166349055,0.188053205891
832,0.0844527814709,0.00900202190084,0.193396120858,0.00841230783897,0.0692385664436,0.0629085235546,0.0245392234362,0.00707460747947,0.0901728610721,0.189227395654,0.240387142942,0.021188447349,20,9,2,20,5.2790331576e-05,5.2790331576e-07,5.2790331576e-05,0.000905137581149,0.000566822464469,0.000304322529318,5.2790331576e-05,5.2790331576e-07,5.2790331576e-05,0.18810060852,0.621812584854,0.188098306918
833,0.0139016104496,0.0152228588117,0.109782770943,0.133904835893,0.0775994637127,0.0240305270227,0.171657716337,0.126046696932,0.0484726627506,0.106279111264,0.122641770636,0.0504599752488,20,9,2,20,0.000216523374693,2.16523374693e-06,0.000216523374693,0.021040941547,0.00291953283606,0.000832214545403,0.000216523374693,2.16523374693e-06,0.000216523374693,0.183638526524,0.60706208106,0.183636279521
834,0.0619020040728,0.0176232527717,0.0181701779246,0.125812216059,0.122171320473,0.105304633476,0.116496468074,0.0871632962583,0.0550521317143,0.109461011168,0.15545657101,0.0253869169974,20,9,2,20,0.000289882860782,2.89882860782e-06,0.000289882860782,0.00578140507365,0.0023479167352,0.000719763773852,0.000289882860782,2.89882860782e-06,0.000289882860782,0.18658792105,0.616812026308,0.186585637958
835,0.300373919814,0.09084422467,0.0842770410415,0.144000578156,0.0876156674196,0.011315650048,0.139433185722,0.0298576212232,0.0161028009831,0.0212996302765,0.0667091690492,0.00817051159732,20,9,2,20,0.00158607156074,1.58607156074e-05,0.00158607156074,0.0790843110389,0.0139127823995,0.00606680359244,0.00158607156074,1.58607156074e-05,0.00158607156074,0.168602564433,0.557357029453,0.168600501409
836,0.0497495138261,0.211431349009,0.13839521059,0.00805773087816,0.20430491467,0.0300305122065,0.0848679149814,0.042286028613,0.00280406288123,0.0448193171292,0.104132423658,0.079121021557,20,9,2,20,0.00014904132539,1.4904132539e-06,0.00014904132539,0.000558114425612,0.0013813434636,0.000394971557639,0.00014904132539,1.4904132539e-06,0.00014904132539,0.187922484975,0.621223753896,0.187920185554
837,0.166484910947,0.0392958497815,0.118299024514,0.079595896723,0.108376668732,0.0220992973106,0.293218363525,0.0137746313017,0.0305796427997,0.118077900622,0.00713389534912,0.00306391839377,20,9,2,20,0.000912379957225,9.12379957225e-06,0.000912379957225,0.0452822470445,0.00800194622409,0.00437043546177,0.000912379957225,9.12379957225e-06,0.000912379957225,0.176917623629,0.584844514559,0.176915465654
838,0.0270068841432,0.0649268279531,0.243949433888,0.0648900980287,0.0689265015125,0.094663240175,0.0127693000945,0.0873568686293,0.136360562276,0.122126241241,0.0668418173894,0.0101822246688,20,9,2,20,0.000410021582731,4.10021582731e-06,0.000410021582731,0.0168211343916,0.00788611408749,0.000699136820938,0.000410021582731,4.10021582731e-06,0.000410021582731,0.183376251865,0.606195068002,0.183374008071
839,0.0526914675094,0.0385675508018,0.0932240767637,0.109248089764,0.204435122844,0.102702576167,0.0837552757315,0.105629836599,0.0336118929575,0.0376122480237,0.0449549929525,0.0935668698851,20,9,2,20,0.000332756881452,3.32756881452e-06,0.000332756881452,0.0816823657123,0.00614467692687,0.00316727778948,0.000332756881452,3.32756881452e-06,0.000332756881452,0.171073081324,0.565523927511,0.171070988072
840,0.159920455637,0.0427162160709,0.029463471267,0.0184463482477,0.238839279186,0.145464316826,0.0011029796614,0.0797967964941,0.000294358607547,0.156953291358,0.0878050464634,0.0391974401813,20,9,2,20,0.000263592845664,2.63592845664e-06,0.000263592845664,0.00576578867322,0.000985747838473,0.00175019190668,0.000263592845664,2.63592845664e-06,0.000263592845664,0.186673308512,0.617094295455,0.186671024375
841,0.0968283087762,0.027894355059,0.150629997556,0.0717882855665,0.0533969019773,0.0220770572328,0.133102136336,0.0740412898872,0.154161583284,0.0840505011876,0.0278803668776,0.10414921626,20,9,2,20,0.00025103820577,2.5103820577e-06,0.00025103820577,0.00314014842491,0.00344499769776,0.000682720492662,0.00025103820577,2.5103820577e-06,0.00025103820577,0.186915373386,0.617894500124,0.186913086287
842,0.0546616764243,0.0580440187969,0.326089154037,0.0502856656226,0.0789655940198,0.00454327757303,0.0845335768933,0.0294030247032,0.062465760168,0.0099899696246,0.0276033639988,0.213414918139,20,9,2,20,0.000107009185171,1.07009185171e-06,0.000107009185171,0.000251118776534,0.00102895802974,7.89960173119e-05,0.000107009185171,1.07009185171e-06,0.000107009185171,0.188138162234,0.621936727845,0.188135860173
843,0.149241701036,0.117182188419,0.190534953393,0.0181582344897,0.0180745371925,0.00527780608534,0.0265658060808,0.107587249393,0.0109841931075,0.0110261727609,0.316298187744,0.0290689702987,20,9,2,20,0.000101517921517,1.01517921517e-06,0.000101517921517,0.0024510153826,0.00107320085294,0.000393518779105,0.000101517921517,1.01517921517e-06,0.000101517921517,0.187660077947,0.620356303258,0.187657781736
844,0.131716215149,0.0300592654532,0.00795141875943,0.0658071777854,0.232605546855,0.155136440189,0.0209546603228,0.00515235542616,0.0411530309008,0.0151630440711,0.148012115712,0.146288729376,20,9,2,20,0.000100580034299,1.00580034299e-06,0.000100580034299,0.00289972701771,0.00286850542845,0.000164380552227,0.000100580034299,1.00580034299e-06,0.000100580034299,0.187281033639,0.619103279558,0.187278742066
845,0.00124756513632,0.0605277227374,0.0220479109187,0.368226994432,0.0486107210239,0.0650032532588,0.0490498169097,0.0582171387514,0.0663428786367,0.103783128528,0.120588142215,0.036354727453,20,9,2,20,0.000191949266419,1.91949266419e-06,0.000191949266419,0.00326707297596,0.00119288944858,0.00358983605476,0.000191949266419,1.91949266419e-06,0.000191949266419,0.186812768452,0.617555314409,0.186810482609
846,0.0255067190297,0.000470919858273,0.000727061374363,0.153826133882,0.0280131323117,0.0108324033822,0.0490327948498,0.0943829857441,0.0225530196754,0.0519385703134,0.449612038651,0.113104220929,20,9,2,20,3.39194425101e-05,3.39194425101e-07,3.39194425101e-05,0.0012594082096,0.000930690348331,0.000144961680911,3.39194425101e-05,3.39194425101e-07,3.39194425101e-05,0.188009590607,0.621511702875,0.18800729012
847,0.0540070399611,0.00968768057451,0.0868223208314,0.021912194621,0.121507587876,0.080773702987,0.034450111194,0.215558894601,0.0360419200873,0.0182470085437,0.241595012384,0.0793965263396,20,9,2,20,0.000153880985076,1.53880985076e-06,0.000153880985076,0.00365891155767,0.00251922687179,0.000311475567214,0.000153880985076,1.53880985076e-06,0.000153880985076,0.187135668069,0.618622738099,0.187133378275
848,0.0336041325895,0.212856156539,0.100191176214,0.227235638859,0.021408931674,0.0226932523023,0.0638192285512,0.0129024667274,0.104058632215,0.00386245280569,0.179454059684,0.0179138718386,20,9,2,20,0.000181600223139,1.81600223139e-06,0.000181600223139,0.000651861461184,0.00247834744063,0.000158721631558,0.000181600223139,1.81600223139e-06,0.000181600223139,0.187717916074,0.62054750134,0.187715619155
849,0.107304131842,0.134113060065,0.202045877695,0.0256282927457,0.193783742384,0.0450603868002,0.0554740191518,0.0990472592632,0.0678345500769,0.0428283635172,0.00335848087585,0.0235218355827,20,9,2,20,0.00212990016649,2.12990016649e-05,0.00212990016649,0.0864961370197,0.0276100528015,0.0112625864468,0.00212990016649,2.12990016649e-05,0.00212990016649,0.163232698808,0.539605624763,0.163230701491
850,0.220682500313,0.176814422585,0.0141940757403,0.00900088126865,0.00100314907242,0.0611007333431,0.0958520987834,0.0161823087355,0.136556772562,0.0427736923988,0.0755295152447,0.150309849954,20,9,2,20,0.000311636418451,3.11636418451e-06,0.000311636418451,0.0108051875794,0.00142477363913,0.0018417920871,0.000311636418451,3.11636418451e-06,0.000311636418451,0.185587094664,0.613503549811,0.185584823818
851,0.0522505500405,0.0183974519033,0.0178575572819,0.148495132263,0.291375975195,0.0794157520507,0.0116885324585,0.0124463125201,0.163955911417,0.00802032525636,0.0622425672635,0.133853932351,20,9,2,20,0.000180462399895,1.80462399895e-06,0.000180462399895,0.0536423246453,0.00492996404223,0.00315990896869,0.000180462399895,1.80462399895e-06,0.000180462399895,0.176703653044,0.584137190366,0.176701500086
852,0.25874895431,0.0171961191783,0.01241543336,0.0139208056269,0.0732888283202,0.245298279237,0.144723196074,0.101117518708,0.0765153178975,0.0234441860247,0.0219024045162,0.0114289567478,20,9,2,20,0.00272213140197,2.72213140197e-05,0.00272213140197,0.00822742513863,0.0313831539983,0.00503155997782,0.00272213140197,2.72213140197e-05,0.00272213140197,0.177998966896,0.588419136855,0.177996788899
853,0.0133835881495,0.078972439136,0.0229773681589,0.0785290533586,0.054609859351,0.0146339947425,0.0228470428922,0.259096504929,0.0394741058003,0.0866795875492,0.0156174537907,0.313179002142,20,9,2,20,3.43816273674e-05,3.43816273674e-07,3.43816273674e-05,0.000189361778544,0.000197017397483,0.00039122116659,3.43816273674e-05,3.43816273674e-07,3.43816273674e-05,0.188302783287,0.622480923016,0.188300479212
854,0.0385977429999,0.00122251045114,0.247518597803,0.0276857024823,0.0949806194266,0.0579999426005,0.0283296505418,0.0191210712718,0.197915168999,0.0571244806957,0.179329611422,0.0501749013062,20,9,2,20,6.85658449903e-05,6.85658449903e-07,6.85658449903e-05,0.000226969117667,0.00126665856961,2.69481906885e-05,6.85658449903e-05,6.85658449903e-07,6.85658449903e-05,0.188136850288,0.621932390893,0.188134548245
855,0.0508061867584,0.0719935163906,0.0242332177888,0.0487605897912,0.17359251466,0.0180322433904,0.0252614621893,0.11021282301,0.195427401145,0.0730086416164,0.0321655194172,0.176505883844,20,9,2,20,0.000212139813308,2.12139813308e-06,0.000212139813308,0.0040624465776,0.000605785561915,0.00306340102259,0.000212139813308,2.12139813308e-06,0.000212139813308,0.186857436991,0.617702977195,0.186855150602
856,0.0862878996229,0.00321025429636,0.229957987451,0.0303069800313,0.198332336647,0.0321341630911,0.124032960215,0.251615923942,0.0123275553252,0.00411467049566,0.00907109883478,0.0186081700473,20,9,2,20,0.00789583136632,7.89583136632e-05,0.00789583136632,0.0698368609388,0.0771656108548,0.0392031520861,0.00789583136632,7.89583136632e-05,0.00789583136632,0.14739777083,0.487259395929,0.147395967269
857,0.0986685207694,0.0681405774609,0.0936918360137,0.00299119139631,0.19123905266,0.0249911000612,0.125015014128,0.202645950404,0.0651368813396,0.0454102273687,0.0170049860016,0.0650646623968,20,9,2,20,0.000572317677513,5.72317677513e-06,0.000572317677513,0.0720587380663,0.00568395698499,0.00508354637418,0.000572317677513,5.72317677513e-06,0.000572317677513,0.172431054929,0.570013041522,0.17242894506
858,0.0726022115293,0.0698971648898,0.0145801216487,0.0914383295101,0.0809866104702,0.127558228859,0.00529021866757,0.0321679773649,0.132423189786,0.26318868549,0.0639518309099,0.0459154308752,20,9,2,20,4.6666184503e-05,4.6666184503e-07,4.6666184503e-05,0.000892681883837,0.00149321304833,0.000460963274026,4.6666184503e-05,4.6666184503e-07,4.6666184503e-05,0.187903471447,0.621160900027,0.187901172258
859,0.0161290478507,0.00508779518924,0.00476458410098,0.134156154893,0.00453848718535,0.0631196766185,0.209054096469,0.0468235154362,0.133511623757,0.0697920853673,0.0523659340568,0.260656999076,20,9,2,20,0.000126714569635,1.26714569635e-06,0.000126714569635,0.00338888960764,0.00151676419853,0.000652141608631,0.000126714569635,1.26714569635e-06,0.000126714569635,0.187331876149,0.619271351913,0.187329583954
860,0.0589292624166,0.0823097722011,0.0255148448085,0.0232012100531,0.0231733127646,0.114988720178,0.26022853469,0.0633039468183,0.0373908376001,0.117198674849,0.151342958241,0.0424179253808,20,9,2,20,6.72992595741e-05,6.72992595741e-07,6.72992595741e-05,0.000194495024438,0.000635177478368,7.74381230036e-05,6.72992595741e-05,6.72992595741e-07,6.72992595741e-05,0.188253433048,0.622317783725,0.188251129577
861,0.0076437264859,0.0451408325343,0.0928752553605,0.026175550478,0.029200860247,0.0277266738393,0.329338034272,0.00698914043637,0.0814753297329,0.0162806403479,0.205867854103,0.131286102163,20,9,2,20,0.000115573131845,1.15573131845e-06,0.000115573131845,0.00141881661197,0.000895836409087,0.000518372571275,0.000115573131845,1.15573131845e-06,0.000115573131845,0.187853869754,0.620996929492,0.187851571171
862,0.0352863579399,0.0404152359309,0.00345811337577,0.0581341986031,0.0238221798195,0.131048024553,0.0299928270552,0.041589848941,0.436832941553,0.00912265153719,0.0810994394513,0.109198181241,20,9,2,20,2.89187103293e-06,2.89187103293e-08,2.89187103293e-06,1.60971189483e-05,0.000104841017621,3.79407057714e-06,2.89187103293e-06,2.89187103293e-08,2.89187103293e-06,0.188449691743,0.622966564859,0.18844738587
863,0.0581090804889,0.0212659661527,0.0149761169888,0.0678368091359,0.128667520159,0.0410326051426,0.00970703054774,0.16977231617,0.13996207515,0.0424867778625,0.140994723152,0.165188979049,20,9,2,20,8.28633488646e-05,8.28633488646e-07,8.28633488646e-05,0.00448349432812,0.000414062611052,0.00181883928823,8.28633488646e-05,8.28633488646e-07,8.28633488646e-05,0.187146733208,0.618659316623,0.187144443279
864,0.00405115652946,0.0818341995558,0.0276047697102,0.0791687965277,0.106208284719,0.125948942465,0.0463018017194,0.162544146678,0.106684370322,0.0203386994092,0.137219816751,0.102095015614,20,9,2,20,0.000335662957046,3.35662957046e-06,0.000335662957046,0.0154377616786,0.0043334147225,0.00147619435577,0.000335662957046,3.35662957046e-06,0.000335662957046,0.18421646314,0.608972591951,0.184214209065
865,0.0765087920903,0.0537336548015,0.0562844903374,0.158876933053,0.131701921828,0.146117504715,0.0178506124066,0.0103213826533,0.0425495208824,0.0506849132898,0.230381675681,0.0249885982633,20,9,2,20,0.000276207267996,2.76207267996e-06,0.000276207267996,0.0103568357087,0.00225161500033,0.00150388529922,0.000276207267996,2.76207267996e-06,0.000276207267996,0.185606289465,0.613567002924,0.185604018385
866,0.102924483469,0.143932836945,0.0990979452408,0.0941834427453,0.0588680296034,0.167204889876,0.00666021114564,0.0304857886374,0.0483542447272,0.0665905525146,0.150281871827,0.0314157032687,20,9,2,20,0.00026744807351,2.6744807351e-06,0.00026744807351,0.0246262602594,0.00365105081305,0.000587345088528,0.00026744807351,2.6744807351e-06,0.00026744807351,0.182832473606,0.604397488659,0.182830240319
867,0.0137838700549,0.0634404425567,0.115907633041,0.297677569254,0.0690196358903,0.0995433749185,0.0712270505165,0.00982987092434,0.0149535565598,0.039955895847,0.0524698535481,0.152191246889,20,9,2,20,0.000308859139966,3.08859139966e-06,0.000308859139966,0.0369582980543,0.00529105773646,0.00210095782358,0.000308859139966,3.08859139966e-06,0.000308859139966,0.179882435411,0.594645402866,0.179880234367
868,0.163590572554,0.0626595728697,0.0503352469417,0.0121505411037,0.0359115703791,0.0440324493078,0.0234017949576,0.0134559937746,0.367655164914,0.0308012972278,0.0440272481481,0.151978547821,20,9,2,20,0.000401045269766,4.01045269766e-06,0.000401045269766,0.00606882837437,0.00385857798603,0.000523386751393,0.000401045269766,4.01045269766e-06,0.000401045269766,0.186201814054,0.615535655163,0.186199535687
869,0.101016799593,0.137313786876,0.0565782009192,0.205784414534,0.16829780014,0.0250967126584,0.0390036422986,0.0989338851578,0.0178021434643,0.0779235890804,0.00557638384767,0.0666726414299,20,9,2,20,0.000325758511463,3.25758511463e-06,0.000325758511463,0.0026758896952,0.00641466837664,0.00100253020619,0.000325758511463,3.25758511463e-06,0.000325758511463,0.186326275212,0.615947091972,0.186323995322
870,0.0900507155133,0.00866273644182,0.162891551482,0.149644358757,0.101339829835,0.0527567187681,0.0867219559083,0.00963855822776,0.0711329964736,0.0204806619098,0.130928179227,0.115751737456,20,9,2,20,0.000250524185238,2.50524185238e-06,0.000250524185238,0.004779668144,0.00304151590963,0.000519095218666,0.000250524185238,2.50524185238e-06,0.000250524185238,0.186713639449,0.617227619235,0.186711354819
871,0.16235580358,0.048019728901,0.134039769775,0.0321449745753,0.138719564167,0.0712866883073,0.0668945772971,0.0426300800789,0.190034885133,0.0425635021685,0.0666100918131,0.00470033420319,20,9,2,20,0.00124761858758,1.24761858758e-05,0.00124761858758,0.0522249158124,0.0171860638258,0.00230647816742,0.00124761858758,1.24761858758e-05,0.00124761858758,0.174013131307,0.575242982084,0.174011002081
872,0.348282533983,0.0464482396278,0.0200355558883,0.031110164263,0.106874005643,0.0124064289444,0.0649431811078,0.0217553859521,0.180149504613,0.0163197618471,0.0945906906208,0.05708454751,20,9,2,20,0.000425540581719,4.25540581719e-06,0.000425540581719,0.00156256185578,0.00149636416873,0.00117831423036,0.000425540581719,4.25540581719e-06,0.000425540581719,0.187354356474,0.619345666129,0.187352064004
873,0.042625122162,0.0580047231205,0.106964228278,0.0980394604214,0.0238498795198,0.0899533784395,0.120246287287,0.0412670353837,0.0440481903005,0.0597193416117,0.0991101269549,0.216172226522,20,9,2,20,0.000127930876424,1.27930876424e-06,0.000127930876424,0.00221967238387,0.00128788027035,0.000559192781091,0.000127930876424,1.27930876424e-06,0.000127930876424,0.187611980817,0.620197306429,0.187609685195
874,0.228402226601,0.246608866621,0.00954763348452,0.0099338772651,0.0929882597942,0.0229604769486,0.0731316657043,0.0813454147814,0.0446530437597,0.0469560463599,0.0758611174825,0.0676113711984,20,9,2,20,0.000166141994234,1.66141994234e-06,0.000166141994234,0.000696695316064,0.00282799634136,0.000379495874245,0.000166141994234,1.66141994234e-06,0.000166141994234,0.187613667523,0.620202882248,0.18761137188
875,0.179888591825,0.0753027346202,0.0583251541803,0.0220858386891,0.0515260324584,0.039234114907,0.124213005157,0.0536958885529,0.097134826144,0.125882006476,0.11063239326,0.0620794137309,20,9,2,20,0.000156651874381,1.56651874381e-06,0.000156651874381,0.00894143976706,0.00235340559943,0.000917288678724,0.000156651874381,1.56651874381e-06,0.000156651874381,0.186055014439,0.615050373114,0.186052737867
876,0.134470671653,0.0174375324578,0.0507518318892,0.107801770833,0.131110438138,0.0605791055502,0.0233374407664,0.280023491282,0.120861515768,0.00116028516221,0.0206019022578,0.0518640142414,20,9,2,20,0.000630818598349,6.30818598349e-06,0.000630818598349,0.18930747299,0.0180814482508,0.00689146532392,0.000630818598349,6.30818598349e-06,0.000630818598349,0.14761083298,0.487963830856,0.147609058834
877,0.117363459921,0.114030844595,0.324957889555,0.0594681604292,0.122358193232,0.0237870942134,0.0317713457948,0.0529788521459,0.0117921111135,0.0366844586146,0.0743999642869,0.0304076261003,20,9,2,20,0.000576467546055,5.76467546055e-06,0.000576467546055,0.0146755716218,0.0104033775701,0.00334950139205,0.000576467546055,5.76467546055e-06,0.000576467546055,0.182680555634,0.603895273894,0.182678320353
878,0.0113570446976,0.0561193470935,0.0699948476523,0.0784752256999,0.0924221597489,0.0233453408255,0.156684441666,0.0124271723772,0.302743671376,0.0265679655772,0.121818497833,0.0480442854522,20,9,2,20,0.000280876152652,2.80876152652e-06,0.000280876152652,0.00147247667888,0.00215296131515,0.000879506653522,0.000280876152652,2.80876152652e-06,0.000280876152652,0.187413508837,0.619541208738,0.187411215643
879,0.174842154663,0.155706917557,0.00151465474658,0.318167912239,0.0151018408034,0.00285031671103,0.00436278016358,0.111776417479,0.0476883486825,0.0314536099442,0.0721619369408,0.0643731100702,20,9,2,20,0.000835315043692,8.35315043692e-06,0.000835315043692,0.055176701494,0.00654969457568,0.00267758578176,0.000835315043692,8.35315043692e-06,0.000835315043692,0.175703932022,0.580832337544,0.175701782107
880,0.0478095574986,0.0401985869053,0.016402189104,0.0374624979262,0.0441596100762,0.0710948741872,0.0847598157755,0.127124138982,0.0209098946901,0.0825039199471,0.174134616577,0.253440298331,20,9,2,20,9.11628562055e-05,9.11628562055e-07,9.11628562055e-05,0.00880115775565,0.000671736630614,0.000560306192396,9.11628562055e-05,9.11628562055e-07,9.11628562055e-05,0.186515308912,0.616571989119,0.186513026708
881,0.279453754126,0.0220450758879,0.0148837870781,0.0558989530417,0.0119923097387,0.0112897777127,0.0156786176062,0.0436879912073,0.277857571684,0.0985394091878,0.0951085951597,0.0735641575701,20,9,2,20,0.000190314639707,1.90314639707e-06,0.000190314639707,0.0115710142071,0.00214727539573,0.000617140138721,0.000190314639707,1.90314639707e-06,0.000190314639707,0.185629320147,0.613643136476,0.185627048784
882,0.0269731206303,0.06234952803,0.00729873553324,0.080896051846,0.31238428704,0.0559960447695,0.00444669808037,0.0326329877361,0.0671138477401,0.00346992017697,0.318297403161,0.0281413752561,20,9,2,20,0.000176997306661,1.76997306661e-06,0.000176997306661,0.0214776156491,0.00268195939167,0.000643587323625,0.000176997306661,1.76997306661e-06,0.000176997306661,0.183666497632,0.60715455726,0.183664253571
883,0.11483034529,0.090928309077,0.212935735102,0.0362322861988,0.0563935108053,0.196977550724,0.0411982715228,0.130195602368,0.00309997875354,0.0136578628192,0.0333680501906,0.0701824971482,20,9,2,20,0.000912750933615,9.12750933615e-06,0.000912750933615,0.0391960662626,0.00548422722632,0.0124336911222,0.000912750933615,9.12750933615e-06,0.000912750933615,0.177019246174,0.585180430297,0.177017080165
884,0.0568056955991,0.115019361973,0.23380672807,0.100668601962,0.0440889991389,0.0802348811426,0.0633967061189,0.138053682197,0.0168695854522,0.029686825615,0.0459740987338,0.0753948339981,20,9,2,20,0.000586621332095,5.86621332095e-06,0.000586621332095,0.0114331951449,0.00873042845174,0.000895513532388,0.000586621332095,5.86621332095e-06,0.000586621332095,0.184061796645,0.608461304008,0.184059544463
885,0.0315800176759,0.109474048585,0.0201067373941,0.054263970944,0.0147398800741,0.0157447123571,0.143334487741,0.177263858984,0.184895244298,0.07774344584,0.00321022256097,0.167643373545,20,9,2,20,0.000324281889313,3.24281889313e-06,0.000324281889313,0.0152126908264,0.00433175633444,0.00160640737825,0.000324281889313,3.24281889313e-06,0.000324281889313,0.184243277178,0.609061232313,0.184241022775
886,0.177987872834,0.027539224246,0.0148309681173,0.184402981306,0.0170043029854,0.120036181878,0.173730188684,0.127653168342,0.0243691632039,0.0162008079141,0.0433083603863,0.0729367801029,20,9,2,20,0.000663458150487,6.63458150487e-06,0.000663458150487,0.00766926181794,0.00554931860035,0.0034013178115,0.000663458150487,6.63458150487e-06,0.000663458150487,0.184840266901,0.611034727911,0.184838005193
887,0.156500693866,0.0847981063798,0.0162365959329,0.0030463332691,0.00104004540394,0.0607584462564,0.0151614264778,0.16355185007,0.0240777249039,0.0896103072043,0.012270356839,0.372948113397,20,9,2,20,6.66664661181e-05,6.66664661181e-07,6.66664661181e-05,0.00271368379171,0.000948312022717,0.00020128346926,6.66664661181e-05,6.66664661181e-07,6.66664661181e-05,0.187696747452,0.620477523279,0.187694450792
888,0.194992398837,0.0343642456883,0.0224020173628,0.0284315985399,0.0450140488186,0.0461848538497,0.0399097135685,0.0218848302933,0.116565647032,0.0716277029834,0.258028343842,0.120594599185,20,9,2,20,4.16038152331e-05,4.16038152331e-07,4.16038152331e-05,0.00718144925211,0.00144646737521,0.000228591047509,4.16038152331e-05,4.16038152331e-07,4.16038152331e-05,0.186774635331,0.617429258853,0.186772350803
889,0.0412655636856,0.203342144188,0.0814863688561,0.0834941796242,0.0116120451775,0.0418326390794,0.0170625770872,0.326786555808,0.0376709650601,0.0697827667594,0.0641685516963,0.0214956429786,20,9,2,20,0.000249653718593,2.49653718593e-06,0.000249653718593,0.000343917462483,0.00297938648304,0.000646182336015,0.000249653718593,2.49653718593e-06,0.000249653718593,0.187538085898,0.619953028692,0.187535791179
890,0.122447342809,0.00819206535559,0.0979317410325,0.144644206221,0.0380889513629,0.0337721336797,0.0407318898632,0.133729290713,0.213525233789,0.0452345597232,0.118978396669,0.00272418878106,20,9,2,20,0.000615707180823,6.15707180823e-06,0.000615707180823,0.0336490024283,0.0103666635525,0.00291464111454,0.000615707180823,6.15707180823e-06,0.000615707180823,0.179163680243,0.5922693818,0.179161487994
891,0.042627803853,0.0145918837691,0.0327878116323,0.289269836563,0.094928638313,0.131276185372,0.0118634585978,0.0978525239026,0.0356035290968,0.105846058393,0.0493567229646,0.0939955475432,20,9,2,20,0.000154608605205,1.54608605205e-06,0.000154608605205,0.000456512022667,0.000869698772835,0.000385951618596,0.000154608605205,1.54608605205e-06,0.000154608605205,0.188035548831,0.621597514136,0.188033248026
892,0.136878070651,0.0834502248939,0.176529835634,0.00959677482191,0.021627321681,0.0935052953141,0.154743763854,0.0283628830969,0.0845487311364,0.0132022683271,0.0245990111833,0.172955819406,20,9,2,20,0.000230819582408,2.30819582408e-06,0.000230819582408,0.00257934225096,0.00364933168084,0.000328850330728,0.000230819582408,2.30819582408e-06,0.000230819582408,0.187064574506,0.618387720929,0.187062285581
893,0.0623102730443,0.10006482784,0.22716252644,0.0405725968873,0.147499193793,0.0997083266946,0.0200668292788,0.0331692002382,0.100459348179,0.0512568503168,0.0229979135971,0.0947321136909,20,9,2,20,0.000385103833908,3.85103833908e-06,0.000385103833908,0.00177220040148,0.00197350203726,0.000778897565722,0.000385103833908,3.85103833908e-06,0.000385103833908,0.187330833987,0.619267906792,0.187328541805
894,0.0192038184169,0.00460890027607,0.0527969402811,0.172999787886,0.135554476775,0.143502993335,0.101953567186,0.0589558440862,0.138346573409,0.0508824576776,0.0910873407504,0.0301072999211,20,9,2,20,0.000364174267609,3.64174267609e-06,0.000364174267609,0.00683693829905,0.00452413454597,0.00320219626863,0.000364174267609,3.64174267609e-06,0.000364174267609,0.185454649621,0.613065720315,0.185452380395
895,0.346079169497,0.0279256819926,0.0835630558773,0.0648078190623,0.0258031691695,0.000846986459053,0.0543346219479,0.108118597271,0.164468246782,0.0779007253687,0.00249220806379,0.043659718509,20,9,2,20,0.000961406241891,9.61406241891e-06,0.000961406241891,0.0357971241476,0.0164042541321,0.00143199734153,0.000961406241891,9.61406241891e-06,0.000961406241891,0.177638390489,0.58722716376,0.177636217037
896,0.101878309098,0.0393569998178,0.0454493000949,0.0474905954415,0.161245887616,0.00553176899759,0.0696382460242,0.0120644923523,0.115873674779,0.0231244359903,0.31463688764,0.0637094021486,20,9,2,20,8.06240956392e-05,8.06240956392e-07,8.06240956392e-05,0.0134783858101,0.0017242807848,0.00030440551832,8.06240956392e-05,8.06240956392e-07,8.06240956392e-05,0.185491602563,0.613187882118,0.185489334341
897,0.0259429248773,0.125799302214,0.175163672822,0.130868517021,0.0275771879716,0.0898330688745,0.0240080808199,0.0542044080809,0.098043560797,0.136186193906,0.075435173445,0.0369379091706,20,9,2,20,0.000170769814078,1.70769814078e-06,0.000170769814078,0.0450126011967,0.00344677946781,0.000958527333066,0.000170769814078,1.70769814078e-06,0.000170769814078,0.179031939886,0.591833902083,0.17902975538
898,0.00114750269316,0.168428998957,0.054777121562,0.0699517114014,0.277530237935,0.22362700738,0.0679816253474,0.0201413540142,0.0450745043849,0.0427167935363,2.50111404998e-05,0.0285981316478,20,9,2,20,0.00220857837749,2.20857837749e-05,0.00220857837749,0.0439599146261,0.0199753347628,0.010967281569,0.00220857837749,2.20857837749e-05,0.00220857837749,0.17268473196,0.570851633017,0.172682618988
899,0.00352293869271,0.1067233183,0.0542527480406,0.0354003693444,0.0307587588536,0.00351046474309,0.12078337023,0.0906819955683,0.00548823888618,0.0201743019441,0.281239251986,0.247464243411,20,9,2,20,1.80846251696e-05,1.80846251696e-07,1.80846251696e-05,0.000237053390855,0.000394836437715,2.00296956336e-05,1.80846251696e-05,1.80846251696e-07,1.80846251696e-05,0.188338818796,0.622600047207,0.18833651428
900,0.0624428569816,0.0272881419035,0.0155030130292,0.0357149299937,0.150030385469,0.0934744140455,0.183486407906,0.176051358459,0.000353896813672,0.153178820343,0.0590664659078,0.043409309148,20,9,2,20,0.000257002269068,2.57002269068e-06,0.000257002269068,0.00511162698753,0.00317101835374,0.000651027431662,0.000257002269068,2.57002269068e-06,0.000257002269068,0.186596891117,0.61684167907,0.186594607919
901,0.0283440961074,0.0324021072171,0.13484194213,0.0816454621886,0.251567298074,0.00588806005816,0.155213755631,0.0546306265487,0.00501147701109,0.0204934824963,0.00879825689933,0.221163435639,20,9,2,20,0.000277664599529,2.77664599529e-06,0.000277664599529,0.00403706728214,0.00252645243266,0.00098141792264,0.000277664599529,2.77664599529e-06,0.000277664599529,0.186842978268,0.617655180349,0.186840692055
902,0.0161997074922,0.0533437720218,0.0826816371665,0.167876384576,0.0817462253226,0.0921788980803,0.0390857618142,0.378017187917,0.0444277447604,0.00890403129398,0.0282758946978,0.00726275485723,20,9,2,20,0.00252229265978,2.52229265978e-05,0.00252229265978,0.116305197318,0.055430033129,0.0169961861724,0.00252229265978,2.52229265978e-05,0.00252229265978,0.150993095901,0.499144622638,0.150991248348
903,0.0217293168827,0.0148498902092,0.22398916887,0.0458393697309,0.105365118245,0.03666085168,0.176476313313,0.107666402817,0.00584245294033,0.0232940243932,0.124971921241,0.113315169678,20,9,2,20,0.000317278711553,3.17278711553e-06,0.000317278711553,0.00331192105278,0.00144605522486,0.000198538612926,0.000317278711553,3.17278711553e-06,0.000317278711553,0.187300817793,0.619168680918,0.187298525978
904,0.0489675716139,0.0605785859799,0.0706198005124,0.155339127826,0.382298224284,0.0478043098321,0.0430287230882,0.0250879235609,0.0424912532558,0.0345852260935,0.0842037611327,0.00499549282067,20,9,2,20,0.000932442098587,9.32442098587e-06,0.000932442098587,0.0177988492239,0.00774790507687,0.00682728203691,0.000932442098587,9.32442098587e-06,0.000932442098587,0.181667198192,0.600545372925,0.18166497531
905,0.0453406648858,0.120934442856,0.0863468468142,0.00182205144437,0.0864256474401,0.0311105561982,0.00448959279749,0.111730447982,0.216324626482,0.112370213647,0.145965511535,0.0371393979177,20,9,2,20,0.000177527234259,1.77527234259e-06,0.000177527234259,0.00581373323506,0.00264791846157,0.000566610469975,0.000177527234259,1.77527234259e-06,0.000177527234259,0.186639278621,0.616981804016,0.186636995715
906,0.161918574315,0.0260260451077,0.0100977263856,0.0373396041496,0.0834703225336,0.0411004248121,0.153235871471,0.251845853684,0.00232223840034,0.099908367201,0.0842356963645,0.0484992755762,20,9,2,20,0.000222793432151,2.22793432151e-06,0.000222793432151,0.0449913524615,0.00246553812591,0.000559156312028,0.000222793432151,2.22793432151e-06,0.000222793432151,0.179256739121,0.592577032156,0.179254552227
907,0.13589407542,0.0616728119221,0.302690331527,0.0182730873977,0.142641287371,0.0142825986262,0.0461288365686,0.0218031803011,0.0831206670422,0.0311595711529,0.132650331617,0.00968322105421,20,9,2,20,0.000565001294364,5.65001294364e-06,0.000565001294364,0.0257529283572,0.00485303445216,0.003185785448,0.000565001294364,5.65001294364e-06,0.000565001294364,0.181678393651,0.600582382256,0.181676170632
908,0.00937299753384,0.0396458349231,0.0327949862508,0.154947501587,0.07209935134,0.059623784276,0.0875027416323,0.00981679896608,0.388316107243,0.0640400297674,0.00182661946158,0.080013247019,20,9,2,20,0.000757417744365,7.57417744365e-06,0.000757417744365,0.0248267360414,0.0096571598617,0.000830858775811,0.000757417744365,7.57417744365e-06,0.000757417744365,0.181245556041,0.59915153163,0.181243338318
909,0.00854542204857,0.178349994349,0.117830991922,0.0379186193248,0.224830884295,0.067861299085,0.0943475655987,0.0225828839804,0.113849963707,8.80797872908e-05,0.0396906719955,0.0941036239057,20,9,2,20,0.000665816605604,6.65816605604e-06,0.000665816605604,0.00417549139389,0.00492792529382,0.00160163589174,0.000665816605604,6.65816605604e-06,0.000665816605604,0.185953282819,0.614714074355,0.185951007492
910,0.246950727761,0.0397728305084,0.267713495374,0.0509030094945,0.00616385889944,0.039115877885,0.0103638733011,0.0509796219314,0.036466435677,0.0323651720248,0.0913470639681,0.127858033175,20,9,2,20,0.000253526918997,2.53526918997e-06,0.000253526918997,0.00600697498229,0.0032559609936,0.000464675103848,0.000253526918997,2.53526918997e-06,0.000253526918997,0.186449886459,0.616355719192,0.186447605056
911,0.0426552250778,0.098389938963,0.0155382690766,0.0675052565168,0.200597965606,0.193084403786,0.0391969286576,0.0121737941475,0.119581166456,0.0878571221933,0.0330294025826,0.0903905269371,20,9,2,20,0.000350174914783,3.50174914783e-06,0.000350174914783,0.00859797911543,0.00527366170811,0.00182940316882,0.000350174914783,3.50174914783e-06,0.000350174914783,0.185250813959,0.612391891663,0.185248547228
912,0.0532582740967,0.210963742122,0.223373049044,0.0693189587456,0.0604457790475,0.0121604140099,0.0143498471424,0.10349217451,0.012050009492,0.0526672547979,0.149607313789,0.038313183203,20,9,2,20,0.000240922967631,2.40922967631e-06,0.000240922967631,0.00767246228101,0.00392177073185,0.000530079472264,0.000240922967631,2.40922967631e-06,0.000240922967631,0.186007716872,0.614894019434,0.186005440879
913,0.058219585924,0.0261926563634,0.011563106106,0.0179141309772,0.00429951957134,0.156589366524,0.0260538309226,0.106741548609,0.156750033031,0.126543576481,0.184930284186,0.124202361304,20,9,2,20,4.71638290172e-05,4.71638290172e-07,4.71638290172e-05,0.00466311145612,0.000449682133053,0.000334968199348,4.71638290172e-05,4.71638290172e-07,4.71638290172e-05,0.18741288749,0.619539157105,0.187410595024
914,0.022251809743,0.0265376455065,0.104531771222,0.0924949443099,0.0335043056156,0.126543360628,0.096114758085,0.0673773174699,0.0556944844854,0.31299314577,0.0213168340624,0.0406396231019,20,9,2,20,0.00013460499033,1.3460499033e-06,0.00013460499033,0.0131762650229,0.00268957312798,0.00100023782919,0.00013460499033,1.3460499033e-06,0.00013460499033,0.185194565195,0.612205947611,0.185192299152
915,0.0589163492416,0.0190535990738,0.110355657864,0.0110790367896,0.0586454735891,0.149253946573,0.18583165503,0.0367955096571,0.0509070834268,0.184756295378,0.118599369902,0.0158060234752,20,9,2,20,6.96418040777e-05,6.96418040777e-07,6.96418040777e-05,0.000735310753244,0.00122533796602,0.000324529600138,6.96418040777e-05,6.96418040777e-07,6.96418040777e-05,0.187991926322,0.621453309256,0.18798962605
916,0.0242913612411,0.0888808235603,0.0137400945182,0.057194870175,0.125433534052,0.024197640517,0.0230906208312,0.0991921529732,0.12443709333,0.155013210173,0.043403314469,0.22112528416,20,9,2,20,9.59638235137e-05,9.59638235137e-07,9.59638235137e-05,0.00138614740778,0.000453162843949,0.000318845189191,9.59638235137e-05,9.59638235137e-07,9.59638235137e-05,0.187995923576,0.621466523158,0.187993623255
917,0.0817608481953,0.0188602799741,0.000200387234662,0.0608966164585,0.0385713090767,0.0775735947377,0.0467595422534,0.0581181189301,0.260091925831,0.0793517093771,0.115674516314,0.162141151617,20,9,2,20,8.0368970628e-05,8.0368970628e-07,8.0368970628e-05,0.00182685743048,0.00178917534237,0.000167839109999,8.0368970628e-05,8.0368970628e-07,8.0368970628e-05,0.187701331801,0.620492677968,0.187699035085
918,0.0570042430988,0.132618444031,0.135275370941,0.0740009240143,0.197502398754,0.0558883215311,0.0383519552348,0.0314740351153,0.016493582924,0.0671727803656,0.187478121467,0.00673982252291,20,9,2,20,0.000173697161086,1.73697161086e-06,0.000173697161086,0.000734819554877,0.000451968851826,0.000943366945931,0.000173697161086,1.73697161086e-06,0.000173697161086,0.187942304602,0.621289272521,0.187940004937
919,0.0422809797853,0.0663677196461,0.0488209772668,0.240468449495,0.0587790386051,0.0431644981444,0.0595386761084,0.0668480815811,0.203879632392,0.11025007345,0.0178392026578,0.0417626708679,20,9,2,20,0.00091145616953,9.1145616953e-06,0.00091145616953,0.0199181848773,0.00487976789352,0.00257820818349,0.00091145616953,9.1145616953e-06,0.00091145616953,0.182625075144,0.603711869559,0.182622840541
920,0.102635178249,0.135237365702,0.113017037992,0.0540750926003,0.170007302609,0.00409491718632,0.0618653840344,0.0468157192401,0.0160397483473,0.0245148062142,0.266552757869,0.00514468995633,20,9,2,20,0.000139073537183,1.39073537183e-06,0.000139073537183,0.00102267970346,0.000576235978937,0.00112831163772,0.000139073537183,1.39073537183e-06,0.000139073537183,0.187856004547,0.621003986574,0.187853705939
921,0.0169284549081,0.08741953211,0.0728464170149,0.000859534755154,0.0666986846545,0.29455170445,0.116675090409,0.0375075919712,0.00609960458408,0.111221471399,0.138541683534,0.0506502302098,20,9,2,20,0.000404840724968,4.04840724968e-06,0.000404840724968,0.0112271253621,0.00102459223354,0.00116161200268,0.000404840724968,4.04840724968e-06,0.000404840724968,0.185640573123,0.613680335942,0.185638301622
922,0.0804575578649,0.0408295213848,0.0150491049396,0.0130455591322,0.196417632215,0.17309611775,0.0395334775408,0.0717505187421,0.0758583395098,0.0611830164964,0.183457638474,0.0493215159509,20,9,2,20,0.000107839319831,1.07839319831e-06,0.000107839319831,0.00106873914153,0.00114214353807,0.000349343129321,0.000107839319831,1.07839319831e-06,0.000107839319831,0.187911145485,0.621186268438,0.187908846202
923,0.259986243164,0.0128022560696,0.0092407912558,0.00263967960199,0.204044154368,0.266155845351,0.0459921730829,0.115669610837,0.0211718928936,0.0260505679442,0.0189843341672,0.0172624512644,20,9,2,20,0.00192268715713,1.92268715713e-05,0.00192268715713,0.0133178472473,0.0272244223528,0.00743281838254,0.00192268715713,1.92268715713e-05,0.00192268715713,0.177976503833,0.588344879703,0.17797432611
924,0.0540022664286,0.00414861836824,0.128850347513,0.00845010789115,0.292937979074,0.0372199422555,0.161796675582,0.00488129910712,0.187088471103,0.028884643757,0.0703182545725,0.0214213943481,20,9,2,20,0.000632364593952,6.32364593952e-06,0.000632364593952,0.0487275828492,0.0120838954749,0.0075659911401,0.000632364593952,6.32364593952e-06,0.000632364593952,0.175108797073,0.578864973355,0.17510665444
925,0.0426300903194,0.0522166857343,0.145801912106,0.18825985792,0.0111356334974,0.0783662364878,0.0163744083361,0.0292980343523,0.242293404774,0.17109754598,0.0170258104403,0.00550038005195,20,9,2,20,0.00045041253742,4.5041253742e-06,0.00045041253742,0.022097185336,0.00475567598345,0.00516406078302,0.00045041253742,4.5041253742e-06,0.00045041253742,0.182099725293,0.601975197086,0.182097497118
926,0.0463282851128,0.106191223414,0.19696477109,0.014045659617,0.0942380390587,0.0527445608503,0.0498206036624,0.273822854049,0.0261946501377,0.072465361861,0.0424189636825,0.0247650274652,20,9,2,20,0.000517312964563,5.17312964563e-06,0.000517312964563,0.0231121288192,0.00662801396705,0.00630462519866,0.000517312964563,5.17312964563e-06,0.000517312964563,0.181289886944,0.599298078276,0.181287668678
927,0.0144830908347,0.0582449124691,0.0603597542692,0.0242301445207,0.0111875571657,0.427233697536,0.0876750549264,0.128577380331,0.0414896398791,0.0493239113656,0.0760847960778,0.0211100606246,20,9,2,20,0.000822652945671,8.22652945671e-06,0.000822652945671,0.0469298117352,0.0108869102916,0.000650245251393,0.000822652945671,8.22652945671e-06,0.000822652945671,0.176832500134,0.58456312303,0.176830344717
928,0.0287011048278,0.268400499744,0.00872520296869,0.00927297378601,0.170280809721,0.00963656135589,0.0509777734465,0.215057445899,0.13385899559,0.0217607556871,0.0105332813676,0.072794595606,20,9,2,20,0.000708612844935,7.08612844935e-06,0.000708612844935,0.00821977006097,0.015214980409,0.00170829191744,0.000708612844935,7.08612844935e-06,0.000708612844935,0.183199651561,0.605611272488,0.183197409928
929,0.0281339355967,0.179035688505,0.272501509959,0.118005275591,0.0690256908462,0.00909866786015,0.033666835554,0.0944393029113,0.0557753030556,0.0365073246929,0.0389946492562,0.0648158161724,20,9,2,20,0.000475506433945,4.75506433945e-06,0.000475506433945,0.00512548311234,0.00884409636399,0.00120965980803,0.000475506433945,4.75506433945e-06,0.000475506433945,0.185254201239,0.612403089145,0.185251934467
930,0.151989663135,0.142092941837,0.0274412314132,0.377666689768,0.0368462811037,0.0253072164222,0.0666375719579,0.0100711674478,0.0656222039764,0.0328293943778,0.00297363361491,0.0605220049458,20,9,2,20,0.00141854319862,1.41854319862e-05,0.00141854319862,0.0257961555319,0.0164305087648,0.00404745906054,0.00141854319862,1.41854319862e-05,0.00141854319862,0.178679069102,0.5906673811,0.178676882783
931,0.0772438672025,0.0913552048983,0.0916362718738,0.011605262663,0.195707420152,0.0403104358808,0.0181629032614,0.0951041468984,0.0544753884557,0.142215199812,0.17682027018,0.00536362872239,20,9,2,20,0.000225724387899,2.25724387899e-06,0.000225724387899,0.0171092096073,0.00323842063692,0.000537328947662,0.000225724387899,2.25724387899e-06,0.000225724387899,0.184368066076,0.609473752548,0.184365810146
932,0.121857023955,0.027956475094,0.107227392559,0.0544266695055,0.143720669876,0.0630790187114,0.0608728680658,0.1745224599,0.028561708248,0.0811055739493,0.0147035368484,0.121966603288,20,9,2,20,0.000334018452606,3.34018452606e-06,0.000334018452606,0.0291817202424,0.00337539135906,0.000382846760511,0.000334018452606,3.34018452606e-06,0.000334018452606,0.182013940278,0.601691629313,0.182011717867
933,0.144928132465,0.00461462459285,0.129976758667,0.0994200812201,0.0775955494605,0.0890993806355,0.112860054545,0.0474793528602,0.0307037165606,0.0924020818378,0.0918793112936,0.0790409558614,20,9,2,20,0.000381460744949,3.81460744949e-06,0.000381460744949,0.0219549593341,0.00305897290545,0.00193116929907,0.000381460744949,3.81460744949e-06,0.000381460744949,0.183107881254,0.605307904041,0.183105640972
934,0.0751686785417,0.00549921554734,0.0484099494528,0.0588770016488,0.0476545823857,0.177488811227,0.0820366402673,0.0627471619522,0.116580806842,0.148400051308,0.00210836111399,0.175028739713,20,9,2,20,0.000102835193356,1.02835193356e-06,0.000102835193356,0.00145568739195,0.00220974619162,0.000146177576311,0.000102835193356,1.02835193356e-06,0.000102835193356,0.187679081623,0.62041912456,0.187676785179
935,0.0176387799959,0.00262329058087,0.166184879638,0.0260016967567,0.127125312067,0.0928763903396,0.0534531574327,0.0713235911219,0.0251523104499,0.228599858911,0.0801670303441,0.108853702363,20,9,2,20,6.72517785175e-05,6.72517785175e-07,6.72517785175e-05,0.000839344768229,0.000652064356528,0.00043177529242,6.72517785175e-05,6.72517785175e-07,6.72517785175e-05,0.188061964117,0.621684836327,0.188059662989
936,0.0363859034075,0.0243155793557,0.141455110122,0.319671927424,0.00540902139032,0.06984289277,0.161098338222,0.0243473139535,0.0820761335637,0.0491230491653,0.0581592709895,0.0281154596363,20,9,2,20,0.000315430139497,3.15430139497e-06,0.000315430139497,0.109205041408,0.00555255772394,0.00427832621741,0.000315430139497,3.15430139497e-06,0.000315430139497,0.165801046504,0.548095968512,0.165799030475
937,0.00100488680754,0.0841383609521,0.0883290760006,0.131556176834,0.0042862778081,0.0544862836638,0.0396494701821,0.0129243487022,0.146038394996,0.0784034698624,0.0627418255282,0.296441428664,20,9,2,20,0.000128411138153,1.28411138153e-06,0.000128411138153,0.00829639485453,0.00193911351831,0.000403244610454,0.000128411138153,1.28411138153e-06,0.000128411138153,0.18637295408,0.616101405114,0.186370675047
938,0.0966166321827,0.0369428350323,0.0370320030544,0.0262253965656,0.123526914297,0.383130735396,0.0623289630779,0.0158487302803,0.0650624747751,0.0324765151689,0.0173349889219,0.103473811247,20,9,2,20,0.000501640509664,5.01640509664e-06,0.000501640509664,0.00500822698606,0.00390088811916,0.00208177463231,0.000501640509664,5.01640509664e-06,0.000501640509664,0.186023801028,0.614947189548,0.186021524838
939,0.173345152485,0.0539553995773,0.0446755467679,0.0979565652408,0.0474024311433,0.205263669223,0.0297294960178,0.0685859504082,0.106252432587,0.143548431851,0.00504245075164,0.0242424739474,20,9,2,20,0.000488922284042,4.88922284042e-06,0.000488922284042,0.0285017035375,0.00159919030089,0.00181682137677,0.000488922284042,4.88922284042e-06,0.000488922284042,0.182089245629,0.601940553992,0.182087017582
940,0.0126074147366,0.244342084886,0.0649559642622,0.00920010043287,0.00199583107813,0.1147024816,0.217794859755,0.0722681915279,0.071775143608,0.00856192652746,0.122065443049,0.059730558537,20,9,2,20,0.000203758861635,2.03758861635e-06,0.000203758861635,0.0372711644101,0.00769178112537,0.000907149188051,0.000203758861635,2.03758861635e-06,0.000203758861635,0.179675621595,0.59396174515,0.179673427908
941,0.0335276111275,0.0470175106081,0.04154063137,0.0589466221499,0.131785295803,0.150465936063,0.0106237032572,0.0869366092465,0.140285795327,0.144081331811,0.0420752305803,0.112713722657,20,9,2,20,0.000322295438656,3.22295438656e-06,0.000322295438656,0.00587228834086,0.00193499948988,0.0010586698794,0.000322295438656,3.22295438656e-06,0.000322295438656,0.186560182997,0.616720331386,0.186557900244
942,0.0269783696945,0.0810993109752,0.0274738819122,0.0697527652078,0.0944074220867,0.126257543062,0.00359519976424,0.0391764232725,0.150261428326,0.0488108739157,0.321775115398,0.0104116663855,20,9,2,20,0.00013373097543,1.3373097543e-06,0.00013373097543,0.00266083004388,0.000988657619729,0.000737918069154,0.00013373097543,1.3373097543e-06,0.00013373097543,0.187547149675,0.619982991225,0.187544854846
943,0.173258169326,0.0975250849141,0.00288640148071,0.0103986045042,0.0499324983222,0.0696908934727,0.017667940677,0.394457912166,0.106102397659,0.0324219574137,0.0415931833494,0.00406495671504,20,9,2,20,0.000704367915851,7.04367915851e-06,0.000704367915851,0.165099212063,0.0248367437948,0.00509883318204,0.000704367915851,7.04367915851e-06,0.000704367915851,0.15118245431,0.499770593189,0.15118060444
944,0.0546961803643,0.230701621737,0.00912216065745,0.023395148587,0.0334968833643,0.10691387663,0.0165309850837,0.0875399820592,0.190543838486,0.159280448083,0.0790166917237,0.00876218322476,20,9,2,20,7.71055823524e-05,7.71055823524e-07,7.71055823524e-05,0.000101148864338,0.00118792662083,9.7391894788e-05,7.71055823524e-05,7.71055823524e-07,7.71055823524e-05,0.188155656129,0.621994558196,0.188153353854
945,0.233515813023,0.0179570709818,0.0156552322856,0.0146618921181,0.00425583722614,0.111069214322,0.10755927893,0.196104984174,0.0181922882012,0.0407946050479,0.0346233387045,0.205610444986,20,9,2,20,0.000140088966798,1.40088966798e-06,0.000140088966798,0.00242210699715,0.00241785007321,0.000557212632698,0.000140088966798,1.40088966798e-06,0.000140088966798,0.187352016749,0.619337931594,0.187349724307
946,0.11189346444,0.0797257255928,0.0616989149219,0.00258181997167,0.0604517523156,0.372245181845,0.0392694764944,0.0803679533466,0.0835524937853,0.0382067916779,0.0602937711246,0.00971265448446,20,9,2,20,0.00103090048305,1.03090048305e-05,0.00103090048305,0.0372540397121,0.00367784237766,0.00422551124941,0.00103090048305,1.03090048305e-05,0.00103090048305,0.179183250903,0.592334077402,0.179181058414
947,0.0381243590376,0.0214022942571,0.121558713006,0.00863230468874,0.107371387956,0.0851442963771,0.0898961434147,0.147496366042,0.00836753188026,0.0338840721619,0.182973796817,0.155148734361,20,9,2,20,0.000117251579539,1.17251579539e-06,0.000117251579539,0.00432648797588,0.000820261478448,0.000708823706116,0.000117251579539,1.17251579539e-06,0.000117251579539,0.187282922205,0.619109522675,0.187280630609
948,0.0790672561786,0.013437805413,0.0178616520046,0.051120054958,0.0587192131383,0.102237332112,0.0816588173575,0.153429805292,0.0895695053198,0.192838899649,0.125921599462,0.0341380591157,20,9,2,20,7.34590789666e-05,7.34590789666e-07,7.34590789666e-05,0.000760716760425,0.00148138920621,8.87404954591e-05,7.34590789666e-05,7.34590789666e-07,7.34590789666e-05,0.187980426762,0.621415294648,0.187978126631
949,0.0977037824933,0.0201541886819,0.0235394133983,0.0250658923006,0.0106997981786,0.0282316074262,0.311588173976,0.252883602336,0.0422761663144,0.00317482327582,0.0734797472078,0.111202804411,20,9,2,20,0.000472471182113,4.72471182113e-06,0.000472471182113,0.0173010313309,0.0027189264813,0.0042133428785,0.000472471182113,4.72471182113e-06,0.000472471182113,0.183550033191,0.606769544696,0.18354778727
950,0.0266916253525,0.222141422596,0.0210796024697,0.0304075267979,0.00649836251802,0.058510010023,0.00109378840251,0.193670732493,0.0591567145467,0.116657378064,0.110228467327,0.153864369411,20,9,2,20,0.000112486895865,1.12486895865e-06,0.000112486895865,0.00645839537373,0.00185218581716,0.000178392483091,0.000112486895865,1.12486895865e-06,0.000112486895865,0.186790201075,0.617480712422,0.186787915508
951,0.135871614244,0.104362553232,0.0940039711089,0.0987421289518,0.0882691578159,0.0572273121943,0.105217459847,0.106110473041,0.0592704084591,0.0228136953818,0.0743093194645,0.0538019062599,20,9,2,20,0.000682879248212,6.82879248212e-06,0.000682879248212,0.0298126909984,0.0103337465528,0.00289655491201,0.000682879248212,6.82879248212e-06,0.000682879248212,0.179845449059,0.594523135432,0.179843248468
952,0.0871847951347,0.0683059857329,0.292781324685,0.0236788842004,0.00655839341011,0.118848760163,0.15233477711,0.0585905055261,0.00855842477596,0.079428215739,0.01730215595,0.0864277775735,20,9,2,20,0.000235085903895,2.35085903895e-06,0.000235085903895,0.00404234500748,0.00548812667901,0.00211369964978,0.000235085903895,2.35085903895e-06,0.000235085903895,0.186102634237,0.61520779201,0.186100357083
953,0.0161053702534,0.0729887848053,0.00942832179714,0.0942639446221,0.120606108441,0.149354695842,0.153583304949,0.0174265571505,0.214404906955,0.0205716383696,0.129224907758,0.00204145905689,20,9,2,20,0.000860464061036,8.60464061036e-06,0.000860464061036,0.0512363484625,0.00695396851087,0.00151681767479,0.000860464061036,8.60464061036e-06,0.000860464061036,0.176570117456,0.583695725428,0.176567956942
954,0.205162554309,0.16183377855,0.0548782172776,0.0593141081487,0.0568521010706,0.181373530435,0.0315026142981,0.0596296234546,0.0810500172571,0.037979352509,0.0389294869663,0.0314946157239,20,9,2,20,0.000953877963819,9.53877963819e-06,0.000953877963819,0.0123938162909,0.00546455646433,0.00674964577766,0.000953877963819,9.53877963819e-06,0.000953877963819,0.183114660105,0.605330312436,0.183112419512
955,0.000478729097051,0.136424626343,0.0170119929024,0.0155656572639,0.0174449894796,0.156364621821,0.12858526883,0.120509619572,0.0707145205625,0.0141561444398,0.273896656836,0.0488471728526,20,9,2,20,7.06091628788e-05,7.06091628788e-07,7.06091628788e-05,0.005856785645,0.00188195596393,0.000878261149756,7.06091628788e-05,7.06091628788e-07,7.06091628788e-05,0.18679780029,0.617505833487,0.18679551463
956,0.307072093526,0.116267214618,0.0678243318679,0.0190968506073,0.0413757914139,0.0253473601831,0.0337558894937,0.198657665968,0.0182882000227,0.00659000887014,0.0575133525981,0.108211240831,20,9,2,20,0.000760603087581,7.60603087581e-06,0.000760603087581,0.0120230075553,0.00526465179423,0.0014221470813,0.000760603087581,7.60603087581e-06,0.000760603087581,0.184372766725,0.609489291694,0.184370510738
957,0.159028409052,0.0649975390722,0.234268228252,0.0597357198246,0.0250382962072,0.0437659874462,0.123981460271,0.0271641126789,0.0254424857495,0.116326810207,0.0545985824646,0.0656523687748,20,9,2,20,0.000266104190639,2.66104190639e-06,0.000266104190639,0.0130754958805,0.00342329696011,0.00107490742072,0.000266104190639,2.66104190639e-06,0.000266104190639,0.184961562291,0.611435699502,0.184959299099
958,0.0743030358258,0.0142405212792,0.107768366684,0.0290082951868,0.0701970506163,0.193740105807,0.229765141742,0.043226114169,0.124141579376,0.0109748231496,0.0708793780644,0.0317555881,20,9,2,20,0.00122693154723,1.22693154723e-05,0.00122693154723,0.0172363269183,0.00756111967403,0.00600642085525,0.00122693154723,1.22693154723e-05,0.00122693154723,0.181740010251,0.600786071003,0.181737786478
959,0.0302917201688,0.184558658133,0.000507169686913,0.224040341592,0.0762521030571,0.0286562950784,0.232908410165,0.0244007291661,0.0720089289224,0.0427975493225,0.000171208585619,0.0834068861226,20,9,2,20,0.00116394649338,1.16394649338e-05,0.00116394649338,0.0275662183497,0.0108840904185,0.00318992325009,0.00116394649338,1.16394649338e-05,0.00116394649338,0.179745344147,0.594192214151,0.179743144781
960,0.154908280446,0.142111376599,0.0619391923654,0.0113704267367,0.076316030403,0.107432699262,0.24010492552,0.0355554942786,0.00711000980167,0.0730578149855,0.0428595239613,0.0472342256407,20,9,2,20,0.000517031417055,5.17031417055e-06,0.000517031417055,0.00393106204748,0.0019321946868,0.00304701411537,0.000517031417055,5.17031417055e-06,0.000517031417055,0.186404285242,0.616204973214,0.186402004397
961,0.0608322416431,0.047238397285,0.0185672733466,0.0694303846325,0.0371243058757,0.264984018553,0.0680186493677,0.00947766009323,0.0288118890136,0.298206517088,0.02453195671,0.0727767063912,20,9,2,20,9.08442389197e-05,9.08442389197e-07,9.08442389197e-05,0.00269741625282,0.0019125494164,0.00018865243331,9.08442389197e-05,9.08442389197e-07,9.08442389197e-05,0.187502140302,0.619834201731,0.187499846024
962,0.259178077122,0.139458240993,0.0162975885859,0.0204934441086,0.236986143791,0.0258020164888,0.0427233265354,0.0744491488487,0.0503956065652,0.0602185217479,0.0719296614212,0.00206822379259,20,9,2,20,0.000657335733088,6.57335733088e-06,0.000657335733088,0.0638877092728,0.00779554143163,0.0023122180111,0.000657335733088,6.57335733088e-06,0.000657335733088,0.174031022288,0.57530212618,0.17402889317
963,0.0819395242165,0.176768944648,0.0281602822054,0.0435684176076,0.19563437249,0.00765019353025,0.201842454558,0.0105464918043,0.0795897407917,0.12362437555,0.0503763190008,0.000298883597013,20,9,2,20,0.000477863687357,4.77863687357e-06,0.000477863687357,0.0522897240962,0.00788252704257,0.0015172487233,0.000477863687357,4.77863687357e-06,0.000477863687357,0.176486375632,0.58341889634,0.176484216143
964,0.0134313162794,0.20609308686,0.0708866194699,0.0997433001471,0.000403426952517,0.0770855224427,0.0776025310244,0.0747285543612,0.0311036362212,0.0694378914028,0.137232511992,0.142251602847,20,9,2,20,4.5841155602e-05,4.5841155602e-07,4.5841155602e-05,0.000110816805146,0.000599151201586,0.000157136793611,4.5841155602e-05,4.5841155602e-07,4.5841155602e-05,0.188277231347,0.622396454823,0.188274927584
965,0.00933020160268,0.25490684182,0.0546103826154,0.1845656782,0.0238493499124,0.00769077179911,0.0592238731827,0.0545620628391,0.153807378141,0.0423294489254,0.134620292585,0.0205037183768,20,9,2,20,0.000400605238223,4.00605238223e-06,0.000400605238223,0.00334627000391,0.00308449217544,0.000642511581241,0.000400605238223,4.00605238223e-06,0.000400605238223,0.186838726737,0.61764112587,0.186836440576
966,0.15934583429,0.0228080449753,0.0436452682119,0.107277952735,0.180183675747,0.146647489394,0.0150904255049,0.0476092567321,0.119814435439,0.0966012276022,0.0403707428918,0.0206056464782,20,9,2,20,0.000613701510001,6.13701510001e-06,0.000613701510001,0.0396982248206,0.00353817987911,0.00864157672653,0.000613701510001,6.13701510001e-06,0.000613701510001,0.178232685024,0.589191749312,0.178230504167
967,0.0260599939539,0.0571989263482,0.0722994103148,0.0758288945239,0.00949176166689,0.000124621161878,0.173744743468,0.268012452338,0.058134964126,0.0563773055206,0.093210395617,0.109516530961,20,9,2,20,0.000239725456735,2.39725456735e-06,0.000239725456735,0.00272390118586,0.00171607481189,0.000627910060352,0.000239725456735,2.39725456735e-06,0.000239725456735,0.187338586926,0.61929353603,0.187336294649
968,0.185568542619,0.0888598895108,0.00869278380581,0.0830034039693,0.0906137817015,0.0307615160187,0.328646723291,0.0251201141922,0.00954083849743,0.0830216962396,0.0576368235937,0.00853388656132,20,9,2,20,0.000611961409376,6.11961409376e-06,0.000611961409376,0.0302904598331,0.00718073668409,0.00277955905853,0.000611961409376,6.11961409376e-06,0.000611961409376,0.180425449396,0.596440468455,0.180423241708
969,0.105588736642,0.156255015297,0.00850487624868,0.0870685973789,0.0484427787958,0.0686146352103,0.0133715321668,0.263910397806,0.0346850176492,0.181177657158,0.00147548116633,0.0309052744802,20,9,2,20,0.000210729160067,2.10729160067e-06,0.000210729160067,0.000685654517583,0.00103865544929,0.00026050344796,0.000210729160067,2.10729160067e-06,0.000210729160067,0.187941639906,0.621287075206,0.18793934025
970,0.00486929945438,0.110094557577,0.0975333842665,0.0749599216673,0.023682144544,0.0612796607693,0.196974159922,0.107654238851,0.0814448896085,0.0124260488638,0.0175368713065,0.21154482317,20,9,2,20,0.000187991481922,1.87991481922e-06,0.000187991481922,0.00080377126508,0.000533471438403,0.000820221068675,0.000187991481922,1.87991481922e-06,0.000187991481922,0.187926327243,0.621236455453,0.187924027774
971,0.168119117964,0.177602190826,0.0267655948296,0.0420825319973,0.0144077318788,0.0514065460607,0.00388414864551,0.0975528776199,0.105732469824,0.130317102096,0.0844026314851,0.0977270567732,20,9,2,20,8.91840215569e-05,8.91840215569e-07,8.91840215569e-05,0.00221610390037,0.0019415675154,0.000495551627327,8.91840215569e-05,8.91840215569e-07,8.91840215569e-05,0.187530801592,0.619928948636,0.187528506962
972,0.0399662231304,0.0387108280653,0.056492300473,0.246943557464,0.0159159379229,0.0844575458262,0.000654170227287,0.13416139312,0.101070938488,0.0552988546978,0.190672508103,0.0356557424826,20,9,2,20,0.000144915377874,1.44915377874e-06,0.000144915377874,0.000687544920383,0.000729622313166,0.000619395552062,0.000144915377874,1.44915377874e-06,0.000144915377874,0.187981751622,0.621419674298,0.187979451475
973,0.0695437534092,0.0815055443645,0.067240432576,0.0622528661084,0.0300047287211,0.113603299575,0.00749679034018,0.270699886985,0.0513124021409,0.178988722342,0.0162721508673,0.0510794225712,20,9,2,20,0.000215389590063,2.15389590063e-06,0.000215389590063,0.00167265127848,0.00207099397732,0.000237460857584,0.000215389590063,2.15389590063e-06,0.000215389590063,0.187561856785,0.620031609175,0.187559561775
974,0.0419038069157,0.0743919313853,0.304969360733,0.0790073324542,0.0330761670725,0.0374171770683,0.140320754281,0.080761240196,0.00129933989532,0.0108698268919,0.0983482264663,0.097634836641,20,9,2,20,0.000227874504536,2.27874504536e-06,0.000227874504536,0.05096915678,0.00338002936402,0.00251111536786,0.000227874504536,2.27874504536e-06,0.000227874504536,0.177585964304,0.587053879982,0.177583798694
975,0.114717142626,0.00461284680213,0.00544610409967,0.0286819267426,0.0684107229912,0.0231361162093,0.283619897246,0.10415135414,0.0519035299623,0.213916306496,0.0790831921769,0.0223208605074,20,9,2,20,0.000138378645134,1.38378645134e-06,0.000138378645134,0.0158515364613,0.00170672556224,0.00160011012053,0.000138378645134,1.38378645134e-06,0.000138378645134,0.184759664589,0.610768277247,0.184757403867
976,0.0637482337149,0.0996380895132,0.0063766212834,0.0832443122465,0.181470640856,0.0583960148003,0.0573377305956,0.0991098220282,0.00957681245915,0.0898324146559,0.227422760846,0.0238465470014,20,9,2,20,0.000273298196214,2.73298196214e-06,0.000273298196214,0.00726659942599,0.00147991548421,0.00116972078768,0.000273298196214,2.73298196214e-06,0.000273298196214,0.186399355235,0.616188675868,0.18639707445
977,0.0475333924465,0.0661024338328,0.0294048650577,0.272062021068,0.0519432515502,0.0638128958242,0.181718044271,0.0742367936097,0.0393992346094,0.00494526767942,0.140275041782,0.0285667582683,20,9,2,20,0.000844944325398,8.44944325398e-06,0.000844944325398,0.0176344575245,0.00526540775581,0.002489662083,0.000844944325398,8.44944325398e-06,0.000844944325398,0.183049900789,0.605116234671,0.183047660988
978,0.162982248148,0.126834531966,0.0333858019313,0.0101503276034,0.0338860097923,0.00557360899506,0.0203906415643,0.0506679991609,0.0206566614736,0.210080700115,0.0449264398208,0.280465029429,20,9,2,20,5.70324477265e-05,5.70324477265e-07,5.70324477265e-05,0.00543917992303,0.000485389429227,0.000282692392955,5.70324477265e-05,5.70324477265e-07,5.70324477265e-05,0.187262263856,0.619041231446,0.187259972513
979,0.0045926063193,0.0686510754538,0.01512205733,0.0366808474635,0.0549697606016,0.00175244892882,0.0796441726774,0.0607810324052,0.183958424956,0.194606364639,0.17031117232,0.128930036905,20,9,2,20,3.5894608873e-05,3.5894608873e-07,3.5894608873e-05,0.00258758371065,0.000978924744256,2.17139286862e-05,3.5894608873e-05,3.5894608873e-07,3.5894608873e-05,0.187771903464,0.620725971459,0.187769606366
980,0.0278303265964,0.134096509523,0.0664633455918,0.0870712723739,0.0945124909952,0.119058357012,0.00634179146832,0.0543727236988,0.177514350019,0.0378526578589,0.00364180337622,0.191244371486,20,9,2,20,0.000169296584096,1.69296584096e-06,0.000169296584096,0.00127353243304,0.0017270120917,0.00123470302202,0.000169296584096,1.69296584096e-06,0.000169296584096,0.187548880716,0.619988713604,0.187546585865
981,0.0854215360329,0.0952911515316,0.124242855251,0.0384310425784,0.0330014385869,0.218951496698,0.104843719213,0.0334592289213,0.0765845262589,0.157122895471,0.0161684849199,0.0164816245377,20,9,2,20,0.000173596982013,1.73596982013e-06,0.000173596982013,0.00301782992793,0.00556867564446,0.0012120989305,0.000173596982013,1.73596982013e-06,0.000173596982013,0.186497066547,0.616511684517,0.186494784566
982,0.02538228748,0.077113375078,0.0359693851003,0.134056458286,0.0660319931626,0.0130192382452,0.0544571081939,0.146065478436,0.0380465836276,0.0876287483414,0.314997028744,0.00723231530496,20,9,2,20,8.35627232785e-05,8.35627232785e-07,8.35627232785e-05,0.0139175281779,0.00156128820878,0.000281063011341,8.35627232785e-05,8.35627232785e-07,8.35627232785e-05,0.185441727839,0.613023010069,0.185439460546
983,0.0156154685031,0.0490917939153,0.0572149800951,0.0362090836469,0.0363808476772,0.0108856894685,0.142444110513,0.0598459012887,0.205306426986,0.037102049708,0.290551065185,0.0593525830131,20,9,2,20,6.98415788439e-05,6.98415788439e-07,6.98415788439e-05,0.00330635107303,0.00158626022554,0.000332164343419,6.98415788439e-05,6.98415788439e-07,6.98415788439e-05,0.187437733201,0.619621288299,0.187435439711
984,0.040902677701,0.00923366642414,0.0652039368365,0.0861622566712,0.181390835971,0.0502573852856,0.000961632004602,0.00965614834811,0.0487164206125,0.244539898447,0.251752329095,0.011222812603,20,9,2,20,6.05389480012e-05,6.05389480012e-07,6.05389480012e-05,0.00223275347728,0.000726266481226,0.000510397618279,6.05389480012e-05,6.05389480012e-07,6.05389480012e-05,0.187775623334,0.620738266808,0.18777332571
985,0.177081765654,0.108866022594,0.114613177985,0.0341000945902,0.0210710766833,0.0262539482936,0.0139182156006,0.184718168579,0.00152018879382,0.0958564804907,0.0268077623712,0.195193098365,20,9,2,20,0.000136168709001,1.36168709001e-06,0.000136168709001,0.00613466511568,0.00143493478406,0.000314530407621,0.000136168709001,1.36168709001e-06,0.000136168709001,0.186886256141,0.617798245944,0.186883969398
986,0.106433342401,0.293046504628,0.0375025139819,0.0876474237555,0.00136612373124,0.0235428741549,0.0114390978789,0.0698021391765,0.28345486074,0.0109901477372,0.059949211095,0.0148257607189,20,9,2,20,0.00123511620061,1.23511620061e-05,0.00123511620061,0.101588922123,0.0150911213508,0.0169845938504,0.00123511620061,1.23511620061e-05,0.00123511620061,0.162347085075,0.536678011881,0.162345098594
987,0.00387809281089,0.00121299563807,0.178797059006,0.0107654730031,0.174069438271,0.0878749651707,0.0230186993635,0.176858523707,0.0798954784912,0.101341195225,0.0827933317143,0.0794947475988,20,9,2,20,0.0002842915168,2.842915168e-06,0.0002842915168,0.0104824484854,0.00312575031409,0.00050392941477,0.0002842915168,2.842915168e-06,0.0002842915168,0.185600203428,0.613546884039,0.185597932422
988,0.0269369483257,0.0718428369069,0.00985637218619,0.0269558244792,0.0183693735032,0.171407588392,0.120086032582,0.0519613498697,0.168244696717,0.155753746742,0.153955353332,0.0246298769641,20,9,2,20,0.000107966607195,1.07966607195e-06,0.000107966607195,0.0306775384253,0.00181060618065,0.00118932538122,0.000107966607195,1.07966607195e-06,0.000107966607195,0.18204621033,0.601798306274,0.182043987648
989,0.106235364276,0.00775263386414,0.145268236761,0.120287131519,0.0462914814155,0.0404672556253,0.00900164790837,0.172649275094,0.0151828881727,0.0994226884239,0.203058746771,0.0343826501693,20,9,2,20,0.000247633520989,2.47633520989e-06,0.000247633520989,0.0143425074394,0.00161275284258,0.000487083818282,0.000247633520989,2.47633520989e-06,0.000247633520989,0.185188789779,0.61218685556,0.185186523807
990,0.0600743338656,0.128844983324,0.0923381284917,0.0683012766024,0.0507062521864,0.117006571562,0.136862044964,0.0367122634639,0.0162201670179,0.00958457300342,0.0505135389085,0.23283586661,20,9,2,20,0.000182281078091,1.82281078091e-06,0.000182281078091,0.0100527515045,0.00262415433594,0.000842431096604,0.000182281078091,1.82281078091e-06,0.000182281078091,0.185789220355,0.614171725738,0.185786947036
991,0.0668042118762,0.266274255862,0.0523099020753,0.0698196927223,0.0201017025261,0.00463090709395,0.0909535445436,0.200159817682,0.0214978842673,0.132801718779,0.0545413319962,0.0201050305766,20,9,2,20,8.32356752614e-05,8.32356752614e-07,8.32356752614e-05,0.00014724608476,0.00295673382926,6.4798654715e-05,8.32356752614e-05,8.32356752614e-07,8.32356752614e-05,0.187815089735,0.620868732654,0.187812791628
992,0.0696889433385,0.0763673504342,0.075843278737,0.0564446700433,0.112603130378,0.00473571122265,0.0572276061832,0.009853154547,0.0153044639278,0.0977324120512,0.307290326784,0.116908952353,20,9,2,20,8.99704168903e-05,8.99704168903e-07,8.99704168903e-05,0.00132775369175,0.000364596506419,0.000299832247657,8.99704168903e-05,8.99704168903e-07,8.99704168903e-05,0.188031746432,0.621584944374,0.188029445673
993,0.390224366849,0.0189454741935,0.0988092735875,0.0681449375634,0.0183439844345,0.0875790816598,0.0881359232533,0.0181090682587,0.100693820047,0.0603411075639,0.0458798265503,0.00479313603902,20,9,2,20,0.000931717799617,9.31717799617e-06,0.000931717799617,0.0282367415396,0.011633937549,0.00472514936696,0.000931717799617,9.31717799617e-06,0.000931717799617,0.179364239914,0.592932380864,0.179362045211
994,0.0170800436232,0.126860783026,0.310872966057,0.0836721967294,0.0315472958584,0.263363785827,0.0480506798383,0.0403490894595,0.00236402595491,0.00812257931093,0.0375252069049,0.0301913474098,20,9,2,20,0.00127282502664,1.27282502664e-05,0.00127282502664,0.168861197738,0.0072189153943,0.00848662186503,0.00127282502664,1.27282502664e-05,0.00127282502664,0.152724699067,0.5048689515,0.152722857829
995,0.185748817459,0.0157698313158,0.177032117754,0.0756899036652,0.0523708616436,0.168271153971,0.0803860459829,0.000938603288515,0.0602335291487,0.0686588904246,0.043091471162,0.0718087741842,20,9,2,20,0.000190785138062,1.90785138062e-06,0.000190785138062,0.0747558896946,0.00258267441008,0.00114549063542,0.000190785138062,1.90785138062e-06,0.000190785138062,0.173538517395,0.573674066495,0.173536405115
996,0.155269155778,0.115525064827,0.130867642798,0.028876064737,0.042821869861,0.0135398362059,0.0734941265824,0.222327770327,0.050221919399,0.0010718583708,0.155775202443,0.0102094886703,20,9,2,20,0.000444122408876,4.44122408876e-06,0.000444122408876,0.0204408836867,0.00715904069703,0.00133635797076,0.000444122408876,4.44122408876e-06,0.000444122408876,0.182685115925,0.60391034905,0.182682880587
997,0.00594605586446,0.0963059278836,0.265796519724,0.0210968917802,0.0446480865758,0.0623912629841,0.0799478004282,0.00768972854785,0.149039080024,0.0457888272747,0.160518925764,0.0608308931495,20,9,2,20,0.000222933797565,2.22933797565e-06,0.000222933797565,0.00249940279279,0.00151926390047,0.00115402205174,0.000222933797565,2.22933797565e-06,0.000222933797565,0.187331556753,0.619270296073,0.187329264562
998,0.00867530124929,0.0342198856984,0.0869527790685,0.0526270584394,0.119919630826,0.065185719842,0.0395080220677,0.0905658881106,0.111128486639,0.173646981621,0.127658401659,0.089911844779,20,9,2,20,0.000202905309896,2.02905309896e-06,0.000202905309896,0.00337013577724,0.000321743900081,0.000947682880909,0.000202905309896,2.02905309896e-06,0.000202905309896,0.187447212926,0.61965262585,0.18744491932
999,0.0308208939747,0.00384789539769,0.2041733948,0.00394472363082,0.01863077562,0.0386336792675,0.039108315326,0.00222192403469,0.0818741005071,0.00151627988408,0.493990386078,0.0812376314792,20,9,2,20,1.94293301998e-05,1.94293301998e-07,1.94293301998e-05,0.00120815555224,0.000203636104111,0.000165516752918,1.94293301998e-05,1.94293301998e-07,1.94293301998e-05,0.188163386919,0.622020114214,0.18816108455
